33
9
16
4
5
8
16
6
9
11
11
24
6
10
13
5
6
4
7
9
5
6
6
8
5
17
5
12
3
4
6
5
12
7
11
13
7
10
6
5
4
3
4
3
16
4
3
3
3
3
5
11
6
7
7
3
3
6
3
6
4
3
5
8
6
9
5
7
7
3
3
4
5
6
6
4
4
3
6
5
6
5
5
6
5
5
6
3
3
7
3
4
4
5
5
8
3
3
3
4
3
7
5
4
4
6
6
3
5
5
3
3
6
10
6
7
3
5
6
5
5
7
5
5
3
3
4
3
6
4
7
5
5
6
4
4
4
4
5
4
4
4
3
3
3
7
4
3
4
5
4
5
4
4
5
4
3
6
6
5
7
5
6
6
3
5
6
4
4
4
3
3
6
4
3
3
3
5
5
3
3
5
4
6
3
6
5
6
4
3
6
6
3
3
4
3
4
4
5
4
3
3
3
4
6
5
4
5
3
5
5
4
4
5
5
4
3
4
3
3
6
3
3
4
5
5
5
3
3
3
3
3
3
3
3
5
4
6
3
7
4
5
4
5
3
4
4
4
3
7
3
3
3
4
5
4
3
3
3
3
3
3
3
6
5
3
5
4
4
4
4
6
4
3
3
4
4
5
4
6
6
3
3
3
3
3
3
4
4
4
4
4
5
7
6
6
10
22
5
1
3
6
17
7
4
13
1
6
19
20
11
18
8
14
7
7
14
13
8
4
13
9
17
11
4
7
12
7
7
5
10
15
7
19
12
8
16
6
8
7
3
8
7
12
13
6
13
7
13
2
4
9
14
10
7
2
8
4
23
21
6
11
10
11
7
23
13
27
17
14
16
8
13
12
12
16
13
10
19
14
16
10
12
15
15
21
10
11
20
8
8
9
17
20
15
10
8
8
9
16
9
21
14
17
9
8
11
6
10
11
12
6
12
15
6
9
21
10
14
10
16
18
14
17
14
7
5
9
5
17
5
27
11
7
18
23
19
21
16
27
7
10
22
14
8
14
19
13
7
20
18
12
21
11
14
16
8
17
11
15
10
16
14
4
14
9
14
23
1
2
10
11
19
12
9
4
2
16
15
12
2
15
13
5
18
15
9
12
12
9
9
10
11
4
10
8
8
15
17
15
15
9
21
14
7
11
11
14
10
14
9
3
16
14
10
16
13
16
17
15
12
6
9
8
8
10
5
3
12
12
15
14
12
6
4
7
20
17
18
8
14
12
10
12
12
38
7
25
12
9
9
10
10
4
11
9
5
13
17
8
2
10
12
2
10
7
11
8
4
13
9
17
10
7
15
11
9
16
10
1
10
12
3
9
5
12
8
12
15
15
16
4
11
8
12
17
8
14
16
11
24
10
7
14
6
9
6
3
8
6
19
4
9
3
5
7
21
15
14
9
17
14
10
9
8
9
9
17
14
13
15
18
15
9
13
20
10
6
10
12
3
7
9
15
16
14
13
6
14
12
3
10
12
20
11
5
10
10
12
5
12
6
18
4
8
13
11
8
4
16
7
11
6
17
8
12
17
8
11
10
9
21
9
20
2
17
6
1
9
22
15
12
11
10
1
7
2
8
10
12
10
4
12
6
14
10
13
17
10
10
4
19
9
3
7
26
12
3
9
5
11
7
8
14
8
7
4
9
10
16
7
13
8
13
10
5
4
6
10
6
13
18
5
10
15
10
2
7
3
1
7
