0.011265544172386958
0.03284135106149106
0.02617449394115579
0.04217594641117933
0.024753357971978036
0.060633050287583014
0.066217770588085
0.053156947682076294
0.044782345520528545
0.03718323513520576
0.02981617606895624
0.06878949358043157
0.045691842407863094
0.0442594240774399
0.044289844327606444
0.0333747812940025
0.03790521266064076
0.05079098993879245
0.06287640522831758
0.04586116207178355
0.04229390287963196
0.029437802358426603
0.04093868471995643
0.02032397239441374
0.05073573755281159
0.05409832043985081
0.04855801262750915
0.03164961935877833
0.04003173741498392
0.03883039939882441
0.03584216243737954
0.04176762390521515
0.023043297637274054
0.025976329276221198
0.03677608155530575
0.03123094349148614
0.03354975234384499
0.03465666980246225
0.03138175195520125
0.05804825531653059
0.029261288634698318
0.054350919256644495
0.0396109970998156
0.04943625996516456
0.029289070659822926
0.03139521740448697
0.03850944827730591
0.049715246347807676
0.04842884187382551
0.04189253058090688
0.06529718410318744
0.04761894345084737
0.05638988023428258
0.06410505302496318
0.053990125362329
0.04378326275958659
0.051593957362078745
0.035032325345600454
0.024886423110246737
0.029207847240843462
0.04010248248550205
0.03311733223140117
0.05230649092454173
0.039617202212650714
0.05848993178435832
0.03551447333923349
0.046414499010020926
0.03256270214716525
0.03852760007232909
0.04538015162388873
0.026098019620749025
0.03930777477090259
0.0361060608325195
0.04549354235775011
0.023415293981118846
0.03159776640246904
0.020951859073732728
0.03366368280341427
0.041151755361565366
0.03638400243788468
0.04981647299400573
0.026565832328622793
0.04051064731754358
0.06397742656656547
0.04597155094050012
0.06923280503822869
0.05273074182451455
0.03386507355392137
0.039504795524546985
0.05023511993546503
0.04314661216252239
0.03314692351048587
0.051901628768597725
0.042453344949190994
0.04220954602409271
0.04335156733678213
0.0317279779591294
0.03029365441335126
0.023809176134890135
0.057629654047335215
0.041009689030459526
0.02859959892368362
0.04392257553448343
0.03177933010816632
0.04419040953511972
0.04446555027498999
0.031419190469803286
0.0381754003908276
0.02910716920734476
0.04332302949346117
0.03612388848578366
0.03535341078896241
0.03685874064052677
0.0509761083087514
0.07317779929677014
0.053576223226390995
0.051304281847798665
0.06440643700939327
0.040927555637301896
0.061111330751524556
0.056213719401546645
0.05319551859013447
0.03892207304756518
0.0660272998495708
0.04195141689400255
0.04082133867559571
0.024975489683587863
0.0547385323517136
0.06691336497292592
0.02472143745947023
0.036405141489527275
0.06621381198135354
0.05708862073176715
0.03127042563402894
0.033352712208154826
0.04054818195776481
0.038491052429247906
0.050922099545973154
0.06597125609991068
0.0329957196357051
0.060960195297663805
0.031740222708445134
0.03333769660291151
0.031990054965046026
0.027532687483567197
0.041932578567930034
0.025233467469920872
0.04022947821237558
0.04099390813515264
0.040409576123567555
0.051866682524097825
0.05255539433180643
0.04303060014315394
0.04484925537062401
0.05067165138499258
0.03851948753958834
0.04851199645984488
0.04654398077289372
0.04764734655059509
0.04992186019210426
0.051536790299099335
0.04251934530116849
0.023125333235436855
0.04339321606733786
0.04643675753959774
0.0363282398434744
0.04059077635156172
0.039896867471652775
0.05768802895291381
0.044634207667718244
0.038937999426973645
0.029561103631499032
0.03513345478266495
0.05599391465199282
0.04016022626305783
0.02875119847203113
0.032593609852580356
0.036595579890199785
0.04283028298592479
0.029190085703036637
0.04131399593406573
0.03515025248483285
0.04038791365172132
0.04135279037340364
0.024500954087998746
0.054095825317979275
0.03984884624126526
0.04726032966717442
0.03564051550964996
0.053623238086471424
0.033265458933518455
0.03866248146213587
0.029029900482261378
0.04036456552541541
0.024407790416176585
0.020153844292783895
0.04463035216702305
0.03021049471268224
0.03642234179071958
0.03738814846421788
0.0280213752477957
0.031397757837145025
0.025889539719257247
0.029051858792726124
0.03682340880798515
0.02986177905320148
0.039756882964620106
0.04060454127696186
0.03516649781219334
0.022870650002908853
0.03744931755693288
0.032893231128731104
0.0314928500525922
0.054094469527597916
0.05373040162830433
0.060560347539954
0.0397026263685729
0.03034051138879068
0.05905384371639158
0.07654668760759308
0.04359829033024116
0.04936175686140483
0.04885870120021206
0.044794721295517904
0.04401152743004745
0.05211158543197472
0.034919364091799014
0.026379793281137685
0.03283645888338146
0.0398639232896112
0.04509608161331764
0.06150639552134213
0.045667735449932245
0.05037266328237968
0.04434231832189196
0.03738346486846059
0.031339850255904224
0.0581776550301364
0.05154232900436729
0.07164917986802084
0.04819951146342149
0.07111923932558617
0.054552644733209345
0.029900464323782357
0.06962102430356884
0.07148864986114054
0.04325449196976543
0.05310431815951973
0.02413299326259592
0.032614967140188106
0.03290637882785795
0.04445443320165041
0.025833033581056618
0.0385533724060554
0.03367822539212098
0.04608606638670745
0.05121855077345843
0.032831990248333526
0.022802193096528877
0.028421126470901847
0.022189466124467455
0.02970603798683022
0.02914775273594105
0.022514001418870243
0.03294500717560436
0.028031188232975415
0.023374543631908613
0.025803115739942907
0.02506398673232611
0.032347138820535574
0.03765882443583289
0.0225954237746398
0.028621422939698934
0.02452306936564474
0.02984687849655468
0.038152341367052714
0.04639171851511434
0.02313137368500963
0.029844130678242212
0.029978232902497876
0.04022687001883693
0.017569125337110903
0.03192537975585499
0.055757507604084953
0.03410913803825011
0.03929030773816873
0.036963159893915
0.02991566444162825
0.029120376646988983
0.03927557289002924
0.04062866576101163
0.027857468796636125
0.03382025573680016
0.02955547489752321
0.03139489912724678
0.07188829275004557
0.04076341026093378
0.06202350095305546
0.04742550363890277
0.048886808807188695
0.036572832157851835
0.03444218839919873
0.02941069950055969
0.03415949859416443
0.025035077743786074
0.0366962266687135
0.03974012819137198
0.03674324680808706
0.0408009658929786
0.04614201556325855
0.03657111520465983
0.05110404891330364
0.05473856470204526
0.04690637501982006
0.03943987205940835
0.03465634160663176
0.039518637138950034
0.038394874057468775
0.02576406896133535
0.03775109074509561
0.022849953778217268
0.028042484219880082
0.031808896608408764
0.03100977142067481
0.03222507489679681
0.03760596336251622
0.042467771117077766
0.025156342962009057
0.02461398324349617
0.040397254727270786
0.02835756369413045
0.026252006283118495
0.02950441176050344
0.04893550911829441
0.0611077478595981
0.050657755007895926
0.03658378305971104
0.05179694545163829
0.04139425894774937
0.05436948612227268
0.04668179053849587
0.057884054143942695
0.05036437372662345
0.03344672565719252
0.03414591273307832
0.05407733567424528
0.04896912898674025
0.05690203465729495
0.03501154384428086
0.021760758143961785
0.03466369059117372
0.0366207020348655
0.039665451637938005
0.0629174808486503
0.056112295832298896
0.05024413607894954
0.02695020673010793
0.030715186830495157
0.02611395032717193
0.03348948359145338
0.025797113070953417
0.03201648314930919
0.027142834290685293
0.04469892816249607
0.0459865598287467
0.02971442268450271
0.04179964762848244
0.04897430719405618
0.022790934792289774
0.037978310034530054
0.06415054607307402
0.042327802613530516
0.0456562716380662
0.04622547429601332
0.03084987988372077
0.058297881367572
0.03698232754397706
0.029422807320852385
0.03566515339673302
0.032427874444681114
0.04926851472351503
0.02033424346708984
0.06382503292579765
0.05347236076265256
0.04528021839466015
0.04494315688084651
0.040664175722538644
0.044329255231606184
0.0466936985553792
0.04224374839349998
0.021919572187633702
0.049664517112320755
0.05466801986550843
0.07264180207911014
0.03898197803009592
0.061523834225772074
0.028339814827278664
0.06604144576726946
0.043612372983477976
0.030064401825266866
0.04461490854187648
0.050840291696787235
0.03505741514286085
0.04051309602131415
0.041209054251129064
0.0453844130169065
0.042337326280250644
0.04225012515916374
0.056784066290553735
0.03374899546060594
0.03625695444842271
0.03533531052644084
0.050217265832248045
0.04510211474947708
0.03478559083625719
0.036809145035982566
0.015073188945055174
0.05858862847648051
0.026161936529240308
0.032394128699310576
0.0398085519127346
0.024942587395857703
0.029054885490954974
0.05564965580165683
0.039542119410038955
0.03247463564179753
0.0162204732646838
0.03600682232977523
0.051061898045463065
0.025270941833754428
0.03670184730459762
0.020271233357642547
0.018243665353699555
0.02219723933035116
0.026244777690047214
0.03459662047136974
0.030650826131697607
0.02407737383546013
0.024161136487083977
0.03298763766938155
0.03962131272783372
0.03143474758835764
0.02614908319855596
0.0300695541682214
0.0249856111503312
0.032555731036072975
0.03606334113134217
0.05532556307255452
0.04689453168921509
0.06041446209954849
0.03514770788954646
0.04146033387130401
0.033051746139576337
0.04307131737184082
0.06451981136688274
0.06274159711179565
0.0580348555240567
0.03937622610921415
0.0527391266248087
0.056579245523091556
0.05511719046041809
0.04363088160996178
0.03393067387954442
0.0381442809694979
0.016051539026246443
0.038372339433014754
0.02881732402705016
0.06813324340105158
0.03588654508191981
0.03433602268117989
0.020768974301961913
0.020303066465164558
0.04725110605907077
0.05631286475624871
0.026373313353126884
0.04600202643188658
0.0640981500562893
0.07509094482792994
0.05249274292395099
0.053273026573609474
0.05100253086636394
0.02387249773929202
0.04110220552002043
0.05415947732386746
0.045465626156400825
0.030946891650252963
0.04192446963223798
0.024968527972451915
0.039093327631877735
0.03747878079827308
0.025439275085780224
0.038746004569991215
0.02688095769209956
0.040434788902137205
0.07318866511191745
0.04311705847259997
0.07614718716448031
0.0585357927926487
0.055872062210150765
0.037679658190897726
0.030715778395883093
0.05070992270315538
0.05436287341216122
0.027582555966105357
0.029839842513808394
0.04940009500307157
0.05175842120726988
0.04199973055601405
0.035309702157402104
0.03588754243776272
0.04642141791630238
0.02996520764419964
0.01785621400085818
0.03174770846848633
0.03143384747193531
0.039108262464599565
0.035134174606962144
0.03360040688206023
0.048613461104101696
0.0312695110590972
0.028907160889071543
0.029239164294230444
0.02189507295920456
0.038708453692701275
0.04455856987615467
0.03920378445303465
0.035874949122786326
0.05500026908570543
0.03208584098425141
0.034369315250670995
0.04644158284589652
0.026300781366957637
0.02451794706151207
0.03209773546778647
0.03679236827794589
0.028033556745047098
0.03749961258193949
0.021077989620560168
0.03643603578447441
0.018543477322827625
0.017343131211584074
0.02244709789210578
0.014318273766996764
0.06193404047806958
0.029408810907433275
0.048363436284104847
0.03769337101036464
0.03540826495495084
0.04889462437282856
0.03424209496190475
0.03283416709466345
0.07311761956251124
0.02784017048083995
0.048111440437332585
0.04141699777690919
0.05516829054961193
0.05277690789590507
0.03510169770539754
0.029090795392280936
0.029680812846386514
0.029038036128881416
0.023236853090630737
0.029126489216218632
0.0427499523495511
0.037001420760289734
0.02041270826933282
0.02554915477184235
0.03653229578552533
0.03207105342308951
0.05044329917243719
0.07282762132103447
0.049086130385782085
0.044583917707229366
0.049856482089217884
0.05447353675970664
0.03760620381739631
0.03054952132399133
0.03141147274285308
0.033701326626336243
0.037341447009411215
0.05407585780518164
0.048806396545957066
0.043144099061053535
0.04117776123252094
0.04413798386126852
0.03407566209009086
0.04413707319743354
0.03972763474308533
0.033716802915645785
0.04097181716082407
0.04202686037964764
0.03777503725052299
0.043974425493916475
0.032996670008754926
0.04902014478904456
0.042372658368916266
0.04009328481279625
0.0497591109265429
0.027567659141747202
0.03481263953253507
0.04250138124296663
0.0335823876293643
0.039490743789684465
0.034826876066659976
0.03983007452054912
0.04380617163782413
0.039619451401552666
0.042771750732463545
0.046223184764790884
0.020025391886857646
0.021381761786885358
0.026246738498573487
0.014140528805136294
0.029637509280892718
0.0184711789072117
0.022566765029327703
0.028509764461788666
0.03395151033183212
0.02891303333922264
0.03559996387582438
0.0318657910432567
0.040718648301143585
0.040921176078054206
0.0715756501824949
0.019927411812765774
0.03238983887540972
0.022417648033041526
0.02778982940753684
0.02874837308826748
0.04247369066993118
0.025541652618810716
0.024259870057818177
0.02290066687287119
0.03169143639344863
0.05114514880504308
0.028214169518878184
0.04447909846988674
0.024859738844967828
0.05275156469465574
0.04051909313316222
0.032329710327731125
0.023398059182904066
0.026665338337749797
0.05106350102920872
0.042740261705328804
0.03900046909974285
0.025614223483577756
0.030960653809512816
0.03756858107329992
0.03909287322550749
0.030467785269855118
0.0380379098827161
0.036362522808725144
0.025638933992487112
0.036815963447335655
0.029514834789983166
0.02706630503247735
0.037849533186612036
0.03616700225602754
0.03005914580548745
0.030600409602038015
0.04055895891031832
0.024207540455174082
0.04848218718581082
0.029384800417265086
0.03274324298721798
0.03697871285787267
0.03704204915025624
0.024758994390367033
0.02448200206503188
0.017926263355448308
0.018425259672525614
0.025637207858457977
0.02465457495070646
0.029967550810093828
0.02230424936344343
0.02835725440133831
0.026656835696183673
0.03776447032016338
0.032031663716894664
0.02159038641093146
0.03305921419931587
0.04235635726064849
0.035110447195243755
0.018426616424919422
0.0339903379837565
0.026980533776945346
0.03460931037127151
0.03806584319045093
0.042742398715093215
0.03397089294068521
0.03752334518752962
0.025058203079480954
0.05524043290996191
0.03934378982050408
0.039085841967648645
0.04437658290204973
0.030430785981378206
0.02813863186306322
0.052284831463699936
0.03391552467897263
0.05657248774059703
0.04641861925875095
0.030380254665745524
0.025314151540634808
0.027873006242599665
0.051805486224380234
0.03274129685702749
0.031223528726346705
0.02685514487021068
0.05408667600287519
0.040387055270222474
0.03640708525222108
0.03426208339859824
0.024858274629637942
0.047675130071488256
0.05204884403748942
0.03337088060720007
0.03828158032004421
0.05915113463745189
0.06663515039986401
0.040448400736480095
0.04151735442224401
0.022243572220106873
0.059164386431999776
0.04466558825538957
0.025859501491231503
0.040710266842345764
0.054949041549057054
0.06967510397596288
0.04624945063052102
0.036713580457373045
0.023422455011756927
0.019701136033234222
0.042694769529052226
0.030473798372080686
0.026244013061183243
0.04333071346198907
0.02837174171821321
0.04351148199452647
0.026939261298567607
0.04917331404710284
0.030112097147575102
0.027578571111563328
0.024857416711226394
0.04590275214379852
0.03771007108850362
0.023318919245491967
0.03840394919397402
0.03390726899761563
0.031062784172632633
0.025065662122070134
0.03033407114313138
0.0480570989788886
0.026228733641646605
0.02951290320457308
0.04003132855886123
0.04261381497935167
0.04535743251878793
0.037334732030217165
0.03048661004805584
0.04405496576973162
0.059069044449703956
0.03353756944281442
0.029341425476316293
0.029332932663475697
0.05308071092390813
0.05740645473702379
0.042461703339555366
0.06237227514139531
0.06600365439855183
0.028050552595547083
0.02410165291703728
0.029972932682046583
0.0307236357603284
0.04060849758501563
0.035041080663451275
0.01750425249919445
0.03816217970795827
0.03242821768309978
0.03408895443946059
0.03908448577000372
0.0373059178076646
0.057879648725285934
0.02178194814264526
0.0402525787237565
0.04737530065343755
0.060113559464821255
0.04084461743504296
0.02239563991703146
0.07089055573814547
0.035738426299328004
0.02680787609805907
0.04007452847224147
0.02925365093506108
0.04088759842280302
0.03526821821753961
0.055718269855536996
0.03124032616844948
0.03803692867902634
0.038024759720641226
0.026387692253102498
0.0372182987126293
0.03174716346384353
0.028025013807113246
0.03763125268646855
0.023308563163591017
0.03707732453904049
0.04229516423233274
0.029017413274187602
0.03430381070846937
0.026806517310394868
0.018543381828567438
0.0338938482021974
0.03238728342093198
0.03712978244290697
0.05032077071888307
0.035900908094686865
0.029424413858034435
0.030861292648123505
0.036251063170616146
0.04488291408796651
0.02713891490707275
0.03314636240411605
0.0378919610851035
0.025895800418858146
0.032687084435216916
0.02270226261117309
0.02255677965096572
0.025374160850930406
0.027626633905546844
0.01892320354570605
0.020401903161878402
0.024328510393820266
0.04350722797339416
0.04344709042605734
0.04240625435989482
0.0449507456514906
0.047880887380665746
0.026615754797670595
0.053132940012617834
0.032111549319001495
0.04245309484448691
0.04274726733628716
0.026425940328060706
0.03413366039434785
0.03222496750906047
0.05630472500456778
0.034779486248182265
0.03759779817023864
0.03379401845001569
0.028438499014930837
0.02636995587785462
0.0314695107983726
0.02098587329610085
0.05273364070154839
0.054199603921061976
0.031723014568488
0.04333549733186408
0.02492880952944918
0.05733984979436196
0.0513775836489027
0.04209744513773961
0.058539016190571606
0.06185668708624119
0.0488421705533468
0.03815622190007153
0.053713971040689125
0.024924679159865414
0.05788585322632633
0.05026102527493355
0.030824482454181203
0.02733169626398381
0.026541694628975376
0.028637759054553583
0.025232509172384055
0.038322155538449615
0.04493309487519331
0.03367902943108516
0.026904570576184436
0.03344133528962506
0.037007762287220795
0.027687195002834838
0.03598457349832553
0.053543317709239
0.048830044124365694
0.0343471975894686
0.025708593865913683
0.017338727474772872
0.03376120875107012
0.03444940698610706
0.03445270637845451
0.02165969230057428
0.021961794287656336
0.027524584118363872
0.014452328255336593
0.028142510296924477
0.03453736660216731
0.027565081710154666
0.042126460198787144
0.024624556041119232
0.022212283468587606
0.024573842647100285
0.034212528349714194
0.03185677219821384
0.028187511333700718
0.036422443284498396
0.024061610944037453
0.032070193756235654
0.04211947137574524
0.02850722614238946
0.025888939877870706
0.024860939376191483
0.04144012768038575
0.031717390885057935
0.01954258067229951
0.027752164795921817
0.031135957891800896
0.034376868335489086
0.024084192639802382
0.03227429257801611
0.029447526193024934
0.05489496476002961
0.03771155470586352
0.03449505794876843
0.03291039272118321
0.05163352173501249
0.06205062706741973
0.02117273791312258
0.03896051893664275
0.03420353712459572
0.034759671007685095
0.043911251123715474
0.04903923174930963
0.022920006130016678
0.04599019360010349
0.04447559523078809
0.04175450805097284
0.03664727142488825
0.02855573332002599
0.024574131211731336
0.02289536666161957
0.04442776334769631
0.03461411513241384
0.03719076747043547
0.028868081968768805
0.048509795419327435
0.04956244790441497
0.06358820297516754
0.029917170080534013
0.03411173474366591
0.03541222107716173
0.046117825437269916
0.027778016122826522
0.03752931905484028
0.02743894958015875
0.034305836548792976
0.02595791943343111
0.0402564637860803
0.03627691490159796
0.03448475670253942
0.03736050806416449
0.03657399441132999
0.04486810364712204
0.03510514976467126
0.026983083923080377
0.032541880525332266
0.03136818258823562
0.024637566348070104
0.03005939402458073
0.041500082973411005
0.028243901830749284
0.03028736919596186
0.052247415830035775
0.030063721882768336
0.036895791723108494
0.01810643348217548
0.04197886045231575
0.02272598007524927
0.04608556976702264
0.06151870776495879
0.046444476256077935
0.03345114360137782
0.03112523911142093
0.03902357749121232
0.03396115246115767
0.030443360499715327
0.040712600955508854
0.026345174025363148
0.018099352130823736
0.022363082984140466
0.03502174988935453
0.035069551722256176
0.03946688558321888
0.03373587025467108
0.026173581549436425
0.033181639149786786
0.022408933798822347
0.033340064092432384
0.04734834546211721
0.033899315688152194
0.022150662397921007
0.035104598208425646
0.03795403491560551
0.039127777121630555
0.02940442161478441
0.02977304931384164
0.03307031832323354
0.037008677692670945
0.02969406963052098
0.04528717553612725
0.032017018823002515
0.022527401608313076
0.02788794721066785
0.019568279666976347
0.035817078018907406
0.04466995429682018
0.030289883033522258
0.01519682887593622
0.026158303892957327
0.025659558490404827
0.025723138360724963
0.02034761926832938
0.01348677457940018
0.03124098553587107
0.022521766983049026
0.023308466224475695
0.03357756938135936
0.02237188640037108
0.02087687869326574
0.02326457566505352
0.02787652389855425
0.015115924719021052
0.027529545104608436
0.03274580044257584
0.04218066505592345
0.03531112858133397
0.0360396078009242
0.03662631171200558
0.026664075886647372
0.013441810232752599
0.02550909850099246
0.028340664010491158
0.020602624530761993
0.029670419039845124
0.021668811365647262
0.035337169222894746
0.02937746550823426
0.028672418953877343
0.025263034245959024
0.03085072491247167
0.033290734954526065
0.027359265765407953
0.019284019659350615
0.024033185615155123
0.02920755744131136
0.034076717541086696
0.022979066427705138
0.01965909375666473
0.03861193978389339
0.03094863163731515
0.019083936427151352
0.03696026347815988
0.02803069788642445
0.032430464439474255
0.030609320102072016
0.019935583674536433
0.019730542339226283
0.030474331465677833
0.03795354619742408
0.030778528453741558
0.03978163284984665
0.032484653421098485
0.021863290310980717
0.04041222731698906
0.04723547869811419
0.014537282055307152
0.027912439208273354
0.020902635349533124
0.029967224473859213
0.04900724789597551
0.0343416414790007
0.026869426672872825
0.02408483293601234
0.042026282879734915
0.0438152681577914
0.041580912650066845
0.04500882625663537
0.035077853276675876
0.05645842640134069
0.032359184616011644
0.036630152936514
0.022204450090072107
0.04509871618928411
0.06168025075027581
0.03224229548107408
0.014543048515050429
0.023997827795217107
0.02540781410861195
0.025904319599033863
0.04848475573819454
0.028714044356957704
0.037270034464709265
0.04953255185355386
0.02364844164468817
0.027592203294892266
0.04233591236238527
0.027414497542358914
0.035197380255354245
0.03812997785863506
0.022745571879183673
0.03202089340310999
0.02518665944282563
0.02796930404926082
0.02772466292456273
0.041138220713440914
0.03634787351886118
0.023059673799393558
0.02165550527389685
0.030035684758115428
0.049863828074216285
0.04444725606328883
0.028994948341090412
0.025856113126750797
0.03295465625484508
0.016563813345831818
0.02155504061956535
0.025715985700640688
0.018956005070220442
0.016920233952283287
0.03266368462069154
0.028545883430233867
0.015942187351663986
0.02833773091239178
0.029033863921672887
0.026427180878974273
0.03222000064632041
0.02630783561771833
0.023623931016379676
0.022754509545728885
0.01580256708751951
0.03145838856860496
0.039305375083232584
0.031320731516503435
0.02505720578853297
0.03725333702880993
0.0411168673906537
0.028470116579888727
0.03370189356270985
0.03122850553609836
0.052345306123854116
0.040964561071888665
0.04941695736202302
0.04739220339227752
0.055500200501568384
0.02126735034167525
0.022126526596423217
0.03771727952072426
0.037666379133950434
0.03350834001222684
0.03477616567261097
0.048656948766704476
0.02233975834834611
0.02817374666639531
0.036988960209432806
0.025470977562708514
0.036754675319888234
0.03525693920439635
0.025681077058583204
0.03514394689424659
0.02623072769990696
0.04076507617783546
0.02960746230893488
0.020855776620505986
0.03686815051884212
0.021665450237647904
0.0386375982771316
0.03161321539940044
0.018056633714818218
0.023392590158263792
0.04365116599471316
0.029205375858264538
0.032628527136924206
0.025125808993056425
0.03459743800597959
0.02777742259237089
0.025571301495536467
0.03236223097270372
0.027658316024344255
0.029501421371700472
0.015575910749187861
0.030580541463849545
0.020426795530014016
0.021188368709165826
0.03246710267674384
0.023869165020540196
0.02290150918365186
0.03437710688492827
0.03753391675371753
0.03059737076758208
0.027205144235767077
0.014874488349743933
0.022330902513706632
0.03138546984407488
0.024299390499900816
0.020364498196070953
0.03770263768061358
0.042126395580937136
0.030838667628887602
0.026433561228525762
0.03677323996090392
0.01837387810395212
0.02740254546570446
0.02566283524435455
0.027404153450404922
0.02627476002216226
0.031886636645396614
0.025857368857832387
0.02115476864812167
0.019489474673981853
0.022461723439863048
0.03469662238086007
0.035283661807733395
0.04066655821203093
0.03802248756821415
0.022347440007501773
0.02817890196977554
0.029721092212994685
0.04255421017854756
0.02964704898151758
0.01731161390833071
0.03414913749520872
0.02768296412055621
0.011198967318462937
0.025288998051414473
0.0
0.027904918571821747
0.05460425923826823
0.006999669920789142
0.06504237535093167
0.05793563617552231
0.022226748305813858
0.022683645755257262
0.03159912924828791
0.006607268213868767
0.06650530227160918
0.062259155273742726
0.0
0.033309114291174106
0.04773279142099695
0.01921051816713958
0.050781013019600925
0.054805653820885196
0.02389534716738808
0.03660612826426746
0.041395320430642354
0.060609788820923535
0.0
0.030812146246447934
0.0
0.07558769453267923
0.0
0.0
0.0545805725614791
0.040238121483240234
0.03799652659313557
0.07497608767480471
0.05851304692337389
0.060904902902424174
0.038759658343294055
0.06066951481772992
0.05909812509733983
0.07304225110488284
0.061344262040878735
0.05395129386048113
0.05321191469954569
0.0508650626691182
