0.03897301242606863
0.03595032384912748
0.022591276714696715
0.02181645478807232
0.02262700908820649
0.022131017283441794
0.02261092525688018
0.012903126929374752
0.019126856277561693
0.013849740920410764
0.01703649614328019
0.0167183598889066
0.022329711474177158
0.01835360607959637
0.017083898419271815
0.022639013700247585
0.02179644777847997
0.025182671859038296
0.022633684127865702
0.031260890385059
0.031939239944287275
0.03281968004358464
0.02072520892439933
0.02181215767043698
0.03991568280067926
0.02943494477657467
0.020926749688377252
0.027860196821989622
0.024761939919208702
0.02750881218157898
0.020676498825951014
0.03107242601925731
0.026174520087397145
0.0243556423043113
0.026258967540738445
0.023006401310287562
0.017439435473661353
0.034574719122031125
0.025782698536141593
0.03384009932531141
0.02550002336382376
0.026415705975044508
0.017366604316330865
0.023393115685602917
0.02562173172924788
0.016867572413509918
0.028975107428139538
0.021396587865358314
0.023034809126624086
0.03525565994392434
0.021087175333989173
0.023874411353906284
0.02465862979428503
0.03183120318352908
0.014205633346590989
0.026675164851974128
0.017821930030162254
0.02159177908661077
0.014008233438321189
0.02404704349644667
0.02014127093494849
0.017135070830755265
0.013009770435245142
0.03653405943051251
0.020244855689285593
0.024988875674987858
0.035585750809663995
0.02368549077811143
0.020877448972515898
0.014314542135728801
0.021119370821002213
0.02276680900785176
0.013657242642479334
0.033069790823936115
0.026686779007825113
0.028991739978580133
0.01727440634484051
0.03167013070905087
0.027234636863090335
0.031178657212194916
0.02607657012491451
0.026583480703421845
0.03401759321013166
0.018253482072484315
0.031302807704723365
0.024071863133011646
0.03178298700145557
0.029951813558985386
0.02433440263118588
0.023506380133061774
0.020446615754202466
0.03262603461705598
0.02369498047604168
0.03449583832130764
0.025123026294308785
0.02266018587920234
0.022032916522185635
0.023559681449459365
0.02251383964795607
0.013049885012222187
0.024349838262951035
0.02536620007573338
0.016020225727966485
0.024116234642248793
0.013190181318777298
0.02452734519266201
0.024520565945865835
0.017011013390154043
0.02096879034470037
0.027998281344575392
0.022383659027960544
0.03368517990788123
0.020333931803760932
0.0248266447288619
0.022630291786974392
0.02075827247630206
0.01276950294429844
0.011110844364853637
0.012706726954211656
0.01671389704893802
0.012808264671253868
0.012772670663917145
0.022270261753345028
0.020553952151897713
0.015750080835771327
0.01656949691451123
0.008056882889113425
0.012706993586210759
0.017001479741481296
0.01268328089783289
0.012692118192887318
0.013636411434556342
0.015680494447720673
0.014905565640474733
0.01670955542122523
0.017109803232065506
0.019858792701534043
0.013028108117110207
0.011766404314827903
0.01966883008404421
0.01455293272204952
0.012715254521855063
0.011302635679897836
0.024623605813324713
0.017013654241226417
0.012964825066309213
0.019608577206480328
0.027053648647825647
0.017041112504763246
0.01372276692671706
0.020917265757263638
0.017635743521483706
0.011414768660051764
0.016798583336847233
0.012819626836309352
0.016996187248909722
0.013114075131535358
0.012846948457383357
0.01428837556591024
0.021957301132880525
0.012688634849081872
0.021730360355042413
0.024600593667746213
0.012747168966741914
0.012783841332800767
0.013156558913501912
0.022026232967986215
0.022280394942920067
0.01711405303486004
0.014484207412730559
0.021595935688920716
0.013871851667585715
0.015760872758987687
0.012940090897843237
0.02412395303254969
0.014317452485952184
0.026234485489904355
0.019389307791280244
0.026558693547687837
0.01806512350324508
0.02101837590014991
0.018015870262632346
0.03038317210873291
0.017610944567583525
0.018137972552631127
0.018687057775704032
0.012638635923231622
0.012822778430069952
0.012949303803679948
0.017736356078969496
0.01894857620274178
0.014624908830912402
0.026658117543772644
0.031075895526636022
0.019147045452905433
0.023360765298465695
0.022869173315850415
0.01946945011853446
0.01856105811616107
0.012706508673047593
0.01405208181824552
0.012418866376248318
0.011623108055964393
0.018278512903218507
0.013071763874176377
0.015195612195630665
0.012851213957746457
0.01669957544752261
0.02368547944995836
0.011753467246838272
0.013798228457396216
0.02506725664420951
0.013150511967220134
0.013591762701479633
0.014685443394310528
0.011704984274871965
0.014103660821061773
0.014768260151043117
0.017934863689473605
0.017192221186120727
0.025825542542219658
0.011674542780126359
0.013453674826356204
0.014063569694871214
0.023090882780006504
0.020356936099889887
0.013305398069121297
0.014460872073460852
0.022205445517372514
0.013102722185357768
0.01327432988055438
0.013114909640896929
0.016977283500681173
0.022289327199357084
0.01969900545236988
0.016794821636817094
0.022802587860567273
0.012913411688800265
0.018032328354621596
0.01939901170646335
0.022272520601853835
0.016703953699274344
0.019233376785226814
0.016625700962666176
0.013762279866036455
0.019275396983590227
0.022042062053322074
0.02232042702458897
0.0138622490193692
0.02222745651486015
0.014014273201811046
0.016744629099729295
0.020258662292680838
0.022548960294434855
0.016926879408207588
0.017512729764374218
0.014343662614112879
0.03167921312722269
0.022002256097046053
0.016173016221085672
0.036537619254345406
0.017151323752993528
0.018256783920641628
0.01694155958360976
0.027955752708521357
0.024869530383025345
0.02456839003760719
0.016675052018284686
0.013664617546331087
0.01704708822174625
0.023103304183601077
0.017363740528037134
0.023227985428411545
0.02351804745126611
0.017798439682174448
0.016425325099522426
0.014239298257814552
0.02232598945175772
0.01277224820547352
0.015013388698832175
0.020095215939786953
0.017180785826760057
0.01423025187321009
0.018365863711652684
0.022271123540584997
0.013980266617182208
0.021549681614527375
0.016136681697989316
0.02311232247362866
0.014836813937382246
0.020932368538010976
0.02443776091648149
0.014129175745598122
0.017508888330288182
0.01521027374014025
0.022413833682795103
0.011459054359435625
0.018781160681799133
0.018329663052003946
0.023608069052762488
0.017814577593645048
0.015144123177407709
0.017846091528399204
0.01721385520808755
0.012820779066616758
0.013125099995386252
0.01831763798228364
0.01285211396792159
0.013530145642642237
0.021254235517656307
0.0228474026502163
0.02104035055421945
0.016749465569832356
0.026001622964837386
0.013332443949503994
0.02508282470636031
0.01723159199493765
0.013254542202580976
0.021837827418495603
0.021225065340771006
0.022218905060331064
0.025690843176606738
0.014062617626174684
0.014239019194628456
0.019114378053575302
0.017791620736864966
0.02525807546222712
0.026949125573198136
0.016961496786545675
0.027149718681272292
0.013219030053770921
0.01759082792785784
0.013156879556591857
0.016047123819395187
0.0179059954495694
0.02457323458724963
0.032421717862933755
0.021754495484841766
0.02005061057050382
0.01421293968341682
0.020850919117391526
0.029301584203000997
0.02167292326383314
0.015937632821721066
0.020455514813994675
0.036240112664261526
0.025666879963399503
0.018258386470331928
0.020293010503126454
0.018246784461583905
0.018676874981645025
0.019025641556199773
0.03330911214606563
0.024800330376943635
0.029944826552259392
0.02639618942768821
0.013841055979313855
0.01451853162459777
0.013989949067654132
0.01389293268094632
0.013581168298787784
0.01763016513324887
0.017884017300247617
0.01686473175423789
0.028983666393836007
0.018215997046372
0.021769467048099303
0.030192135711867858
0.02458426229123025
0.01359001235384934
0.018893446139617413
0.013430907014130614
0.015199145039405622
0.02013520571039689
0.016003447302944646
0.01581415943893316
0.01582015586789354
0.016711433829118272
0.023259597996388538
0.02122313020744344
0.015207957515867968
0.01744843599855172
0.017118422341301055
0.015376478419832243
0.017662107918900515
0.01995757517560684
0.02047746822767957
0.020885073924082828
0.02175402160613072
0.024220532874402286
0.030422439360883957
0.02092298088705333
0.017996451471208364
0.020881116596580762
0.02029063165601305
0.01057483875369579
0.021142540794332074
0.024396700403037156
0.036058366030679655
0.016906847519939955
0.01732664718480367
0.01613295521208069
0.013114853995883176
0.026462775131094816
0.0160637099388654
0.014639164798580639
0.014348848614281038
0.027881176279386462
0.017282594885028164
0.015210523100801001
0.013311118134852556
0.018688097062368327
0.012931573187787761
0.013011224137472773
0.015413965712950091
0.020448951330462532
0.012808384671334966
0.030219649992678604
0.030409798574676582
0.021483719610730798
0.01768440730249742
0.013287823586527123
0.017423203318818522
0.020914576688341055
0.024368566604564823
0.018394424885682034
0.012317318340901615
0.01750258004552472
0.01747660700606514
0.034629631716957585
0.030224995722096106
0.019390664948774304
0.03241922170679802
0.026323174616200897
0.027811668083817707
0.023971212752993087
0.020336335776251418
0.017456655617843788
0.025877575517290273
0.021516872085877128
0.017914552138205943
0.030827460632729783
0.012995709569785763
0.022559223255442306
0.01931020253810149
0.019807806423541633
0.019844199876034294
0.027450596100165172
0.03686883087921836
0.027895846864059246
0.02582800984636839
0.02382656043557269
0.01754627491968011
0.022678011041747125
0.03852338184367349
0.022429903018488868
0.01635344253510962
0.017778979106342314
0.02191979774172425
0.012619619186937981
0.023754027136679373
0.0248220724334462
0.015824386534888345
0.022461479222994192
0.01789212337908778
0.022730297611750487
0.019591676990044056
0.018320185740914312
0.02801481665904668
0.0177520793825329
0.01198569257255293
0.018123838372655077
0.029899795599551044
0.020325289228515314
0.0203203530201717
0.01179134787147977
0.012791515997940033
0.019179883846508414
0.02201976539970522
0.012828282676310733
0.014965803027235089
0.024128793849515145
0.01823200049060989
0.028248533712856648
0.01325589819920846
0.018552218955165456
0.023312104019170478
0.013215057796148871
0.02420179075689235
0.018547582700718688
0.015623322933618372
0.014080171654227069
0.012265019148465381
0.018591078344615295
0.013750279167307445
0.02006161735398218
0.01631125263039291
0.017437621250032946
0.022392464488639883
0.012530985957883264
0.018807482294065793
0.012848271038029461
0.025991918888369846
0.017575033332116324
0.012968128422319793
0.017150489790746532
0.01143215213225403
0.01885191532458705
0.012614031930651675
0.020449568309790805
0.025542616744413615
0.018919333806320986
0.017758163940143137
0.020406312210492522
0.02355454797474985
0.01807015445294049
0.015323826077815076
0.018826776612944768
0.012367612557940734
0.018340741662004858
0.024682976472743322
0.01583418282945688
0.017137808667119617
0.020473457272869193
0.024102005466519267
0.021383820955947028
0.019754570801603238
0.018527037327394847
0.018216670940981512
0.013162969691693609
0.012875500293332273
0.017989924629491904
0.024588106605352437
0.017770908931577022
0.023413543235753526
0.017196065773123787
0.028330526990905033
0.016611403449437984
0.013125120995209493
0.016892586849062672
0.013509966931985196
0.024520769221743434
0.01662541724957602
0.020549122250071897
0.023293704876049665
0.01720596401067955
0.01921540696565192
0.0248298283583811
0.01717077542594976
0.028163792833120795
0.018714157123285016
0.012879606209473616
0.024285994437809894
0.017189689360776708
0.02571939394579072
0.01744107372268115
0.013921636891464235
0.01227264249114899
0.011185704761686907
0.012556251044532889
0.015668483272560253
0.012247788271992452
0.01759061986463876
0.01925126148247605
0.016869400821605957
0.02100559805575647
0.012350899355467567
0.021331726457087346
0.012830026820791186
0.012879343211342523
0.010753583428908689
0.012216995438959467
0.012241324855677254
0.01226096335711204
0.012342382617090857
0.012917040880600777
0.010806535331687012
0.010814845367017491
0.016616159160588218
0.013182674593740286
0.022100682225046783
0.016875452260606265
0.021962859089267043
0.012261013054030701
0.012425436786420522
0.021936710863299434
0.016892841282626175
0.01687900688784745
0.023687578132969955
0.021965353971197466
0.016850710300310795
0.012644735935909823
0.012522112636807284
0.016796707454513293
0.024668562234552698
0.012850178286700924
0.012862259132827323
0.013759576260735604
0.012650925469001182
0.015671816289521138
0.012847054331635667
0.018682107578174897
0.023906068943105218
0.012439518126608576
0.02446088723406769
0.02318906765724965
0.013720960908405804
0.016878104724168543
0.024410279663494204
0.012764671602164717
0.013928158234759536
0.01685279711857949
0.024928853908562375
0.02182348522303436
0.022008929632310596
0.01684562014174601
0.017536314813045017
0.024407045023926988
0.014527225926686793
0.013050342583838737
0.014604665714250347
0.020139663033923873
0.012436187277457687
0.01105883435595722
0.015552098578246609
0.020628533361342023
0.022631637667212722
0.017040800260551155
0.011274887322053381
0.017340081330707604
0.013413163762181962
0.024743714556226176
0.017393664904211584
0.013559576447826257
0.01761591568901548
0.013475285575205222
0.011946329451969774
0.025901571746903697
0.018146973585490774
0.01368288894528083
0.024200449282606305
0.022126888740173104
0.022327900272976903
0.015862658159179997
0.025814194459637892
0.01321822631671892
0.012429366914243425
0.017290529922474925
0.019407893197743012
0.017306852881638125
0.021196922737038933
0.02637472392196739
0.0249166043042698
0.02862986679685314
0.023079033260515965
0.017967932303133802
0.02349377684426949
0.013968772064881904
0.01320947327572988
0.013287275216035314
0.028057098128914815
0.012183406597294524
0.02003165491492466
0.028723358070610418
0.020979162047412642
0.018138118070103057
0.013094455590906474
0.012518619350569157
0.01363560358033335
0.011303620406865214
0.01763206260956948
0.015097684266138348
0.013023681344253836
0.019087818094926406
0.011348876200559443
0.014784068194852326
0.016005404950798836
0.02460567700369165
0.016952682015952975
0.02227087317770905
0.020557382689719992
0.01362573076251325
0.017681119271540598
0.028152309506109384
0.017010735853571955
0.01246521423803059
0.0166868299509673
0.017154553449813273
0.017808628476106775
0.022417178012755272
0.01382101368287514
0.014571990145910063
0.0226389059956527
0.024398473755203116
0.022890805605696327
0.019401269576692626
0.02754073931620816
0.014888772739467114
0.017017835435800953
0.013881941690956339
0.013856483556644386
0.012083676732476801
0.023557206400059396
0.010188984700264372
0.015219314936126422
0.017368034024465743
0.013986073557491215
0.014106062735181996
0.017917397462033954
0.025872031800769007
0.030266112473358683
0.013133230989448932
0.015522985644279274
0.030516598748944575
0.01791899906000613
0.014145966280180326
0.013950932402133165
0.01890099973050373
0.014537407330362838
0.017153908928287977
0.021977016731121582
0.02006544243981568
0.013893275579694414
0.012482801194710548
0.013545361604623158
0.012431898835924722
0.017998024839162505
0.01399793153370249
0.017178671769377218
0.017101373859430072
0.027572655143074016
0.015552007282019841
0.009337843820830534
0.01253640807142672
0.01276157660061379
0.020761516271096327
0.0190037116732495
0.024225013738386127
0.028275450432604352
0.013617483359545532
0.019492262935984522
0.02210243240856085
0.017015360440808314
0.018764275347385548
0.016637709730552622
0.013642387137979179
0.010890467910631738
0.016665830410303634
0.026079977630580894
0.01307876170659047
0.01389341116548146
0.024035773051323355
0.01242204432540082
0.017656374778910102
0.017669961608617047
0.01734453490065386
0.022157475067683105
0.02652979612211995
0.019195962567034788
0.017971347271634824
0.011450300032531896
0.022097467730503105
0.014009922369719121
0.01709680146483913
0.021365836322727937
0.017448839072674756
0.017885626487500646
0.018043628805636636
0.016358004497875042
0.014280519986356367
0.02356145105355111
0.017711483396686763
0.017009054540449944
0.01585044855336298
0.0124326113910152
0.012695843685588128
0.012333846484820218
0.01645701247357962
0.012675434908164267
0.01268102373627616
0.012591275047958192
0.012610872760351608
0.013668040666703683
0.016873584327655452
0.015764956939760384
0.013021097675183405
0.017047478598388115
0.01149612489330653
0.013433144353509447
0.013273084381559531
0.017080649342457725
0.01362836536648849
0.012764014041219377
0.012773941339043806
0.01266661813148592
0.012697260973226609
0.017579205393873767
0.012917301623103195
0.013756145555916281
0.014086619894868355
0.012683306635977169
0.011467602901762
0.012747257508272861
0.014013758984020672
0.019824129485301493
0.017634100675059265
0.012672937676841543
0.012822538030965435
0.010556348432209962
0.011676574787915188
0.015552640458956057
0.015774410941854503
0.01629442087343476
0.013414152544400575
0.024714889247779308
0.017230822994382583
0.01643184752005999
0.022455249033146513
0.01569361031913592
0.01782026474892001
0.02305191357917073
0.014366698503445012
0.013677416174929433
0.013502095253042194
0.01317645433676637
0.012765521467348483
0.015959753734002297
0.01597939637079585
0.012790582638106106
0.011140510448920237
0.012908075224447682
0.02264223931681673
0.012865015865603237
0.01718379567499567
0.024783725357244636
0.01746894585600395
0.017042617723665558
0.013681409856687544
0.01801036590522247
0.017048563943042234
0.024843565868360323
0.011595250746534145
0.0158642851497475
0.02178216033546715
0.019646906310218405
0.015437091126245263
0.01269468006686267
0.012767839724174982
0.016828764591838005
0.013201701304503639
0.012763723024433156
0.017357163661583717
0.01959203193647872
0.012787981175915019
0.012772357430534644
0.015804336495484454
0.01493545268443144
0.0174537152686756
0.022971839216745327
0.013319486680966495
0.013123867261172985
0.01261793378489523
0.0133748141586258
0.01846680414798401
0.014802783885134578
0.012801298970547194
0.012788044112459996
0.013075430330713091
0.01308578319738218
0.013045947485713678
0.008640641295644635
0.014680491070209512
0.01281920899362444
0.014631468840975811
0.013889261219453686
0.012666088195946659
0.013183174406964595
0.013607861588067299
0.013215380996735911
0.01706105933639518
0.013684220145846826
0.017573895125693982
0.018702100090965706
0.01722051809905841
0.01698989859445899
0.026533200488444694
0.014675015237546468
0.013582401199100735
0.013403789870364625
0.01310290312774238
0.018014690494149582
0.013061562234281099
0.014523530695908676
0.013621234978273231
0.0146047763762408
0.015285158663716953
0.015467726982333318
0.014096343333467815
0.011211521150138386
0.012839955217990367
0.0183376120340439
0.013509085937805025
0.02091107408318609
0.013950303580925997
0.021181469645895755
0.0225304560903679
0.012862104670525497
0.013092818739887789
0.019899470600684394
0.024990564962801533
0.01963020133060278
0.009089731459179682
0.013602151190161001
0.012108330172057367
0.023150167758355523
0.02883786169931625
0.01831638629315295
0.012751169819972534
0.017749296846987995
0.022936048603017952
0.01167344862015937
0.014208164573777849
0.01283158957417199
0.015209653823951579
0.01514008121882118
0.011955385588198393
0.0141621745387729
0.01286154733217497
0.02368368384035727
0.02558183219708866
0.028173554718427373
0.016207957239424083
0.01316910772308517
0.024453697498742398
0.024133863302191878
0.020126835494627005
0.013953016190256328
0.013416264944876086
0.01352122523660077
0.017744508423390468
0.017172821586739932
0.013730956308243385
0.013998423912712474
0.013886817252281265
0.013411206296891364
0.015103829448189594
0.014569855639679913
0.015107284134372649
0.015094627686697025
0.017778650152640997
0.017605760742509826
0.021950748504777663
0.02573527724902485
0.021412577833906984
0.011239015904567719
0.012228695139257032
0.013181266501459532
0.022347901362916978
0.023220330150943155
0.020435704501328058
0.013613179862407218
0.01698946956365627
0.0157336828131758
0.014314322734630363
0.01383769213340468
0.015780892805054545
0.014596370888378818
0.014584595922307543
0.01268579467133642
0.01672343413272304
0.017599453431922377
0.016413882515487373
0.014887804640375925
0.012743649971173028
0.02389609855441848
0.016731287942822096
0.013585089596073024
0.023469425569356328
0.02663246353606825
0.015764199863403595
0.016482608413449288
0.01817500691829306
0.015946772233485607
0.013943585797379766
0.016102463897258088
0.01534787104536009
0.016429241607953123
0.02355608103653918
0.014201828368206644
0.012601340781837493
0.013579520057792945
0.013735317178718507
0.01409377735818978
0.022636926428404574
0.015989612451004744
0.0159688850024735
0.01387598222199059
0.024351440178149636
0.03910640299612782
0.02109775426710154
0.01950805326870014
0.01892909433874214
0.02105727814889088
0.018840681525919164
0.017490274692620874
0.0305933600723091
0.016388865526631182
0.014609375429005365
0.016728204487780538
0.021006851560919353
0.019502664172171457
0.016135098718838642
0.012862392718481438
0.013099573986393657
0.019926689191396667
0.023936125357409566
0.023657172943633908
0.01867800382828969
0.012973232124648045
0.015619382961664138
0.012438921855030515
0.012530689092339958
0.012259042519435766
0.012249879007157571
0.0153877696488333
0.012377004710752955
0.017138721473537656
0.01260482093050117
0.012734427903609248
0.012593789976898227
0.013728488444593383
0.012387006153627282
0.013219829760796654
0.012350697902952689
0.012890668698455204
0.012764637114918525
0.025431864614735216
0.013866563696532741
0.015524288379423367
0.01693464091263824
0.01700108821700832
0.024914456463667807
0.012400884583143423
0.015686494900072494
0.010791813581368069
0.01248049775983851
0.010816422158574462
0.012315821991784898
0.016590922327812264
0.013256763577719696
0.012370688928089468
0.012232811637377335
0.012634588037957114
0.013030633825293713
0.011650471001744947
0.01393316869918686
0.011475536855633439
0.016963679469973528
0.014279336348568705
0.012296549606382401
0.014082170673408312
0.017745417818693394
0.015028482146411226
0.014843994854822615
0.018693241201701762
0.012764397474573082
0.013920179336129289
0.013299067807765944
0.009397431185642631
0.01757929321140361
0.0176931910801868
0.014800928775755886
0.012651733803009883
0.011371214609156756
0.011472737911566732
0.018102703005659436
0.013461457280365699
0.020264533265782352
0.019179671504111453
0.017625108843194254
0.011071711162349734
0.022256980989118883
0.014460227729880365
0.012501499078999395
0.02213156080973499
0.01415257932910701
0.019890088254650298
0.011345060362333919
0.017290188261699205
0.012319506062541641
0.020086723193857826
0.012985401486969087
0.0180290136069614
0.0140655793228541
0.01290897577054213
0.02362618565829025
0.022788252194113106
0.025645984880076942
0.012825530391079358
0.017855930936246354
0.024174811651282834
0.01349344285199294
0.012929855898483743
0.02150695018267356
0.01704000764561151
0.013714456576456034
0.01252140517939846
0.017527682579297942
0.018646172835195953
0.012933538982084963
0.0199337892318075
0.012617146962456386
0.01647294725319062
0.017849784139030926
0.016908308549633225
0.017084068115682065
0.012819517517398548
0.013013623242160051
0.013062631983384245
0.011682639324852945
0.0164940542141138
0.016924667968382705
0.016915368352643092
0.012405998983466754
0.016661621799456544
0.016979150129497043
0.02157674687623544
0.015907365383604575
0.012549147356117688
0.015475061022678559
0.013057895117982145
0.01737349185226231
0.012409396290311622
0.011106072827253389
0.017511818588345163
0.010894123473345611
0.012471782788715058
0.012506134781511562
0.012873434148578111
0.012470317232889019
0.02209539922415977
0.016072015519996246
0.012951644331469584
0.01668724077514013
0.012842795304069229
0.016738866754950864
0.022020039014213857
0.012529004549444476
0.022597537725159312
0.01332436193594275
0.012691953745932428
0.01573766775923296
0.018036593724980336
0.01699623198358974
0.02468104455346247
0.015217497478971378
0.017075302168500582
0.019747320409994856
0.016999948345803928
0.024334906253671906
0.013751962385217783
0.013772864227893856
0.017955814728452216
0.021504192984662315
0.013894237642514583
0.012094772445151584
0.013481365591891076
0.024386851414007635
0.02000730399829021
0.02074498689225909
0.012238152528568235
0.018634490105178553
0.00995978476451949
0.007811283611972349
0.012448781488786581
0.01247021623709869
0.012604713452602665
0.01666397902850638
0.015903930852543966
0.012463289208266398
0.012894977830363087
0.011147113853594591
0.01271481344102224
0.011259044245997689
0.012597373985610397
0.017147942488185745
0.013958177089831991
0.013854421829068814
0.018479813578334607
0.013737829961905281
0.013732511613766143
0.019590948049545764
0.012891865044799864
0.013933497821995633
0.022404946234258136
0.012666480128626475
0.020940497146990665
0.020996510105089503
0.014027770403975999
0.019125295319615303
0.0142995513211158
0.012538065387293377
0.014044463849740486
0.011879691561363209
0.01292343261300055
0.013575979378292437
0.012725555556525749
0.012624220632533741
0.012709737601102937
0.014356728862279185
0.013059760024169238
0.01269613371157625
0.019244153688847913
0.017207240779683417
0.015334116158911852
0.013014962141917852
0.012939527421389417
0.012756065028056257
0.012819298173717042
0.012825774592159668
0.01570847401484309
0.013338238385267449
0.012861664403265308
0.013255184013140763
0.013054768371067364
0.01279811142751576
0.012778572177238325
0.012774013308275508
0.018675802440926093
0.012805637972740345
0.013194794402844368
0.019493800558126186
0.012833979693679417
0.012823108108237863
0.01364040702390419
0.01283474649362259
0.012746031931546388
0.01261080831320895
0.014022552140028692
0.018263821741029466
0.016954595803203396
0.016753669485686472
0.025043053229638384
0.012212054717339365
0.020368270801497237
0.013952453865628888
0.022965974622863258
0.013634179390505957
0.013215477479245476
0.01835064412229512
0.013950239970058642
0.014709779868433725
0.026943943349851344
0.01686364687352648
0.022029967743457536
0.017671317485900707
0.017710615404327428
0.011147116614286403
0.01303434653350736
0.01634072082827132
0.013108450747513978
0.018971649845888457
0.0136590660206163
0.013880517932069394
0.008203712646570438
0.013351162450430257
0.01276588242151714
0.01350996465576429
0.01299842163922651
0.015638775225780947
0.016706166619694658
0.012726073659136852
0.01637962736335905
0.013934093148640874
0.013933860950935314
0.019371787277184808
0.013525397402253647
0.01369705420884358
0.011116372882487385
0.012784650644859763
0.01584182364226101
0.011544012576872913
0.012384939060048344
0.012486954620990125
0.012943693049859777
0.010828593284506364
0.012396318179022169
0.012654366302409436
0.012383245192314853
0.01676108603842543
0.008592489250243852
0.010046423242533907
0.01686796700904186
0.013202663403057887
0.012831838809080454
0.010332631316422348
0.012599846342802073
0.012643552865481349
0.009880968626607478
0.010414388790941483
0.012611976997195075
0.008373089891631026
0.012589269372498673
0.012852344788230484
0.04164744290076934
0.011695391453474348
0.026883971859432778
0.020807360795778922
0.009771302382487213
0.02187834753969322
0.0071829412456458075
0.012212056675679196
0.028190917700564467
0.030610831802567927
0.037346471470943665
0.023143677166897154
0.023557773429777884
0.04008926199744766
0.03099568477910947
0.03462057940059733
0.0403028247070847
0.01773343165386272
0.032536729975094575
0.033662051661799045
0.025565135014963894
0.006418892680984814
0.02130324105753762
0.029125658436763263
0.03958018702463156
0.03842247635077179
0.04125523117937875
0.02483071946903921
0.018041082851216077
0.03856160006102281
0.041152967043920734
0.03891561875819237
0.038476233841164824
0.04055491011330178
0.029358062487855257
0.027639883746919204
0.038358642069421696
0.024087433590982685
0.033995377995922296
0.011993066507361684
0.0
0.018680836186450576
0.039000996871874964
0.035589429704345574
0.03158044430950037
0.029122062822498553
0.025427844119302722
0.03150002723213118
0.028368938410716377
0.03492200690523464
0.033185998226152126
0.03037343237818375
0.026689027888628692
0.020242839414469496
0.028253714044067676
0.027087495967701533
0.0276788620633146
0.029608774728596545
0.012944290906998387
0.037701158303925564
0.034925372852351186
0.029854431526850266
0.030920276704777455
0.03465843362747663
0.034173159278914185
0.0398218453404661
0.04073861384894359
0.037539495397070397
0.029697054148208592
0.03607287929095768
0.029305690537811166
0.034766021321087054
0.03198257942459116
0.0368617748825255
0.025820947885450023
0.02715955396140373
0.021658164647512853
0.026055821598189324
0.031470881901267365
0.03410908934376878
0.030489000350417596
0.033071244064521624
0.035666457865498886
0.019264692777997368
0.033409304208431585
0.024980945172785957
0.040203073004138924
0.041644204569592815
0.027344747171790005
0.03597904555080571
0.03141122259018253
0.032860962465564844
0.03803291736553135
0.02885780759519663
0.02100998816898325
0.027446421013844407
0.024634569039429125
0.014204829026308862
0.031082849031170402
0.034588120367500315
0.037190975688056384
0.021435081444168228
0.03977726228160951
0.02604115914646189
0.032373535721186085
0.03966576248602347
0.037855542759797876
0.03718394448125666
0.03613323501158412
0.030208581351131563
0.03492149430932071
0.040629907429461855
0.03298362077170127
0.033273297671039856
0.03786260812718951
0.04029028080114111
0.03847431451308454
0.03218447688480317
0.03774705263668507
0.03462027790616914
0.03225346096432324
0.039277803093390025
0.02423894125786852
0.035351663612604965
0.01889828021915105
0.022946117253034422
0.02559829465783162
0.02325900031075333
0.02506215235505774
0.029055903254074932
0.026457895950775103
0.031138268619113996
0.028075903331504802
0.023196407726813466
0.0279320516731873
0.022901631084561076
0.03259244698269817
0.03258257431343669
0.0321350526405338
0.03083158916012745
0.02999876439369045
0.030165755377911645
0.01613683711264384
0.0139401115692272
0.0273979305326556
0.021713938820029904
0.031215785453673785
0.03305638217712287
0.03030403893241437
0.03539165751491537
0.038050559336230555
0.025335010861651436
0.028173947889741664
0.02254503504901044
0.024774087760702754
0.024430658642824604
0.021302913499331555
0.0404445046922323
0.03216533570330415
0.031424064466901803
0.035943527702674116
0.03726153901464617
0.040835586651007234
0.021632377472841493
0.03286185409841496
0.0339253838818744
0.0
0.01870181454097436
0.025711321064814184
0.02085870732523951
0.033889823841713095
0.04182592791593221
0.03113039534072086
0.03597933051656187
0.03071809758625142
0.023475257178361762
0.04053451269757271
0.029935001863422753
0.031144646548906193
0.04062132036685833
0.03736959393775247
0.03515060687036655
0.028266525238423844
0.03679543836119027
0.0413882787107731
0.03930566667293329
0.03539738273758738
0.0245235857248804
0.0306859334072483
0.032928598671506555
0.030374939144378464
0.03681070917960633
0.035150978457279616
0.03323495702449455
0.038267864971934414
0.03743999371735465
0.03160067773846951
0.04027393787426318
0.034618457902044444
0.030797193022795558
0.035683350023925704
0.03626354609916692
0.032294745565223174
0.03217535524088295
0.018929547313806114
0.03513451433830422
0.031226126536577067
0.015637296344097534
0.03274814245100632
0.03576899265379724
0.03519546606414277
0.026590679544641855
0.03731594956556917
0.03430113990876661
0.040782741615415424
0.035052906835041836
0.03642397366982352
0.029114687666850766
0.03502536465861207
0.032301902089505466
0.027952860908322087
0.02903117329061342
0.025083407355510887
0.023863296780723707
0.033540842251285584
0.02431476694715484
0.04135081975480688
0.02766426826596646
0.03749509912893808
0.034351769933703875
0.028618875136765153
0.028986354737703713
0.034403169304321725
0.041333989673329
0.039392346755533186
0.03670213451490257
0.036025890693861105
0.04073132779205878
0.0415173463780835
0.027353603295959452
0.021671727068130912
0.02953457190927953
0.03531147023748491
0.020443926798624147
0.03468573317875749
0.020914689741911286
0.025963898734565668
0.03244735618504305
0.03143533721337988
0.030732366412869947
0.01835513062404138
0.024541390185199782
0.015228450369839509
0.0317252821775456
0.023148538053190313
0.02442838164671473
0.02352732215248191
0.0
0.02449591008236748
0.0161023537852584
0.027231173496564558
0.03177615546031566
0.039414164478064784
0.03961717279507714
0.018810647943119894
0.028454068116305395
0.022937934883506827
0.03681601374993038
0.04181478607627909
0.03305820241030391
0.041542431703239055
0.03513777222468171
0.040543935729751575
0.029529770809369745
0.0211007695115508
0.03393196235766645
0.027794661086509687
0.02094386325857662
0.027404587689186036
0.02811914070478166
0.02281708144439164
0.01644498257478554
0.024990751534533343
0.023398150859450392
0.02492768897517553
0.03828102636476721
0.03564020551848715
0.03303031191146627
0.02234805298901895
0.04178414550841639
0.022631013776575573
0.02025156551362142
0.023332390907500403
0.02278330844923813
0.027111015384920417
0.025061495073167572
0.032982257261611976
0.029277647358749305
0.036337690418335275
0.028522689324038553
0.03250073512660907
0.033395182099659006
0.03275425163791709
0.02356037873065453
0.019437995872712808
0.024043475801971824
0.028527254749642936
0.04074463034942071
0.03955704748840597
0.03730068948934628
0.025338807112085044
0.03839424049300973
0.03083967892718092
0.035597453019563095
0.03591312360227748
0.030448233756502623
0.023570355160431662
0.03797226834817966
0.038776182333196116
0.024859389684226393
0.03017959492013112
0.02933477324195685
0.02628940405042548
0.021856880788438265
0.031813785233976474
0.03409121770201597
0.03842957462949712
0.028045319224572225
0.023066563267470547
0.01989898446058239
0.025784638443691103
0.0399600482187453
0.02978675256668879
0.03326352433457755
0.03639074548357031
0.04113370244778002
0.03705330525216345
0.023819503778416583
0.02884943873326629
0.03081533368714343
0.03548942570748179
0.029588476341981505
0.027709940259047716
0.021077405155284185
0.030208815915634443
0.021467628516883035
0.032085628089362474
0.03072405875401217
0.022384252875750885
0.030510145385956818
0.027843242097389226
0.02252652810160718
0.02995038079195881
0.027619609927210232
0.037258882420527134
0.03647392491983616
0.021626913451266515
0.03813600507066775
0.026533505505045775
0.03148450503046389
0.021305949990554296
0.028270446081411188
0.02578687309386657
0.026502698798764837
0.017815530347299702
0.025593087200433094
0.022173466904444435
0.024814717906426212
0.03449285459197398
0.028661812875473078
0.032967682661869745
0.03792234809842058
0.02693458495567907
0.02502252137731382
0.027229973869432895
0.022628920163708918
0.03860043460055916
0.03657429547646809
0.03374411498715402
0.03162778736777603
0.0
0.0121335515925882
0.009859067133988897
0.03378295138461774
0.026518258553824763
0.023532651582004016
0.0
0.037268238273277715
0.039591052431962016
0.02836386363201961
0.03802170690140863
0.036025154263481025
0.023796299439017586
0.026301190282000536
0.027879417498443332
0.03027573978303418
0.03473134221764422
0.0395610637546671
0.03384796739624319
0.04075228953648214
0.024325031221743138
0.02440169235023584
0.03493285274365665
0.026428111551275592
0.035509941084167065
0.03741347771179696
0.033751612974493445
0.022864710797063075
0.03547809464773065
0.038027937430920485
0.04160636703845808
0.02774927411763336
0.03944342428442601
0.035222984278291215
0.0358177306601162
0.039474800567473975
0.03683910633077299
0.038717980082942346
0.026608051597205164
0.030556536492005817
0.02486158429823117
0.025621771334777645
0.02833539232732985
0.029092081619784854
0.023901782793804754
0.022675852146336238
0.02333266520768426
0.030426833513750133
0.02323855703957535
0.028020919650602306
0.028087026369504674
0.03623733493791692
0.03642947118855998
0.03321241955061761
0.03621747615504599
0.021305690257795138
0.03965002853972993
0.04180071344500576
0.04127484590860457
0.03533319329462118
0.03690106971277084
0.02606797280455249
0.030689999869155295
0.03961355362873812
0.028743300291426736
0.024991070803722395
0.028621119395161675
0.03990220026884001
0.02667918817567518
0.035799074518041284
0.04018724575051581
0.039090597819797276
0.036102713459501695
0.030443082332411026
0.03006350534845748
0.04074536379699467
0.04128403893001445
0.03824873662104309
0.03244366238772409
0.029733266547622116
0.03070603063731946
0.03604854897112323
0.028560117102733918
0.025347831838026857
0.04030261904150819
0.040546383065920844
0.04124786149758513
0.04144314967861337
0.03343098184039023
0.040078558996675465
0.0281953022145312
0.01961268379844477
0.02396229857277109
0.033396856102126816
0.03819342956128792
0.03207870787003598
0.030263325534743795
0.04087286150107082
0.04083452358863458
0.03665381291432106
0.04076117485030961
0.030877239375866592
0.041859347426883034
0.0384072274645442
0.0377131075482149
0.04011969975279412
0.03921180848173527
0.040884691546586194
0.03480231324687105
0.039616108238113026
0.040487796522004245
0.03624354191498397
0.03873941887336243
0.03547886973296811
0.04006156836297587
0.03614757899770136
0.03604997790086557
0.036344587605855
0.029458433605940866
0.039521549923835525
0.0352812771038691
0.032877858419464154
0.029161396687971092
0.036266187713650526
0.025433504309357
0.03366506562372931
0.03285284128046443
0.03382794367971755
0.03867187823448418
0.03346619524743414
0.036091066232492384
0.036903205499218966
0.03752277629310875
0.035610039731696005
0.03470769789045388
0.03057840212291748
0.035561073130911065
0.022187422568193872
0.03827849402387429
0.03552832894032119
0.040915983581204546
0.03920676484602315
0.035426775621421616
0.03724420504566364
0.028197755288678645
0.035461879971888495
0.03021892371896543
0.034649910293925466
0.03439973529694668
0.030743493608053986
0.026849122645434185
0.03301732941703009
0.040592427354580726
0.02279013348311312
0.0386190197230925
0.03071860204942806
0.03524191634019055
0.037334278485935
0.03937532396242386
0.0394900837148071
0.02936912839710352
0.031581308590337163
0.03277344284197261
0.03116619617037024
0.026149349412684566
0.03591904081112481
0.030380746830023852
0.03792730915945567
0.029747138863994084
0.036498818279160024
0.03870811255408872
0.034373683398018655
0.03841465712587785
0.033556241584062056
0.03980940193735652
0.0280111100166942
0.034993620047794244
0.03961564761941654
0.02403894804097436
0.02387658790890942
0.0349259125018946
0.041330018402278144
0.036873635741453366
0.04016036893542663
0.040349182615521895
0.03662904005618857
0.028537752438566297
0.014862618838885702
0.013028176253797012
0.03829840712316733
0.04143535817723204
0.0319858425273619
0.025661471676642268
0.0348763217478026
0.038658647990269274
0.0394313808353006
0.02924213975316702
0.04002517661285194
0.04165032034928844
0.03126590424743865
0.03962123553850428
0.030618804834466065
0.03593386458648719
0.040153031597309735
0.04167456761581617
0.03827714958358525
0.02901886366685138
0.035787114487052275
0.0409747997383088
0.04000522379398738
0.03234024367564352
0.03491313813489269
0.03860851782323353
0.02368617954234546
0.026529176814628946
0.04114096478237345
0.039878893873501055
0.03689077368895155
0.04046345039350063
0.031045587629813003
0.03522341284519787
0.03628275137787739
0.03785757231500958
0.027830183081952564
0.033431906844129146
0.031071626617334216
0.03747539111483693
0.0365864793063191
0.02970320276524283
0.033987495952715815
0.03270930641964979
0.04073892619026437
0.03696087216440988
0.022720993768667687
0.028367158476627984
0.03588623140667139
0.031403091479256115
0.03183923753346654
0.022388908837523373
0.022697564723232422
0.02212405250864142
0.022605351891067275
0.038228225446349275
0.023841164274940436
0.022489184757272452
0.038847225083166834
0.030537646345650638
0.039835349387219575
0.03357908011086709
0.0398110176055272
0.02143942152484535
0.03927041968650405
0.038418442531192004
0.035683398318131145
0.02923733561565584
0.020943368838502435
0.02872300738519559
0.026283895915031767
0.026467831168231416
0.026931520177211628
0.038181153596215926
0.03400406895575297
0.0389241884472255
0.03545566209499851
0.02540860859637743
0.03195918799348822
0.02552846762331114
0.037134959588178085
0.032123550486267104
0.029521081884514824
0.02960784592442774
0.03832752812369589
0.04054072834828612
0.03702766151336253
0.01856647357915759
0.03141861400756327
0.025785254085232523
0.03221329462619509
0.033992039462360284
0.041296304460408315
0.037781263186653286
0.03586560641276494
0.032938483541766865
0.031183581971578056
0.04180589846430069
0.02666051572550693
0.04028296369587842
0.029487927891660264
0.03623621124184028
0.025833694760912594
0.021037377765301426
0.03184789772815667
0.03916554169683146
0.0382009713415493
0.03055529414211412
0.034539834019024086
0.0327615137392353
0.03179994314902544
0.03027033197164293
0.025662289770746874
0.040212117177092034
0.033076710487185156
0.029898874237560755
0.023760586706245302
0.025998511300457224
0.027796931589215243
0.035646480853394336
0.02762200114322371
0.024053213548297484
0.017933898123076556
0.026423530225076933
0.029722747657255248
0.030551555001597286
0.03167602513660472
0.030229366034317275
0.03246298999975281
0.027566737755728918
0.018304547225416405
0.03796091955029673
0.03354267036029267
0.0346414114278691
0.027128011920149964
0.03552844913346385
0.027709365514281967
0.02728659444505632
0.03907106335818868
0.020488052907136508
0.030770617664132496
0.02892173225328334
0.02151094610954571
0.027442543981927036
0.030837653860580863
0.033363906709290694
0.025926940909377798
0.024283035979882694
0.03133567580965611
0.030278173251651618
0.03598001030856494
0.03607193322671244
0.03212372324608251
0.03824292618132137
0.04027519526055101
0.036705811398873994
0.018936233442540747
0.026071245981914622
0.037755166496479094
0.03628561504886476
0.03904595931223739
0.037534683581089356
0.04023844636961523
0.03868671104798215
0.032169608577684236
0.026895681306567547
0.028215110851456903
0.030636141305042008
0.041127689733143465
0.03809880811923786
0.03467997725949383
0.03100579993827764
0.03784781517762636
0.040081274335911396
0.04055557941840807
0.03672459464964649
0.03759682067294694
0.03952132186239309
0.030651378827726783
0.04187636519535894
0.03584644340879582
0.02678056178841522
0.03529310773360529
0.028848379560254333
0.03165074124926777
0.028828497513398093
0.03461528716754145
0.024474152539366027
0.01820620150649655
0.040913750129120345
0.03614397260815703
0.03742643612521723
0.03207079226415075
0.03734319559397673
0.04129759590442159
0.03824576333016347
0.03727815593825726
0.026886619266160396
0.03588805412320544
0.037595672741654665
0.03730937815627829
0.038817669655990476
0.03288028042588791
0.029278805807935578
0.03811619551778007
0.030821432087252826
0.03595205400389764
0.03406261616937506
0.03742746947494682
0.03537645376793285
0.03800125458026612
0.03867089394973015
0.038947022024961565
0.04153222152575271
0.026585314121257354
0.010606988368523888
0.0
0.03163689829581906
0.0360864063666006
0.026797533167066026
0.025788151519562597
0.040942807430197965
0.04169676136122442
0.03004653491651907
0.024166035943822585
0.026540180015533908
0.02053091324796721
0.020430061770750105
0.018689234904714584
0.017695914537824868
0.029737264209912587
0.03003840698109013
0.027772480244612683
0.03308516624601365
0.03592528355794858
0.025733634293943018
0.04099577242911291
0.03672069650255094
0.04016108278916915
0.030123096295626716
0.040902873894940246
0.039058995800566855
0.030569483565375023
0.032778293471853466
0.03674006442791303
0.03787568279315299
0.03947262400882035
0.03983052355914533
0.03897773086501966
0.04130409968716235
0.038161350208016746
0.0401303840348074
0.030549974055637474
0.03889522945173607
0.031942330102591135
0.02188441767611146
0.03517111581875672
0.039570890996397115
0.03140906780232362
0.035066451605483495
0.037765651429340755
0.029371542807587876
0.036921629831324417
0.034724001823831584
0.032275461583773285
0.036240150772330476
0.037254266205991225
0.037875728333835366
0.03896172918698985
0.0307498058737724
0.019702072960111474
0.029044389195030784
0.03712686402524785
0.02340155060820038
0.0280238708105001
0.0327321167447077
0.025760325827541106
0.029711082408846595
0.02870405602277089
0.0
0.03395884512475507
0.028620577214484657
0.03467562726588666
0.01977829664963884
0.03523330000776168
0.03409312026727152
0.030315900834421882
0.040224001091702856
0.0294035502950324
0.03892042125440059
0.02961736193599639
0.021476465429351367
0.02351631892886906
0.029786775306463873
0.033357865843427384
0.006824012347768728
0.03438793133335813
0.024218755856246815
0.011523921129980083
0.028012527948725455
0.01317087689753421
0.02487823685930131
0.02752725092911182
0.034347149881533555
0.019192916533515698
0.03731959259364249
0.026527881003592806
0.03259006031353735
0.03932828165925891
0.03852915655461462
0.03345049666261041
0.0304255038103087
0.03920663725272381
0.03963280050898734
0.037613199626469196
0.02740795180944559
0.029033993052282797
0.0338867832607346
0.03581945064545537
0.038225333656798366
0.0304820709991955
0.0271922475053207
0.03490691746206075
0.04037834004151009
0.01401179259687277
0.03815939346085048
0.03069051297044222
0.022904166487344533
0.0
0.024995665500909064
0.039790921019373336
0.03303367888432445
0.02475853804488461
0.037538766847263774
0.041805695962111936
0.03443754163046483
0.041520324908759086
0.01755187496157224
0.028353426208859625
0.032798970822918425
0.029152499361429125
0.02338492088854723
0.028428655506988032
0.017082754273925898
0.025984425735025598
0.0
0.0345492637790831
0.03262651539910638
0.017328891689981977
0.0343718855249639
0.028232831560608466
0.008032772235660615
0.03786781943788961
0.03998333012497603
0.008579171976945101
0.0
0.03432870025901836
0.03221185958445113
0.04047864333018179
0.033773014901578156
0.03296051179972783
0.023559481313804708
0.02794228849392583
0.023722560147370335
0.03707888162174587
0.03224708585821264
0.030803207037529017
0.022730975408468638
0.031900416778886546
0.035404651950142724
0.03969211733502242
0.031122080939200054
0.03410870762983423
0.027303946748249645
0.03280737552421689
0.030301053675470545
0.031765639350300065
0.04005487197623397
0.041299140130739646
0.03131953433290134
0.033147684286387195
0.03754152896805433
0.02892757894023886
0.04181583562045063
0.03437805779013311
0.02961555275290339
0.034299619442786825
0.03892480965632652
0.028081208620204138
0.04189721902801257
0.025426915428095113
0.032419160662451665
0.03905669066139777
0.03888670263136227
0.03561320599134894
0.029095458642073187
0.03735938948262923
0.04190662164021163
0.023955056515866713
0.02664247002571465
0.013277728704237553
0.022298336106958493
0.033640676382766285
0.02145710384278358
0.031426925778917376
0.037452880535018516
0.035327029846469314
0.039577879994034816
0.035463836496634274
0.02970815565211008
0.038751376220570115
0.041673955911193356
0.032460627617727
0.026810278222539934
0.03318241799619303
0.03895840633369415
0.0414374270356878
0.03879654635044493
0.03647426577739444
0.02492719018113619
0.02975602787268484
0.030775553247526805
0.024787720247735644
0.030995103593596474
0.02996301113404242
0.028976624823171652
0.030669707932746804
0.018979334412987173
0.038670247768076725
0.03134700077359868
0.03884072716195123
0.011240616775782463
0.03642088130029249
0.03460198421454084
0.012971890865444416
0.032924257599365764
0.03623372584664737
0.02681339974409689
0.04134187149136043
0.04118385016861287
0.03342708698839907
0.015584077884173951
0.0069804156394873765
0.021843364869909593
0.022009720843300107
0.03532263171370188
0.04169872737248951
0.04111559187178593
0.026234925579392346
0.01856905938146846
0.03968435176250214
0.036271229150425084
0.02646548899772849
0.03175159312771458
0.018472189008825645
0.02595385551533935
0.03940660258660328
0.03874061213063418
0.03187549158948989
0.030448622088055537
0.04164095847205367
0.04018567899130288
0.027906845065872488
0.03052552852367197
0.033373566450370346
0.025534577718066942
0.027719626915102893
0.02571725633793433
0.03816717421860483
0.028405970477924473
0.03205609350300314
0.03232512307215999
0.037570603957296826
0.030580492625935554
0.037888065706897754
0.031235606912784646
0.0315991514191183
0.023810063677085658
0.022429329338758453
0.039996536799383545
0.03451475989981889
0.032639222903902955
0.02967112831527317
0.03540369505837493
0.02537126867088046
0.026573635595132778
0.03330841351248809
0.03127532463011589
0.023195750184726114
0.028839816034827104
0.03380099438136464
0.026718792873535773
0.018739153954621356
0.03435978598447653
0.030160239179845873
0.03441056437027184
0.03211984597851412
0.03540223200845616
0.040372460853594264
0.036987751401106564
0.02905367707823805
0.02698987289820729
0.03447425933541892
0.029891106605979
0.03207304861325751
0.03610788563114603
0.01936919408031476
0.02161660954015682
0.028769713802943537
0.036973804204252524
0.023833646888380248
0.032756692951170265
0.026868975286750345
0.029996897129890333
0.034181113074569835
0.03437674656329091
0.03590742527561125
0.03708617257216682
0.037009874396816377
0.03718948502617668
0.03871276159616934
0.03845242150136193
0.039558847170936995
0.03324260995927996
0.03490823820783493
0.018376743609348954
0.030266833267471142
0.03246149524044154
0.024112424372137304
0.03007994420260809
0.02370657053241069
0.02158540509522578
0.04170009301190331
0.02882189301148402
0.03395754997708583
0.037259571682307056
0.03944560278607772
0.03026994101183551
0.038132347834448216
0.028675963360958116
0.0413963121596613
0.02854270872047785
0.028107455219045042
0.02854617887042048
0.027971856441887388
0.035355546962324014
0.027862891056365743
0.01827588761790306
0.025514687564024648
0.027736223143823152
0.01814474199651237
0.030746296635369333
0.03411433709121198
0.03636775057323367
0.03322580939811357
0.026774358551180218
0.02020347121462047
0.0348283038119859
0.023534980432521734
0.03845108203309279
0.03774740670650645
0.030973132042899306
0.04074789793432438
0.04122283258423134
0.03575916208794376
0.03203140473230925
0.03438708809960509
0.028383422600172823
0.029836598887901574
0.02768583943242693
0.03542448797881522
0.024170382285842056
0.027742762724717922
0.022420790802784474
0.028293536313123507
0.027375844440172062
0.023668278090304667
0.028878613997591295
0.03023927344892318
0.03333495597310975
0.02689502875358662
0.039081197086706584
0.040762599179287
0.03860392592198364
0.037140420980687955
0.04061836275880381
0.02925328034715784
0.019506662828162054
0.028177196873325153
0.02180164421532479
0.031233695550746537
0.029323293625095802
0.027183611475658172
0.04074243900962645
0.02398404733011783
0.03712221112460842
0.02881026612518666
0.024526865600936466
0.03024761141706533
0.011763403453507834
0.01727264430019652
0.019674838224389993
0.023402885964846555
0.02087630267917432
0.032180293599596815
0.028041038581336462
0.03953383232058836
0.039178889980013315
0.025738355518037045
0.04141751980198703
0.03257935307602806
0.022878055853319427
0.030095822728453157
0.040372803263444286
0.03770021386593439
0.03868883818338295
0.03915278430421136
0.04070669164203842
0.03405488587746173
0.03225607553590568
0.03670825899087326
0.02954361240145278
0.031968097332101555
0.041171744478022784
0.031688265976844814
0.03679489313006801
0.020697872960282707
0.03192005658081529
0.030274814411332493
0.040722535397604856
0.034599536603928865
0.03691634777481713
0.0416012972094754
0.025631807368509906
0.03045912785685108
0.0294054780849352
0.031531941268814964
0.036531200745664134
0.031170742584353005
0.03428571280705717
0.03344964369211585
0.03760280000699546
0.03505258075703911
0.016579740366634177
0.024063714766580542
0.025541689998032614
0.039262369075917875
0.04030544872324353
0.01909365999600714
0.035478470303930414
0.03839106069723642
0.04088171300067551
0.034366760438152365
0.0388361034013813
0.0338574848895647
0.03424315566796764
0.025377989548430506
0.029498993421286243
0.024034034418773963
0.02695816979281281
0.02171880377115647
0.027231045116537286
0.02712593661374374
0.027782060474468604
0.030296586801526013
0.02474560976662774
0.020488908246048616
0.02612836423581007
0.02202189645636182
0.03807982180534374
0.027472026810288708
0.03285511557481422
0.028795965794185086
0.03743384378498205
0.03295807090736197
0.030307317553892744
0.035945266040885014
0.03468504884029753
0.03396066569964885
0.03412677615861187
0.03234200999751874
0.03446606614193855
0.04062766743839031
0.03319651653240106
0.027265025292487824
0.02483744666214149
0.02535472923758779
0.03130405206332453
0.03049712270787919
0.02822588877156806
0.03354965051684594
0.03597728889804437
0.025028381734542846
0.027120326796703637
0.02797947635839527
0.026858278770078504
0.025668815354823023
0.030666485834813097
0.027686387222029596
0.03142692242345721
0.031064014903256183
0.030889004450775085
0.03347073519031209
0.029349909760093315
0.02439638112215827
0.01511231963222943
0.02566077908158826
0.03569746661193685
0.04034396644837934
0.035984950326496186
0.030066089889030916
0.03318235158161496
0.03372942696291981
0.03508798468659046
0.022643218645148497
0.02998473279089543
0.023475625087672227
0.03197619860467509
0.03584715562876935
0.034105475673017444
0.02991186697715308
0.02921183768859338
0.021203791420730554
0.04001896102230895
0.03254541439571632
0.02936822333709695
0.024237643340060965
0.034033221935757134
0.031748505977283285
0.02419503250049064
0.026347633907557323
0.03271485222344709
0.039501885121419576
0.03569186195079611
0.024772735388759227
0.036609427496739816
0.026261329536030723
0.04104506357016988
0.02406787143120748
0.03218137042619623
0.033997728411656894
0.028064338553914846
0.039461410133558146
0.038548203978338115
0.022539109359837002
0.033206876015182234
0.02889910206487817
0.03645136618939793
0.02739519558185566
0.028276379373864263
0.024550505690590196
0.030421938165837343
0.025451232578403704
0.029464969428394962
0.033563003707398585
0.04151114403192842
0.017437364838185806
0.018613935841191667
0.03832553622091351
0.0387612561373252
0.03031935242341111
0.03618618124776254
0.030798335484892674
0.031644785249119574
0.036282545062564654
0.025548058811972363
0.02125202135300242
0.041854305420906575
0.033076306907567535
0.030004810762646852
0.040336171504753646
0.031705737467646856
0.03283031148531313
0.027098379447752983
0.03292452494605664
0.03467569464365494
0.038411457811819184
0.0
0.0266300912752496
0.039030003060692715
0.03908134760334945
0.03642468896019429
0.030532128670308082
0.034646859624803315
0.03515179940425535
0.023357557830411595
0.020437930111085734
0.02915402581362287
0.03199239456955514
0.030840758073421872
0.023172738864577495
0.03848258818353087
0.029905209708180818
0.027354835387185243
0.038482974335054994
0.028527323078934574
0.036904180951071376
0.028821211768634915
0.038950742235603186
0.031706146499929797
0.035574855135397696
0.03061191763329275
0.02928210263128547
0.027996325967473683
0.02565604976324495
0.03691993919007913
0.040173217280958795
0.026075277960551077
0.021308492332485694
0.026537494567533574
0.0262882664995435
0.03558608568732233
0.013642193901733301
0.025489476358517893
0.032425568563232456
0.030569177356157707
0.032358115948522816
0.03267842409324577
0.03337690912912535
0.028821881232576108
0.028647394727836385
0.03820919145669919
0.02302759032369175
0.03160644036737655
0.024850152148955747
0.02716075467582776
0.026426242617581804
0.026518595368783256
0.028734938931453676
0.02383461658896898
0.028780465014485074
0.025206720366325375
0.03358567683026782
0.03322534465817947
0.03190450318620791
0.026322084098871327
0.02967879411837666
0.021586741728199754
0.03330534349621365
0.02200004019403092
0.030287319854326648
0.03259650925972448
0.02749458894204624
0.03306256279564264
0.03885523365977396
0.03105809761585821
0.03612029958453654
0.025867823592074065
0.030925411010002624
0.032870561181544265
0.023347997023564517
0.03293743475601669
0.02775434812783587
0.03430170294444403
0.027056424418067025
0.0389959542975812
0.03692751715441909
0.028064545784494715
0.019889458480233654
0.01929486415921346
0.028909719849555683
0.028449925903117405
0.022102535426959512
0.02894732310542064
0.02795761613399316
0.03441594148946879
0.026777015558386616
0.0303149763607136
0.04028261859912151
0.04092809994968312
0.02685134848208569
0.02281476895670995
0.038792274778325364
0.032369833963985115
0.041046274915688824
0.022716382961672336
0.02449095006720829
0.0290369603829539
0.03456978353185243
0.02600343775409753
0.03998361126082568
0.03821866447344475
0.00679319607106994
0.023394140400243964
0.025558333709379363
0.02556521859708359
0.03291717916037984
0.035329121223921525
0.03054287038901227
0.032333035018225445
0.029822691477792335
0.03366098110044668
0.03212141224689059
0.027574034433850782
0.03675594481547315
0.031062757543904668
0.028927434749386208
0.024501222351215483
0.02804307518218123
0.032276088811614194
0.03438008041415769
0.031780364710602214
0.035656170074168464
0.039029876377734384
0.027219727193522742
0.02919397821119828
0.025157512197353703
0.02860261575379394
0.032406710539010036
0.03422780728650278
0.02811266356715417
0.038120579499765786
0.034805159439829356
0.02417193032346609
0.031078219209258923
0.022992956186268794
0.03155773674327771
0.03778132475605262
0.030145592616033938
0.02808123993629913
0.026516644271637514
0.03321798836275397
0.027633645615221514
0.03451832907978028
0.03448797118879294
0.021849440041769665
0.022624273049094767
0.03299702776016491
0.0379645211838552
0.026740709882709685
0.023445909744772227
0.025184546535720567
0.02809586030658868
0.02463360518072814
0.03630657211241134
0.03606487627073766
0.03695865741784994
0.032638581677230376
0.0358375482470275
0.027671046054327953
0.020648972707498013
0.027861746903785636
0.03430557143121537
0.032337916236996826
0.036756964340953574
0.03190527011169149
0.03880006199601391
0.03562784511350782
0.03748221860481395
0.03138794598824702
0.028119782329258863
0.03358801565228789
0.025115284767890284
0.02286069438926095
0.015501174326482486
0.024331864688183796
0.02811991884664936
0.02866780588128225
0.024299633682885992
0.029677870904574247
0.02662768059467164
0.025694085740934618
0.028920208256370383
0.026126661114122894
0.030441177854963735
0.03380681909023684
0.041010691161133726
0.04179801405772775
0.030317123260259628
0.04046113536091412
0.03825688195433673
0.04089872915480864
0.02335163630677908
0.030146148663601085
0.027096048249883244
0.02852398073044407
0.0365870187958428
0.03479293931670492
0.04040958000604932
0.030117672676222815
0.03318315285718362
0.0328948591973209
0.02203291406328268
0.03519365931158634
0.03647195649495654
0.04030739835439647
0.030849328225401935
0.0372233207263941
0.015008748698675778
0.03012584371873472
0.030683864351805368
0.02824117164984931
0.023529612406931095
0.03017318268609006
0.00891121598043727
0.027168202935048954
0.028249864959024703
0.029915892193259935
0.017229414180406737
0.026080711963644934
0.028857930470615353
0.03074229639454415
0.03014083775404436
0.026762374871739433
0.030100801410519892
0.03507868519129524
0.034799785494355064
0.022109959961971813
0.029678560503707804
0.024734057390008186
0.030468978422138762
0.033402672935560165
0.029315775818692692
0.02396161938522723
0.03948011326026306
0.010181185355841492
0.036128918122443364
0.0
0.0
0.039826270180439334
0.024012276517514967
0.021818491599750852
0.03625015320668407
0.026808447535763367
0.024625513899883024
0.01889988593465911
0.02851138945282418
0.031920154212552336
0.037343048869568775
0.03225573155816654
0.03191546212433718
0.022941584157394498
0.03578534086221623
0.023727306262546242
0.03273871809494073
0.029633415496741183
0.017093557295879098
0.03778302580078053
0.036637256463089254
0.019724699477558557
0.02374986882900755
0.017712938375348427
0.02475087038873583
0.028526862322356426
0.02496497645232831
0.03780549578938077
0.03984946364487166
0.030751907973490023
0.03442718135951753
0.0388818081161357
0.04093105386705768
0.036633654942467765
0.0371630567810109
0.03948524802026979
0.030574400204891796
0.032727632632604045
0.020313489320181136
0.02424978453182626
0.01640290735069715
0.028481477310372243
0.03339732895335719
0.03100017893586342
0.024271679669112315
0.033160767926437934
0.037136798283989386
0.023801420552260196
0.02909982141199494
0.037584018806224855
0.030748748522159593
0.039425027390107614
0.028964898056236324
0.02932989242703169
0.026746650109850553
0.03435158627933003
0.031682570197544176
0.033284999873692586
0.023515874490703102
0.030822929388941947
0.025071035270916885
0.032318612511059344
0.03359707001815401
0.03393650306892084
0.03949335595229905
0.039134503426260535
0.022023156598983094
0.027158482873680563
0.0194235847441325
0.027747967557120723
0.02891709206136949
0.021622499132205306
0.035162716827899086
0.03984415785885664
0.04179917586059555
0.032124590715747865
0.03639640361719318
0.030182413605290385
0.03937096614162799
0.04070536258496611
0.041419614768259505
0.03766584253998473
0.040121030364127966
0.023151869412209414
0.006742259506278305
0.012092134850802863
0.00794274905180824
0.025415152246564474
0.024764153602346708
0.032673696889422725
0.03608906799849512
0.03681920398767077
0.0327199932605243
0.04059976911822704
0.035527083786420804
0.018150356079151702
0.0067308196751955825
0.024190487564559594
0.02401804423143399
0.03770963594016796
0.04101797208708279
0.030311527782676977
0.020987124457628754
0.018042077445670032
0.03351891267185022
0.034464910425677835
0.0193406744153352
0.02989803282454851
0.03037229571369285
0.025262312992256883
0.03413766842735814
0.02516387638450094
0.04015471857906685
0.03526709615009434
0.03579021032892139
0.0290165740682157
0.03652376131179453
0.03806308403754199
0.039967244690371245
0.04185286281667667
0.025173400497019403
0.023412853129566823
0.03183432820358493
0.025554106146016355
0.036894304053787796
0.04181062300594587
0.04052183297643373
0.03732063232045529
0.03514044582139828
0.021037098045120217
0.018760717568010697
0.03939050289588262
0.022157919966684585
0.03870542620247996
0.030784650213215015
0.0
0.01852161128399885
0.023699835094362912
0.011162446461237822
0.0288587316605487
0.028491250228018305
0.03142664508745935
0.029565676854938105
0.03376246164034289
0.038113050933603454
0.03757671006614429
0.03489456342127113
0.03867432659948476
0.03870513597487214
0.03280701189490159
0.027587967925913927
0.01862836158925421
0.013195589486221767
0.02006980399983609
0.027619559254848935
0.02121567095529476
0.019232438375697578
0.02787855412235584
0.028962624163016787
0.030653626057643404
0.019345278271454207
0.034968081724122115
0.041820372874291994
0.03354987336955237
0.0360593540256981
0.03001339841035813
0.024372373991878575
0.02403464100652433
0.026851036416739305
0.028605063679034797
0.03960020939296839
0.03451420064566189
0.030435587715326718
0.03645332346398615
0.036914136224888115
0.04037115035621918
0.034840127722256184
0.0
0.03329333819546379
0.03668782995549038
0.026850336592138212
0.032693455816875626
0.037997438655890454
0.016052597678326747
0.012445393625755715
0.012844394672385323
0.03438659840604004
0.03240705351195212
0.02926074027897223
0.032169997244108545
0.03203140619480077
0.035867363951602685
0.030688876437817366
0.030657446532449575
0.03636206464272389
0.032888619406110674
0.03568799211359482
0.03040409591432289
0.028652939431430473
0.024298042352557395
0.0214048532619746
0.03861891708321194
0.022381399957609866
0.01968208731026484
0.033343899648627925
0.03563927443422981
0.04066921883267495
0.035709394915040826
0.03750574082464649
0.03921167047653024
0.018251433428295393
0.027498986483880238
0.041826883667056974
0.03826404078797234
0.03940210688685881
0.02737688747945055
0.041298303840264845
0.035107667914386964
0.027211974689953483
0.02494176849339525
0.04189062470281617
0.03527304215420747
0.025059702671841814
0.02778618427867575
0.032496724962962104
0.032886586643699846
0.030076341876409517
0.03189965291816335
0.025042708526883617
0.02066160066772418
0.026981678057862894
0.03430336434969548
0.023248887537554937
0.014355664915480416
0.01823579946835346
0.02463169567172532
0.024860004584070294
0.031111012828307645
0.017040598470053823
0.02012655221920099
0.03752770288683416
0.027817667402558942
0.026489271978655526
0.022857802541062882
0.036739302688035394
0.02972910634649127
0.03652165432196667
0.03108626110695848
0.02853301184628795
0.032975219511684084
0.02177267232343976
0.017643637789929358
0.03028082020410294
0.018530794282222898
0.024130917251403594
0.038122080459636026
0.0247434134418364
0.02446100125562319
0.032271648147387186
0.030307932777160013
0.027704206199600817
0.03107350845000893
0.026584186667370963
0.03510874562840437
0.027859608780809408
0.021375552927871192
0.020810213727878894
0.024517292531560802
0.02118421841843598
0.019985392543555438
0.0338641084861244
0.023834435891163852
0.0331342636783155
0.02323513117181457
0.025163798332679815
0.021921115402734406
0.029522952959499534
0.030638830274653438
0.02845830362483799
0.032490135612465755
0.029802117190698422
0.04151163513360833
0.037966819112526314
0.032677834631028475
0.0387791451342738
0.03173287923067562
0.03585676013700421
0.034638640204753726
0.026091991124552877
0.02017647561808923
0.02593978534178968
0.0336675507218746
0.04171170105033452
0.03998639879134526
0.027922556002892954
0.02645110375676956
0.03507178369755954
0.029572896788948432
0.03725482655430237
0.0374188762690184
0.04152075774857222
0.04098630605568492
0.031832069637325766
0.03231943768026831
0.03204513097375323
0.023494899250601598
0.032884529494994236
0.03309493683759981
0.033985127172135914
0.03391110681764394
0.030093614640152443
0.03171812096946058
0.03210564090363767
0.03627478681724197
0.0330397810454496
0.032524565226965306
0.02733340636473992
0.030491021444389504
0.02360134837073224
0.030591987040026816
0.02818772224809775
0.031861352465343565
0.03171791987033132
0.03185436254405233
0.025172461114578024
0.03825755677122367
0.031416636357833476
0.03292464091027921
0.030508178906951313
0.040938745918448774
0.03445458319347525
0.02845882551745339
0.03780495434542868
0.031187777328862142
0.027798871740076496
0.03269370723503229
0.03588742882493386
0.03623055445581415
0.026829797294705766
0.02817863100327534
0.026602649853051934
0.031956983372183355
0.02629225777587631
0.024592225411025008
0.022464774633022787
0.027610377731932565
0.025643776415211025
0.03009576650195178
0.025083123576620202
0.029623498834329208
0.03727271142404311
0.027738062106427
0.021172412418049992
0.023601147961530282
0.02704899340952903
0.036686892515645754
0.039140855947444514
0.03650169998984653
0.03321478980204077
0.035848939083740615
0.02537348706436615
0.03338986822264994
0.026101019242018523
0.029448741189638677
0.035957431783696245
0.036879854279692585
0.04146611345448727
0.02371524558465766
0.03174484750711518
0.03703863980600545
0.02804958718749508
0.030404741267296632
0.027122042305721263
0.03725480136524533
0.028125118045585634
0.039340277922461774
0.017026729323168604
0.02318906296856345
0.03644520905471202
0.030026572781714944
0.04013265137990588
0.03038891468229671
0.039491289357887926
0.03771724805790746
0.03049899062264193
0.03386466312750864
0.026902312052997836
0.02407413263901707
0.04029713897247975
0.03832280869156124
0.0321078885857851
0.025115584910550277
0.025930934237583452
0.03177446546004518
0.03387101615495996
0.03787524363345255
0.019597423205445493
0.03261514689771599
0.02474836918900536
0.02990723315766395
0.028794180546789467
0.025362144142527195
0.035731701508519405
0.029499066796806896
0.028895482114210426
0.022681937340498965
0.0197973408511093
0.025533844696870582
0.03436751933795832
0.037027047450564815
0.03241835498083031
0.03532379597966822
0.03136729568684213
0.02865881576982703
0.027031876692640094
0.02337470734470952
0.025902436358030804
0.028543076769153634
0.026742666432605915
0.027075168414457722
0.018209545973693446
0.033561192175109014
0.02255587587215363
0.02634065170748444
0.030413928800759285
0.034811874794583
0.027051765166529605
0.023294982716961243
0.021186647349686973
0.023807259510665323
0.03282206678229708
0.023659049395587675
0.039797711270600784
0.03420809067358923
0.029027073105904633
0.024189790620180295
0.03490714957343287
0.02468742381155611
0.02530440628590162
0.0334115607524607
0.022599892184135113
0.0247080742998451
0.02463558427847006
0.036330128877752436
0.034933348495107444
0.03009698219992405
0.02343558626053549
0.02679336962665608
0.02989235237193822
0.02521475030983844
0.023508321960531334
0.03104049508124641
0.026262772218329105
0.031974509559808365
0.017652438114889382
0.031727779435786634
0.030545011829115103
0.02793711742204814
0.030618185342342775
0.02492149704874094
0.026803938914301374
0.024010207160837436
0.021962655637240244
0.026472647813356367
0.025029035922054584
0.029391659653722806
0.027209608661876213
0.022448663854225285
0.0353885232242729
0.02521064205552597
0.026861817774358664
0.03853778056083799
0.02476872767283882
0.0333941046713709
0.021461856558089326
0.02998024235832993
0.026071039171314654
0.0405006320261255
0.03502224199929081
0.033317037967924415
0.03406514568866719
0.03586981772653573
0.02602946511475789
0.03282238161617995
0.024702665340274117
0.033750093062497974
0.024066153138501006
0.03213495331124042
0.028758639388778873
0.03211905375717345
0.02940203667743523
0.02756856596427407
0.02289432880164386
0.03553302915922697
0.03452466591259731
0.02631537053185359
0.039229024395018984
0.026280445938165614
0.02466040749852555
0.028592729280181008
0.02155659220366244
0.033649398488533176
0.024267126537720732
0.03218437545851157
0.021881873641346052
0.03658819153723719
0.022916338492856243
0.03364767699167945
0.022622083058193538
0.027049142518001966
0.036978750565384126
0.03776468482084797
0.04034881369870194
0.03821577374515434
0.030930066667993663
0.036057272703020664
0.03127667988960256
0.02435274341007578
0.02754116043048757
0.023607287688056956
0.019518967023332834
0.02879632603494951
0.02605505736523247
0.02203257816272078
0.030112200018110002
0.02144259158363322
0.02805979404419699
0.02301368497167965
0.02429203241508675
0.025313797964252576
0.023101729983704643
0.02255781826834321
0.023441197057805004
0.020797070074902585
0.029378208827691835
0.02380518897467534
0.025456769207615446
0.03100195711710648
0.027479741473845583
0.020318731195350027
0.025998008393973586
0.04122112443847578
0.03263120393929364
0.02357785725560377
0.03883798785908137
0.025142083714362284
0.03456302462260068
0.025711982964749955
0.01954506882982253
0.02697453916427483
0.02180869010407441
0.029582637934028135
0.025745725790895888
0.024310123748625075
0.023312005614656565
0.025091370248736533
0.021779846511454145
0.02214212117021912
0.034308008032604954
0.031095840102480208
0.0378013669305681
0.03193814139439548
0.033857883241828444
0.030237756308959182
0.017572382860613908
0.02592321528481997
0.027113876377417502
0.02272038398663193
0.0329578766479708
0.024917323538164338
0.02781656693594749
0.02776177612693793
0.03427972578676244
0.035037667239771225
0.024179358227333286
0.0222666452201493
0.03317953563668603
0.03635860255198659
0.022315108472176503
0.02601649994061454
0.025770862682616025
0.02572354527774601
0.024872594680089226
0.019531267798391854
0.01593565489450196
0.029718756298106573
0.0
0.03070824406409465
0.02316249839786823
0.023778650287385964
0.0
0.03880444835474438
0.0331351218877248
0.027963869275592017
0.025756884233221575
0.03270716064111339
0.039199290780441466
0.02887264358806292
0.0
0.023314712665302138
0.023058142482645937
0.023635152484382346
0.035282209900174964
0.030072802478163255
0.032081406289893026
0.039154341953298644
0.029608863823496718
0.02888006367375255
0.027135614789423945
0.023203779426636588
0.02698540908358005
0.024678340160586846
0.024387691323321935
0.031619438124801225
0.03490251019749748
0.02345064878481131
0.03400403695460114
0.030740730883019294
0.027093952224111775
0.021784733056278902
0.02851359902845586
0.030452038715494893
0.037147567700872665
0.03076268184347921
0.02806014703387167
0.0292762339502965
0.031967718829682065
0.026249925785668243
0.03377612435759923
0.020501538701738767
0.02385188452596552
0.019862626250210465
0.031358316384972
0.0318971858023556
0.0324084129533714
0.026817647514460974
0.036455830808165314
0.03634647736179637
0.0
0.013873685631439071
0.03721773442661432
0.03623374013307561
0.030611121249746256
0.025998286088932607
0.024595216222273966
0.03938388122239855
0.03187879628901845
0.03344100883682632
0.03451893467631216
0.03441872156966327
0.028679198217665812
0.038201716238836676
0.026629897281415685
0.035541471251623914
0.030344108335743688
0.017377851925815056
0.022604319369683896
0.029096053652209266
0.025534056333453948
0.03458571598418766
0.03515589222162398
0.02913449360616218
0.03899320371773582
0.035279467980682426
0.03529248885394975
0.03145383997136825
0.0352789928562369
0.030066981309431945
0.0185580472871234
0.024210127542805108
0.035373342415336614
0.028769310740304845
0.017870866872588407
0.025118619655048666
0.0231758744567866
0.031984783401739575
0.03689356981416489
0.021106036274540576
0.04040870175955358
0.02315914722968563
0.02982373625771932
0.023448001998777956
0.01591661586379323
0.02774106058039243
0.022351431475411118
0.029325844524284387
0.02595214458563585
0.024108684293735222
0.03196020065741917
0.023053304376909747
0.025941847140093913
0.04068195472239154
0.0309867067376392
0.03694599059189407
0.03655219711940985
0.03159834474391884
0.03397020213000052
0.030196210219451056
0.03972868725680173
0.023734766703719674
0.027850134330456768
0.014673818809383763
0.03464095143756301
0.02380264363527248
0.028313322760041535
0.02301255096801642
0.01801336695345985
0.023222652674595567
0.03138303727256019
0.02535335378603792
0.03142003720248522
0.018694239811720772
0.030300075449947294
0.03586588415454854
0.02564862784097811
0.030272379966563734
0.027985408134815894
0.013908107691399177
0.030323351877416724
0.03233859889537005
0.031242169684478537
0.028922938740729653
0.03558190668872228
0.02620397908079363
0.016951647306382888
0.017394767399278508
0.033995111645352766
0.029165661973350573
0.020726573238236998
0.027125078401384457
0.03519969240799253
0.037636558002345125
0.03786275246976563
0.02933382692624489
0.027423699322301525
0.023050755910719138
0.020827386351868538
0.03521520243843562
0.0282478412585037
0.02871095831216945
0.029693767977788735
0.02705763947668014
0.028365528952168262
0.03915140125968966
0.028593490693086518
0.02563300711595116
0.030657352928292327
0.02826503382692014
0.03408798485022385
0.02440264116466856
0.020971840426561483
0.03456527768947148
0.038510972325591766
0.02958898420443459
0.02673784960473624
0.02184082106974011
0.03257287849003314
0.039059829858508685
0.029770102343020344
0.029999699382855172
0.03838554637842592
0.02781948684816545
0.025832967496390958
0.021317229294008606
0.017578869067529094
0.02567166338605554
0.03345766991423643
0.02954926937959325
0.026009852593836955
0.01886385270239827
0.020544352693894027
0.02983718078356446
0.036605556360382305
0.030092781393550153
0.03121875616925037
0.027379495826197493
0.03026898263864867
0.015849928328177557
0.030374621732290816
0.023506328014435147
0.027147203873379943
0.020812595148264296
0.027154952851931542
0.022485744308894866
0.02758835897309089
0.034791456375884926
0.030068407561093167
0.024321085071205506
0.017415102248120793
0.03084752635155699
0.0234334370531181
0.03257743784326968
0.027990917008550945
0.027444316881528485
0.02216788766374059
0.02339135643007668
0.026415566606374414
0.025870809458924966
0.035364313016662555
0.02631355680121202
0.03576545376714795
0.031713513003524166
0.022128216990856753
0.02455260959964383
0.012608094923897133
0.02712517289528643
0.026062141710182424
0.03283870186128267
0.031198486688892992
0.025286330252507837
0.02567703309988322
0.027047148438729525
0.03164943665106847
0.030884159140951207
0.029031362163673982
0.021585607237359677
0.03122405802878168
0.03466837046529223
0.02601481990242387
0.024498158201179072
0.0233173357933534
0.02734810209765474
0.01633133193435244
0.029713247026789232
0.031166874927557327
0.024129755468158532
0.030199264787312358
0.025486675388545887
0.03225518250306646
0.027928261888969824
0.018415510996168408
0.022771770627248177
0.02608083115793841
0.025104363948510115
0.028616844313253415
0.017708270428123573
0.023402514931136053
0.022326102912958237
0.03467315514784102
0.024731009451066578
0.017307686487672353
0.018020966277158976
0.025619791775890972
0.03191056827880913
0.02289066645425594
0.03702479302948954
0.0
0.028646850085480638
0.0246631795664737
0.019742020978422974
0.023205702355592002
0.020823270840576474
0.022842320713097494
0.0233633010274224
0.011566597781975541
0.03005075722432136
0.03138503417111197
0.037468804188229995
0.023862807369681018
0.035552853507107594
0.041001397474593824
0.030414731957483232
0.023357031688456424
0.03156007049976277
0.028575787085495227
0.03265187958770512
0.01877506417580381
0.023072751146753202
0.029943446283160202
0.027519468853885967
0.030599097889147466
0.03527268957794015
0.021782191927352115
0.03018493700196344
0.03599623039405695
0.03765037299873506
0.03255274703024107
0.03128512879814737
0.03424494758544687
0.02117277594905513
0.028252984991147534
0.02614253590147679
0.029720859360388523
0.034527872895592865
0.02144959560613359
0.03093469485641499
0.035967709849128594
0.03422084457085854
0.023780982495262858
0.02061848808412015
0.026579146837880784
0.025074406479626915
0.02717933551845023
0.02338280899721
0.034271176830493265
