0.011265090889557919
0.0328412883902322
0.026174751937017477
0.04217597982875593
0.024753239201950702
0.06063487031460452
0.06621790851420155
0.053157129472348325
0.044782811887638274
0.03718314655503808
0.0298163173981651
0.068789498437076
0.0456917573989349
0.04425940516401256
0.044289784299855736
0.03337500383361184
0.03790735941871969
0.049772258800214866
0.06287644773949318
0.04586123998901461
0.042293626061351494
0.029437826487801137
0.04093822507711346
0.020323361029995872
0.05073578866144575
0.05409831505363127
0.048558068628361505
0.03164947765586169
0.040031789657998355
0.03883079077595293
0.03584233598292846
0.04176761612406792
0.023042617685768686
0.02597633362445303
0.03677599716955341
0.031231055162763893
0.03354974364586609
0.034656649391136975
0.031381567863246654
0.05804828319601065
0.029261264038283184
0.05435153580322423
0.03961105712462115
0.049436133693334966
0.02928910268831055
0.03139476776197152
0.038509584079291184
0.04971493875043998
0.04842875923901415
0.041892474448749925
0.06529742832741281
0.04761896545035917
0.0563900678640844
0.06410514072838175
0.07080927009367229
0.05399028494868311
0.04378332097029072
0.051594001878512985
0.035032734169630556
0.024886560519128027
0.029207617107129196
0.040102544000505745
0.033117292212453006
0.05230672998418926
0.039617409020936994
0.05849030542296925
0.03551471530391485
0.046414852391838096
0.03256255499131636
0.038527645008256395
0.04538008025142307
0.026098036068842895
0.039307758214857505
0.03817399211832582
0.045493622694215065
0.02341530554041755
0.031597619307077565
0.0209519173878351
0.033663660905846576
0.04115180524945112
0.03638387947973111
0.04981658212875538
0.02656566092374733
0.04051055569416447
0.06397742792145958
0.04597153952978
0.06923280989029572
0.052730834269379044
0.03386518822293772
0.03950492794314316
0.05023498097222138
0.04314665732485831
0.03314702880745877
0.05190170238031425
0.04245333887579545
0.04220938269259573
0.04335160550235968
0.03172789083917334
0.030293736607864455
0.023809047825004107
0.028599592572855517
0.04392251711821628
0.05762962461293463
0.048762615204529305
0.03177944194168614
0.044190232213012874
0.044465578581640006
0.031419243289565225
0.038175657201415636
0.029107382067838472
0.04332283085524884
0.03612404939925754
0.019482911553917674
0.050976058206551926
0.051528248883500785
0.053576397609357035
0.05130418344600394
0.06440684512059108
0.04092826455858815
0.061112511432466356
0.05621331271529949
0.053196553245341435
0.03881345599386249
0.06602601814842564
0.04082115351662278
0.02497672521939172
0.02098670678998704
0.05752252369159653
0.024722306164941952
0.036406176308697955
0.06621370356393806
0.05708854461102995
0.03127017388289782
0.03335204205682167
0.040547787895272476
0.03849098182547299
0.05092230509669021
0.06597142320277775
0.032995617600107115
0.06096031112233436
0.03174042787229083
0.033337553028062655
0.03199016286008005
0.02753254193939318
0.041932415267576725
0.02523291963617281
0.04022954094791538
0.040993473714997855
0.04040981919137971
0.051867048454839526
0.05255544294282629
0.043030406139380084
0.044849013918616135
0.050671474569579614
0.03851977022338663
0.048511997971635905
0.04654351320672948
0.04764716714034532
0.04992185819338059
0.051536719500652105
0.042518520373890895
0.024443255072832622
0.041725390561990254
0.046436723123900916
0.036328511204183705
0.04059063438056456
0.03989683060172201
0.05768835333492036
0.04463428669846337
0.056869173668355665
0.03893817770729644
0.029561228036455642
0.035133155337705356
0.05599382754489154
0.04016041149130108
0.02875128899773455
0.03259360500575396
0.03659542840043584
0.04283027997474757
0.029190150137771178
0.04131378347428378
0.03515041466946017
0.04038796995350918
0.04135256682346202
0.02450091456569643
0.054095536590166554
0.039849149350263416
0.047260563898749414
0.035640291923608014
0.053623331438842896
0.03326556587524097
0.03866218235320528
0.02902979363085449
0.040364670001338344
0.02440779290399781
0.020153927924297446
0.04463036173811497
0.030210689337550733
0.036422611510434
0.03738868752122762
0.02802167203354498
0.03139752388517284
0.02588969736516824
0.029051557762934582
0.03123352319596047
0.034339892313484686
0.03975673241807607
0.04060460902256048
0.035166575769827256
0.02287055760142284
0.03744935393367958
0.03289320038587003
0.03149318905533381
0.05409444792577619
0.05373023006663831
0.06056050781656312
0.0397025600064089
0.03034086710289531
0.05905380941649743
0.07654683513669552
0.04359888852264021
0.04936262284037329
0.048860702912950395
0.04479510742832301
0.04401146301317415
0.05211168382852354
0.034919250874338614
0.026381413271889427
0.032836456873420454
0.03986403547108606
0.04509691536707356
0.061507023810519125
0.04566780363327644
0.03693192064715161
0.04434244000052328
0.037383450787420724
0.03133980807415707
0.0581778431931875
0.051542422038927276
0.0716491144785474
0.048199362579421035
0.07111924215534082
0.05455310198254877
0.02990035122053104
0.0696212089727558
0.07148855737262255
0.043254924848218135
0.053104228008464656
0.024132777168718093
0.03261480533268416
0.03290622747007777
0.0444543609536792
0.02583284946213511
0.038553291430958245
0.033678314244156064
0.046086071383987626
0.0228021901541643
0.028420846360429266
0.02218951658378846
0.029705858047708773
0.02914767685425383
0.02251395164731814
0.03294512233434561
0.02803113953489937
0.023374351812973655
0.025803114443028012
0.025063992297694446
0.03234699127415911
0.03765891472626365
0.022595578449087984
0.028621353792066245
0.024523001729646044
0.02984697914898919
0.03815212296688814
0.04639173574448642
0.02313138525025157
0.029844181980999234
0.029978218947259133
0.04022689003888321
0.017569082266710587
0.03192539317605275
0.05575754968259765
0.034109105326578126
0.0392903457363256
0.03696318708954729
0.029915980942787364
0.029120184594641677
0.03927525251109152
0.040628887488701915
0.02785742019514529
0.033820073176653004
0.029555377648767225
0.0313949741534993
0.07188817432215604
0.04076333868381735
0.06202363171853226
0.047425605017747674
0.04888692222921816
0.03657275476681516
0.034442255905822276
0.029410587148338253
0.03415926030465986
0.025035238539364492
0.03669628959039863
0.03974003874557754
0.036743352411619225
0.04080097316584496
0.04614233406896094
0.036571417339706695
0.05110368180753301
0.054738781722756695
0.04690625064755253
0.03943964947965593
0.03465640000897701
0.03903938506415663
0.03839481649800605
0.02576441342251842
0.037750947537359324
0.02284994920706725
0.028042265614207775
0.03777341621034559
0.023663021086393884
0.030480935109252216
0.01834570899438522
0.03760654921716311
0.02586041451792307
0.04405689939982614
0.04028454328308394
0.025156441366421856
0.025619104107091624
0.04039605717610314
0.028359387497303674
0.03982753516962235
0.04816686578344081
0.038297467207375424
0.051796782698542175
0.04139378470455039
0.05436936121235918
0.04668187404764293
0.05788392949376265
0.050364070274601554
0.033446642707078963
0.034145896536553234
0.05407742955952719
0.04896912676800463
0.05690200587123996
0.03501138431424843
0.021760797618653592
0.03466357717010933
0.036621067664567034
0.039665571215874364
0.06291760713488939
0.056113131822877485
0.05024425703709828
0.026950231664970032
0.030715459007350423
0.026113926078733404
0.03348927606795288
0.02579679323990142
0.0320166679823876
0.02930266025811477
0.04187227224023075
0.04500435997267044
0.029714754049984433
0.04792723460448734
0.048818366094875984
0.022791039870833148
0.03797827081621808
0.042327790867899846
0.045656516918301034
0.04727399880354698
0.016244326470391694
0.04499735867556872
0.03487538904823318
0.029422975803952953
0.03566512050834818
0.03242808804621905
0.049268591934457394
0.06382473630489108
0.03571496184514271
0.04741502567330317
0.042321799385449416
0.07145144495946566
0.06625861263143483
0.07263590024569465
0.03158862676177053
0.047276316672859586
0.02191723507866208
0.05223434854568249
0.054667589737633464
0.0389868293715256
0.061523679840683215
0.037155483277236494
0.06604170721996659
0.033769128120222446
0.03502259240991611
0.043611179760039705
0.03006610064877414
0.03918571007142269
0.045520128862588494
0.03998482849860056
0.05084031049329266
0.028786890534022183
0.04538174574803366
0.04233643019386966
0.05430785603170137
0.042250107758738296
0.05678390442453253
0.03374907700604563
0.03625704273396408
0.03533528999142046
0.05021755260032761
0.045101967325439384
0.034784838958589415
0.03680877809707894
0.01507317754231743
0.05858846594861356
0.02616211563463476
0.03239395856290181
0.039808463236477576
0.024942566830843827
0.029054899841722038
0.055649766628404825
0.039542254689691705
0.03247479859441006
0.016220319956334953
0.036006662207408224
0.051062112404173014
0.02527076458286334
0.03670208415948611
0.020271626065348897
0.018244202847906385
0.02219717503797879
0.026244556104287782
0.03459693335889759
0.030650870136280154
0.024077447306815995
0.024160994678924134
0.03298750737961267
0.03962145724163106
0.031434742719044166
0.02614935929186414
0.03007007838366905
0.02498590916007571
0.03255593235686854
0.036063119838000715
0.05532584537741478
0.04689464577077433
0.06041436126727927
0.035147817085686664
0.04146019548723813
0.033051819769303166
0.043071306733153424
0.0645201273394299
0.06274156712127403
0.058035054083509854
0.05865102929908261
0.04027179263827902
0.052739565052696384
0.05657919812265175
0.05511728557018203
0.04363079040797911
0.033930583288237164
0.038144365349550624
0.016051685913531597
0.03837269363834779
0.028817100118505967
0.06813328627785695
0.03588653832102882
0.034335892522439314
0.02076893424216935
0.020302954831474294
0.047251483141331756
0.056312524237015375
0.02637341395968467
0.046002024783698414
0.06409838673556492
0.07509113615381109
0.05249284812895954
0.05327317609501056
0.051002216517716234
0.02387260801237481
0.04110238573975961
0.054159699640405096
0.04546586374677159
0.030947981189449143
0.04192429932889962
0.024969071539718
0.039093626347526285
0.03747875077061166
0.025439215642083818
0.03874592115599602
0.02688123314590391
0.040434648087500386
0.07318863855654098
0.043117151450437936
0.07614712505249291
0.05853618274943282
0.05587182527820617
0.03767984911358972
0.030715726190381733
0.050709871602677085
0.054362980106369745
0.027582991508455997
0.029839791593329428
0.04939998493231045
0.051758417167594294
0.03588720566571502
0.029965369026668104
0.017856361631954084
0.0317476475041678
0.031433616123541605
0.03910877490333845
0.03513436959386298
0.03360061887882424
0.04861351201812522
0.03126940343945342
0.028907424184800676
0.028618951611825306
0.021895234067917393
0.03870764640016234
0.04455879641620967
0.03920471742328969
0.03587494798950936
0.0550001760621551
0.0320859679870605
0.03436970118112756
0.04644178297431457
0.026300859351454636
0.0245183253211868
0.03209778344372079
0.03679230836057996
0.028033508735083347
0.037499665995549554
0.021078076535690916
0.03643613458762468
0.01854378740231405
0.017343215567541783
0.022447404088495927
0.014318401069796703
0.06193392734398484
0.02940900943399639
0.0483636566911705
0.03769339529678906
0.03540798717634205
0.048894737927920234
0.0342417518412829
0.03283409698096718
0.07311776554149656
0.027840191198676912
0.04811131010213456
0.0414170047880472
0.055168246457120554
0.05277687110294314
0.03510161511928226
0.029090714007887652
0.02968086179117217
0.02903809834789842
0.023237113308599004
0.029126577032078885
0.04274994891661663
0.03700172704347734
0.020412905956472185
0.02554900422064752
0.036531745570728545
0.032073113546326755
0.05044282560404404
0.07282862588982439
0.049085570170027196
0.044585929062597805
0.04985485256775412
0.03760562851856219
0.030549843253484973
0.03141211554778668
0.033701502194061116
0.037340716052305274
0.054075955822589256
0.04880666517028745
0.04314430582939074
0.04117792409392445
0.04413837590351512
0.034075530578733776
0.04413712447090316
0.03972766664479555
0.033719085089753006
0.04097244418425916
0.04202560030945896
0.03777475568151829
0.043974718540998096
0.032996965929545055
0.04901981096823114
0.042373950186510544
0.04009356442971872
0.04975623209769818
0.027567304734654977
0.0348126224745502
0.04250149840652669
0.06975685784118284
0.039489049684691094
0.03482764716249144
0.03983045946728456
0.04380636902894369
0.0396193896136726
0.042771946574828634
0.04622326388605638
0.02002596033485868
0.029458040275534333
0.03566773455186777
0.014140437813432681
0.029637611693167892
0.018471123917557848
0.022566998033017642
0.028509616021031615
0.03395162331262676
0.028913276843216887
0.03559984692888437
0.031865787884500715
0.04071853477942624
0.04092074130763842
0.07157559860570943
0.01992727618394221
0.03238987436395051
0.022417249851150116
0.027789528820447745
0.02874801300380009
0.04247378948687066
0.025541695486253485
0.024259824049009313
0.022900701498231688
0.031691810216521225
0.05114499088192809
0.028213918952176703
0.044478973795697735
0.024859421870992857
0.05275162173731402
0.040519040827386645
0.032329897180280405
0.023397814439719705
0.02666531129263891
0.05106331977770347
0.042740260435858414
0.03900076281407839
0.02561404789910756
0.030961138548993943
0.037568576066160465
0.03909225247488303
0.0304677034661295
0.03803776843612138
0.03636249018648886
0.025638628594802423
0.03681619348722634
0.030702533275977432
0.029016799118140136
0.03784949919968121
0.03616677811023538
0.03005904231120264
0.030600844427686985
0.04055860419195908
0.024207618947577416
0.048482432533857006
0.029384872239055695
0.03274355632303861
0.03697862174051545
0.037041965892383406
0.024759025459730015
0.02448202965626018
0.017926353499216962
0.01842529664878029
0.025637153706117848
0.02465471632798345
0.02996777324430731
0.02230418230337584
0.028357150765665196
0.02665664304059725
0.03776440447995474
0.03203205224625277
0.021590666980588345
0.03305922045353583
0.042356398553721065
0.03511050071247392
0.01842658241128702
0.03399033802465966
0.02698046264532089
0.03460911127282067
0.03806561984442553
0.04274229125477017
0.03397106090230508
0.0466723430074552
0.04198634364290362
0.03164669381625823
0.057803704032873146
0.04484356951113503
0.03991316527719193
0.031722749721436336
0.05269342227662026
0.03319784921685438
0.05986319589731244
0.0335466884684614
0.0388631624817127
0.029460692195986623
0.03877307279400085
0.025314079780057425
0.02787287035013713
0.051805429266631904
0.03274123197498831
0.031223609422598806
0.026855341293679363
0.054086667142651666
0.04038727033806562
0.03640733556407274
0.03426191565535994
0.024858803860503792
0.047675065424414596
0.05204879304983407
0.033370553371385704
0.038282085511633264
0.05915113439542224
0.06663495130665761
0.04044866687612278
0.041517281720654824
0.022243368135244218
0.059164439560960076
0.04466575802513591
0.025859602599904743
0.0407098692786835
0.05494867789164711
0.06967507044496035
0.04624944171622509
0.03671350362680682
0.023422469755438793
0.019701138717794348
0.042694424948958136
0.030473518903030135
0.026243850742179182
0.04333088259039389
0.028372034227166363
0.04351152658962907
0.02693916890885833
0.049173292563494286
0.030112214764412868
0.027578378654079312
0.02485736639210018
0.04590275685703011
0.03771019026316707
0.02331923509088957
0.03840398246757747
0.03390727831880478
0.031062877040202993
0.025065935173103435
0.030333965061734906
0.04805685932779107
0.026228733150582106
0.02951366276303233
0.040031303619979704
0.04261344966637667
0.04535719336185606
0.03733497678528975
0.030487010900472962
0.044055255041960915
0.05906881119443329
0.03353765999055389
0.02413347036323896
0.03436047339185278
0.029342532816601416
0.029333232897858354
0.02805065751259471
0.024101654562844126
0.029972813287627784
0.038060559203575685
0.03504141980749353
0.03513811589542039
0.04142976579572815
0.028755451525676923
0.04906632555495675
0.026659072081042554
0.029425528466886643
0.022455222688719842
0.028386284016228728
0.04373141813173341
0.061137593093366145
0.03482110845629412
0.0500162413645808
0.05664373039922068
0.039047872284581765
0.04467367650553953
0.036978915618736015
0.026151683980786704
0.042366807623497045
0.04007353622510744
0.031683912670908934
0.02925344142917206
0.035268405619761065
0.05571810591919137
0.031240898580404287
0.03803626349507359
0.031747068864384984
0.02802463572367076
0.03763146472848367
0.023308514221679247
0.03707760748753892
0.042295504437233115
0.02901745399539727
0.034303872812482844
0.0268064963465015
0.018543469620207427
0.0338937664697973
0.03238721540719772
0.03712974318168119
0.05032100173707199
0.0359006465126069
0.029424419240941153
0.03086136235448788
0.03625104078352634
0.04488308049192303
0.027138483272528883
0.033146356502261304
0.03789200214672617
0.02589572210273774
0.03268716911113595
0.02270243177136173
0.02255676115935086
0.025373703369170726
0.02762670950077116
0.018923028495254745
0.020402018044628253
0.04344733555156173
0.04240626093769748
0.044950880227060105
0.04777994129266615
0.026615689117505958
0.05313286038027684
0.03211119074922846
0.04245330390264111
0.04274728963712206
0.02642572931612087
0.03413367158890021
0.03222510184685228
0.05630474000153095
0.03477933804987518
0.037597694112305576
0.0337940142464444
0.028438581362101884
0.026370032694961406
0.03146961969370876
0.020985707879941116
0.052733355039860666
0.05419963442127627
0.03172271738833228
0.04333587272815798
0.024928994310507872
0.0573395247824745
0.05137760020904046
0.042097306975179515
0.058538992635678314
0.06185651236303861
0.04884240779708415
0.038156388313426624
0.053713873343857736
0.02492469323114477
0.057885785451408794
0.05026102753314449
0.03082495019967594
0.02733202669641112
0.026542678755731432
0.028635520330604163
0.02523247903652928
0.038322257423102066
0.04493330741290364
0.03367898799322065
0.026904273402813393
0.033440996251093084
0.037007524738085426
0.027687203846045966
0.03598461371620367
0.05354352136419618
0.0488303740597809
0.03434715536438204
0.025708702714268266
0.03523471579280868
0.028264003617007604
0.017338408321283565
0.03376139011193118
0.03444943411541759
0.034452167896978546
0.021660184087244787
0.021962420255442424
0.027524631006831356
0.014452328506356875
0.028142514322684466
0.03453717786477532
0.027564683892128534
0.04212634577980784
0.02462428525762493
0.022212353340352473
0.024574182932862267
0.03421221168380673
0.03185653661912348
0.028187196125512858
0.03642283524452757
0.024061417539288865
0.03207042951954528
0.04211944587486344
0.028506467120053117
0.02588892248948706
0.02486074235282074
0.041440001531330414
0.0317171569483913
0.019542516007128873
0.027752417769673743
0.031136026459392615
0.03437710395823876
0.024084289275145495
0.03227445683164598
0.029447562030761692
0.054894904125603314
0.03771167497385044
0.034494750214102525
0.03291012934303051
0.051633798070256254
0.062050519594252077
0.021172932943842322
0.0389603582127077
0.03420309191052772
0.03475979819417827
0.043911190934088816
0.04903906430974178
0.022919835984482013
0.04599002907900256
0.04447524305374843
0.04175456237184813
0.03664737649901966
0.028555583166869458
0.024574134567535287
0.02289526408446954
0.04442744351074711
0.034614032032665595
0.03719067785279535
0.028867900133173724
0.048509911024165936
0.049562386557586297
0.06358832314933652
0.029917253066828457
0.0341120474645282
0.03541201503093422
0.04611790260920915
0.027778020853345374
0.03752967798955912
0.027438633646284183
0.03430585462880203
0.02595788279237157
0.04025528786514399
0.03627766265637829
0.03448662472329756
0.037360792972881265
0.036577278550488056
0.044867814403348576
0.035103222392443255
0.026983539048093672
0.032542045287606375
0.0313682956537684
0.02463830315225102
0.03248639723193556
0.04149987105232978
0.028244177268288446
0.030287588165368983
0.05224790202406852
0.01810659351436501
0.04197774586190943
0.022727171556159904
0.04608614311839178
0.06151868550187658
0.04644719380128237
0.03345195904112175
0.03112378407763501
0.03902384360586685
0.03396015500170751
0.03043857885638934
0.04071079328630181
0.026345160645300025
0.01810012396519866
0.022362879999876725
0.03502318232703173
0.03506997688748735
0.039466562813067325
0.03373495277127272
0.029342545929503135
0.035684721488614866
0.022409786602186874
0.028411999806419775
0.04734819547658487
0.033900600804041774
0.026665961881441706
0.03510440968916873
0.037953936931825596
0.03912787059322302
0.029404230188869167
0.029773106599002275
0.03307031983012352
0.03700847071306783
0.029693878475013907
0.04528749509213331
0.032017122563559715
0.022527379025927132
0.027887918846025476
0.019568496370122555
0.03581690632229419
0.044670234816038296
0.030289862860553064
0.015197048755889671
0.026158048057672426
0.02566010776721324
0.025722991033071962
0.020347422757904503
0.01348696360688102
0.03124098888679738
0.022522163891930975
0.023308680976743896
0.03357762200811721
0.022372332161250643
0.020877022438290576
0.023264513650085174
0.02653766737425628
0.022693086303982573
0.029968861688240554
0.04011955611902378
0.05638659897947591
0.03058743839116529
0.02865710375960712
0.023417412022093704
0.025508999575313274
0.02834070500377693
0.0206026114579897
0.029670232798772157
0.02166927242535946
0.03533718675223736
0.029377403617619084
0.028672590878165618
0.025262928918921918
0.030850690025710937
0.03329048024679881
0.027359193005073938
0.01928340379704787
0.024033183667327554
0.02920766585376172
0.03407651637583419
0.022979093312061747
0.019658731331282688
0.038611658748524375
0.03094899322361809
0.01908406506020723
0.03696028435107742
0.028030717947756304
0.03243038754871736
0.03060942875070431
0.019935601532044208
0.0197304659403224
0.030474375106308585
0.037953731988303915
0.030778405656852643
0.039781568369283794
0.03248472412620359
0.021863329684402782
0.04041222342856177
0.04723598250698294
0.014537187264239105
0.027912497181171187
0.020902944147363017
0.029967241470497584
0.049007373003534895
0.034341832402560515
0.026869611669079935
0.024084843466060765
0.026469418782578125
0.025050327631479043
0.018261315575706913
0.02191805606495852
0.03542792779803105
0.03289051465453236
0.035028867657405066
0.04516120255750504
0.03582904801645757
0.03615120116088811
0.029415546916724176
0.03405908670439904
0.042641192871475816
0.02352199015814778
0.02558053352893564
0.034633151912221244
0.040543853343756014
0.05012291161789736
0.03599533075622448
0.03323529843237282
0.03704738994067826
0.02758207530108999
0.03107157299685499
0.025923734222594738
0.021782058136610213
0.036789698336898595
0.04886258432811573
0.042102264294579396
0.04643116205019645
0.03562461780424994
0.029662357590144857
0.02752909068971409
0.0187081334238492
0.026344060628136004
0.03156676901081614
0.029331716781082318
0.04496985534671477
0.028923548916535074
0.045353516967743535
0.026040509749726458
0.031926638475243393
0.036348506782431976
0.023062353491759932
0.021655341883958134
0.030034535242320925
0.049863585760201785
0.04444898611528342
0.025157716120009537
0.028994798138728652
0.0324636856827919
0.03091935503349808
0.021554932511041593
0.025714416041071792
0.024985612193153667
0.04086216488850042
0.018956057797501646
0.016920101733342675
0.03266388916253265
0.028545938468764694
0.015942459182252212
0.028337816676891763
0.029033660183770627
0.02642718996053166
0.032220229183680324
0.02630785684501453
0.023624143643503532
0.022754535306175817
0.015802807141630112
0.031458556998763376
0.03930538176170791
0.031320576843985454
0.025057123833708037
0.03725306992761941
0.041116907024612126
0.028469670758062036
0.033702027053131314
0.03122871704886586
0.05193463721726466
0.031193839730385947
0.04941704079930323
0.04739196731844431
0.05550020332413572
0.021267379951465572
0.022126585424677624
0.03771720416615093
0.03766640169965798
0.033508416820442304
0.034776423459963006
0.048656881314832735
0.022339852543996373
0.028174147178259414
0.036989108627574374
0.02547102674281769
0.03675461294588205
0.03525700919778222
0.02568126207146627
0.03514411115122988
0.026230660450447432
0.0407648075938874
0.02960729418994582
0.020855667766820584
0.036868333063272654
0.021665431175857813
0.03863758162964529
0.031613436768775025
0.01805640562238228
0.02339282959583984
0.04365146402172555
0.029205670346270113
0.032628203871420784
0.02512577149064281
0.03459723296450169
0.027777294772439617
0.025571409974080417
0.032362301733652954
0.027658329221739365
0.029501700193421094
0.01557612007297776
0.030580953339928545
0.02042663330564104
0.021188038952411163
0.032466806447337675
0.023869352756201848
0.022900800007859958
0.03437735478803197
0.03753514200552599
0.030597629757511957
0.02720493007812291
0.014873262368904287
0.022331583538741175
0.03138543733255208
0.024299616846544938
0.02694513262168136
0.03633445459737749
0.042125814995083395
0.0363504498816728
0.02839321119172292
0.022353735157835824
0.03625740393629966
0.043847612815579744
0.017546495553876905
0.024861336222692876
0.027557171932547732
0.03474086349801595
0.03532964914754869
0.02879914292513272
0.022461662041502434
0.033933524579315345
0.042810447970092584
0.035226325050387475
0.03802248158409047
0.022347662709007225
0.028179119136930622
0.029721150295520013
0.042554229839650806
0.02964711179888565
0.02768288666306316
0.01119908018544382
0.025288713464046934
0.0
0.027905036973636173
0.05460426815149159
0.006999721940905955
0.06504241510300876
0.05793576971906036
0.022226737356166364
0.0
0.027799291025132282
0.05167624619883396
0.04241716956872796
0.018022738434467354
0.06611349629844966
0.06225911380673521
0.0
0.0333088794146546
0.047732783204003516
0.019210457106742677
0.05078138727966067
0.058528696273153574
0.0254237729362206
0.05480593751153585
0.02389485952715571
0.030556207474914165
0.0
0.018153936038746196
0.01018751406134003
0.0
0.05092875622094503
0.07558769898766597
0.0
0.0
0.05458062981224555
0.044943128329978405
0.019701451423043553
0.0
0.0408880549031132
0.04023832197619577
0.037996257632395836
0.0603112622873207
0.07111304174780456
0.07497583963295702
0.059097784887222185
0.07304215579338524
0.06134434111692776
0.053951331502475434
0.053211862908084266
0.050865086968699146
