0.03856376602621945
0.04254725553452294
0.048794298952299704
0.044766678490678495
0.06204854096631166
0.02510783345226471
0.03623667489841091
0.031972372213038176
0.05632192153790763
0.05595183955416234
0.028284434175040122
0.02329052347824379
0.02666330191672737
0.04705321634247108
0.03959026116844844
0.051400711947832564
0.06879321859961489
0.026988326661066712
0.03721779815486669
0.02663826198837138
0.04918991982854589
0.03336979066176462
0.0326874751527588
0.05367116453814334
0.021823297635019896
0.038103369629535394
0.029992169205779805
0.016417780534970138
0.016553101131946368
0.02996266556378954
0.019901468873762374
0.03326570739124601
0.04564491198973468
0.04045519379604552
0.05362895617748463
0.03673665545171169
0.05358862677415424
0.05194328741956358
0.040931681437640685
0.055073063494234645
0.0395454544244973
0.02040370000759671
0.03268743604812098
0.04390477483098142
0.05601980044841286
0.05225927908611073
0.04521512159665176
0.048842608486443374
0.048268817708456646
0.02628784371572197
0.03662198856088511
0.038021067514676626
0.03308162831374671
0.07427205704349536
0.04969929720855943
0.047521571965617175
0.05437986083346682
0.06452035101933389
0.052408100152476836
0.031698972532639
0.036031721163441555
0.0523339663218088
0.03788684020385773
0.03865287569483017
0.04865991719320936
0.032975669780195525
0.03688034130963271
0.029250082563986035
0.040789174842383126
0.028330920486722654
0.05529892510031278
0.060641197121146184
0.057042281086050584
0.04166628886736412
0.0560116359861056
0.04469873352074016
0.03839649594992493
0.03283851885355527
0.04159976140161206
0.04269685181211372
0.05339926704790307
0.041044953958809645
0.03848164569466334
0.04484161189288914
0.06207391216503289
0.03976989875364286
0.041058777158145134
0.022465953730033426
0.03260696884505522
0.051971822806742445
0.06961551718663932
0.024745348648584495
0.02365660151343714
0.029772798359800373
0.01811081394403781
0.03468862104520415
0.034079332552475465
0.029460254042692768
0.030270595234557336
0.03755922993653036
0.04620194743190618
0.040168564540326794
0.05278928942871009
0.04217236930933892
0.03196586648459745
0.03173329371126729
0.035398123467669865
0.04940535561616776
0.036030152890865814
0.028157217912331115
0.028650919569666578
0.030788811510078215
0.04425814095497459
0.04357038629396002
0.02533409054570102
0.03141760295897032
0.05355871192776308
0.04859826596872223
0.04162162067438629
0.03166296605219138
0.03754486566549415
0.049159678349639344
0.04100796655470739
0.03460217777933206
0.03667387912141968
0.056530166535975326
0.025598065031061313
0.04958739279655664
0.06635527005104326
0.04894271928840219
0.04488873329021432
0.03052325856984763
0.06729856586622855
0.056479830950585105
0.057669635680572866
0.07278004565748945
0.06257926317235163
0.06797543283790099
0.02208790162057046
0.02540344693584354
0.04061943532811605
0.0400906003041861
0.036136029648537696
0.05263910358094597
0.018119322862623743
0.022068175907602527
0.026911744718849082
0.02523989335110193
0.060562524963187196
0.05542036440620607
0.043246543779127636
0.03163601570292243
0.032557513415684844
0.04322950245588463
0.03452841967676772
0.040868993707210324
0.03216187650744282
0.03721811257277834
0.045715793767580996
0.0280422820081074
0.02675756575251194
0.03430767082410284
0.038706439924643024
0.027061619808626862
0.062450607187943805
0.02986399900846798
0.048060120183786456
0.02385933642320247
0.02585264255996538
0.02708771418780108
0.03941307543189184
0.049658383612026534
0.06076655869869246
0.04292994439921861
0.034107470933836474
0.04936325989356874
0.058186280590800575
0.053526728501334296
0.06378423456623138
0.07360975233928849
0.06205440668200965
0.07082645203222548
0.046375358267366794
0.053748536827212146
0.05396663487106553
0.06237555133589255
0.05717240375746325
0.042217682833871714
0.03920549057721377
0.035017134894537304
0.03488113125516436
0.044514623268314936
0.059648875826791625
0.037656290159222505
0.06350740909398343
0.04666189996346067
0.03710475482714071
0.059069584630679614
0.04494504181636723
0.022295590398327656
0.06695703935871791
0.04643029583448465
0.04786760028250383
0.034599258376766175
0.030480340886472328
0.038493066659789535
0.03183853041869588
0.0635729404114675
0.04359247452347705
0.05737861045043021
0.055584410406855786
0.035883313286296535
0.04713536586750875
0.05892004116130602
0.06556746041456472
0.03186177617208429
0.02380197533819412
0.03257749473008763
0.026579597068287168
0.036212963102734426
0.0507176944412894
0.0535368934255584
0.038950711418406725
0.03194236126038414
0.05572949754734922
0.0371492406534104
0.03548926175225399
0.0619797272969602
0.044964430408935455
0.05358229236505827
0.04472892152337758
0.05446609950082523
0.03342972746959809
0.0285499018309268
0.031169497531641437
0.02655436997934612
0.03618597922943531
0.027319275043089945
0.06677796924867438
0.022200522498856224
0.0320871293168391
0.04412445855538123
0.03756327707099714
0.044724089302249144
0.05133668320957248
0.04678337471794869
0.02829431719849518
0.04758133074137369
0.05442790990790037
0.02653082396844176
0.06563024226634845
0.059261283909927756
0.029362394454605385
0.041313346591962265
0.03029856661259376
0.025028082687253508
0.02636062215165307
0.04234903498640792
0.041955062761393845
0.04972458237184498
0.036488643747061844
0.04719776166896051
0.029110658532367918
0.03144601366087604
0.022865485734508268
0.03272638399097895
0.02938883649130227
0.02801147540517997
0.013198256623088126
0.03942341699184002
0.06540499723502118
0.02867568653057841
0.02837670323081943
0.03632231097328474
0.03939011626436249
0.030925381959039693
0.038784469836778766
0.04670292169190274
0.03378122834319384
0.03420077095472558
0.044188932670551115
0.032791485857764986
0.04563664708786401
0.042087000867809254
0.02896912948127598
0.06353767425402919
0.052740106940071946
0.06991844848565328
0.04002768830647101
0.03130774336989175
0.024718912891863933
0.03121899230636698
0.050180830038582466
0.03680640371677869
0.02117012875098619
0.03581912117626559
0.02988315289404527
0.03504436286099862
0.040986830117451585
0.023638464624685305
0.0360549336019171
0.05691311639134163
0.042980605087064076
0.028402358454771796
0.032933269977334464
0.03606580922771588
0.04238482851445789
0.03450304381419766
0.03901487980963163
0.053982605129059835
0.04843351318689362
0.04828645247634163
0.0314876413322222
0.023619598794692175
0.035106395498185186
0.03492194036132582
0.027599722622021088
0.03748428154406863
0.060839939786160896
0.024859017615595804
0.027795185660020323
0.032035895048562336
0.05131586753626992
0.061143697072052236
0.03618113846406097
0.029487023868559514
0.03260065881608678
0.04752836616758458
0.04592056502658809
0.05382470376868013
0.05184146945523225
0.05504986699398612
0.03654881357703534
0.020335590553313455
0.03604735300462436
0.0358229358738923
0.0405420739534743
0.03629345322341207
0.0355875370617805
0.05764617720656438
0.05750553393404848
0.052432575550057606
0.04631655708063373
0.039226030665589634
0.02449798378443622
0.057109191067336466
0.023885147923250485
0.037034502001242
0.03092651934020373
0.03467129084934708
0.05127803399422109
0.06566187182938732
0.0524791835670212
0.049397539931053315
0.04873454025867585
0.04957348285677545
0.03447877415345573
0.05684237330743869
0.03212544829453743
0.03711827625146406
0.026138845777166627
0.026734660941681428
0.06267803520372989
0.06791122369702803
0.042202018801053176
0.033931787145545844
0.04410684089798309
0.06199468267311149
0.03630484928977949
0.03781860307550002
0.06921826367664534
0.031081922167475455
0.020195560818600234
0.033226809986440134
0.029604743893504655
0.019032303839641756
0.02511108847327208
0.03552066581611905
0.02920207899942906
0.03280851653322824
0.03777583545476535
0.028091601965712136
0.04814590247548064
0.03434142614976846
0.03803173708484292
0.03166009064958591
0.06336435018764489
0.04496495829849743
0.05938956941154223
0.07390798942445262
0.07370858033539754
0.03304791682282144
0.031963339850131445
0.03805865696362647
0.03614904951109454
0.02530211235143114
0.034612854798759335
0.03238862748126263
0.0371045357325843
0.029077843330924284
0.02902973252144618
0.02536236790626025
0.03436211685701312
0.03142541865638126
0.0310147848511892
0.03549575489378978
0.031684325613434226
0.03167974455990522
0.031038920195278846
0.03669504625889987
0.05731170591168044
0.03892780321736124
0.041824166128202056
0.034173751623477404
0.04593970953722376
0.04372494264473477
0.05834556063609722
0.05004957751218341
0.042861915326728575
0.031072070166132573
0.04982998552720996
0.04380579560666375
0.0382825026030895
0.04696017098896145
0.033565453925460655
0.028254433174282563
0.03387633878289285
0.020108214206029224
0.02470054286627903
0.032032399674001906
0.017080871842177388
0.01809192570365757
0.022171264833863967
0.033661457339960815
0.058749662660201665
0.0340561103921502
0.050648591788581825
0.03146510104332526
0.032438654157483156
0.04260827996141592
0.05420099805778807
0.048829582294303876
0.03817220597823887
0.05048986599509973
0.02468676896874733
0.035644267677075375
0.045638689003326974
0.05197312034196133
0.05635971455605501
0.04515428158524949
0.0344737895352397
0.05162701854135475
0.04071266033164625
0.02915522083606987
0.029290625591816933
0.02402628960812169
0.04315188873734265
0.050521027934514656
0.03541516582708601
0.027998930096746543
0.04480263235848977
0.03585974433260783
0.0378420522534125
0.04841111876367251
0.05860737636286829
0.024199600846111297
0.06061469445876824
0.05767565893615073
0.03420546013979345
0.04441486035893911
0.04132448947198261
0.03867495146836004
0.03811994941218447
0.04526428556973908
0.04546926588969787
0.019162072971251196
0.07243578568143234
0.03501278830497349
0.031808677143587705
0.03184193089602925
0.03121410351908253
0.03932144272672498
0.042563030315080984
0.029790441071293694
0.025970284390690292
0.03751288059960196
0.058147396978497606
0.04233788238303854
0.0510231978785639
0.02754647892766884
0.039718597845062265
0.04338544396037549
0.06867045558302041
0.03930708262196522
0.031366111371280245
0.015903994612203532
0.032262676030128064
0.026019543194731504
0.03455718394680524
0.03478463485865563
0.031060648002134546
0.026288105078628242
0.033579203170348716
0.0207023922621275
0.03117083819854711
0.02758855330907185
0.034914851355742564
0.0326121842888992
0.028788700951916685
0.035067980391234425
0.021561646670071367
0.04411093523688003
0.031729005614933796
0.03660674973061665
0.02149159053624878
0.0236620022210952
0.03569072919365746
0.03531085165441357
0.04342080055917903
0.034708582260912085
0.03234970171520132
0.034270214353174115
0.034780231323107855
0.036444051361299024
0.03206186216238854
0.03626541145830276
0.04385780250673759
0.029171013697247478
0.028202844358129683
0.03058405902692616
0.022654583661480068
0.034157174817305964
0.05336605508243261
0.03469208033863377
0.031668483462268984
0.03527327371474832
0.03522019975099522
0.02154038073789157
0.028905556721416044
0.04741773350663496
0.02996011586722883
0.024233030300718775
0.022776563515059883
0.03239157907419771
0.03329768858156675
0.030120221690543715
0.022921695297977693
0.03249447062578496
0.03696037381862509
0.033183201909776576
0.034282374048116925
0.033950092849652135
0.023767352525312962
0.03952048647521341
0.03426306473905244
0.03273599592272592
0.04866966143034817
0.031692627339108805
0.025178009991455672
0.030931060597183944
0.036896513943613825
0.03587278293581359
0.03197250261118484
0.027344551065980247
0.04156437412817221
0.031697902221440505
0.02839465553079313
0.041745403293948415
0.035789733779395504
0.025767548982441064
0.036692615133844
0.032121165205447125
0.05056025541247791
0.05981780085661064
0.03533233529002006
0.044619219057793306
0.0486152875070778
0.024673913354436118
0.032119043120242545
0.032987381004152536
0.02849327430581932
0.03705578062327149
0.03471768419697964
0.03863412553326402
0.025206935274158217
0.03458367408084486
0.04016377919654495
0.02532776801259829
0.03552180855981291
0.06329025817721788
0.04809221378919462
0.03465759470326273
0.04216037114593567
0.03932264023152284
0.027019858284509937
0.02986507968918888
0.03189467864805191
0.04264608541065053
0.041254483726772054
0.033963333472437615
0.04537654604785004
0.028771490612844515
0.04285531965556462
0.0349471182169098
0.025683698948295353
0.026735126590545565
0.033587102021274504
0.026849914956951947
0.0482602895269443
0.029079918557810554
0.0261563764288727
0.02458126377957204
0.02366069845471927
0.027620617886724513
0.03821045172462638
0.022602952034339797
0.03770673907495407
0.061217705235414095
0.03855035535985881
0.042690043664461184
0.0356512137405808
0.05512842154323649
0.052112023431128966
0.028044717883195593
0.03581129127104469
0.0369280915867582
0.02945492733826079
0.031762763953897724
0.03451951082449605
0.025146164595200887
0.03294807046280893
0.019808937946291925
0.03637914116938748
0.0389685554287043
0.03052339969662617
0.042398117430363466
0.03259145638053697
0.02800313105170367
0.028516228237181016
0.024285026577891323
0.03772823550923105
0.031581158018864686
0.043375575151893955
0.04080763179087284
0.037841158567492095
0.04269657073679408
0.029962268449946632
0.027476181032143297
0.03470966036368693
0.032106298663952045
0.0319649307001063
0.0323087488393237
0.03300894620118159
0.037618306215756174
0.05272795728415807
0.04231077740576266
0.044784847858027464
0.04077436896277487
0.03647355145088015
0.028957017044664603
0.03989844441281517
0.03532377621818632
0.04958888251132726
0.042045930445169105
0.05530176616528623
0.040847681162001166
0.04489447794016542
0.048761641979326274
0.035542466843481835
0.04197554283579899
0.04145262679155573
0.04310828218712734
0.023604601364046705
0.042420662335556046
0.03549837507079252
0.06857092826267969
0.05774349879042661
0.04007260082260079
0.03001203694980842
0.03637112938372272
0.03015099377300853
0.030707896461840387
0.03822810324617218
0.042106777242727454
0.033122001244959676
0.06372875279141192
0.02680344674560428
0.03146959671694496
0.022152360096086097
0.04287582060071853
0.031241678850050005
0.027486932784304762
0.03114548404263453
0.03094273037044045
0.03923964677109104
0.03666015195003968
0.02552333698576442
0.04077365941695691
0.03126917150325542
0.0374252024243022
0.03408243522443047
0.0450876080452268
0.033322813018171756
0.028720085612608387
0.038292384328512355
0.04832195606800699
0.035199199467992166
0.03503275050335615
0.030608517802443506
0.03574139551871194
0.022343251320153804
0.028323731189101822
0.037055030923554784
0.032085612323402145
0.0687896451419834
0.04041115039885007
0.041607358445113964
0.04364187525576782
0.03523939463233601
0.02576852460097612
0.06206809423362055
0.04515668137233406
0.031174314646302523
0.031658997799796175
0.03753818172060132
0.027263161589863368
0.03880378325708069
0.02703570523503233
0.02791276692363786
0.03469461313614355
0.019543173317896272
0.035775953489642506
0.04754422313762212
0.030737192185436284
0.024752479381445595
0.02225496638637067
0.037877845329625064
0.046067551875270264
0.026364174342277467
0.01259913197186402
0.030769783054808788
0.023153920363994874
0.022075455301709585
0.025693378444163518
0.030132072528933265
0.02468426207570771
0.03526130800340674
0.036923391570114476
0.05638300788216257
0.03899673847099263
0.030330800679754553
0.035918511613867686
0.025441282052994067
0.029778053868579173
0.0470090615354104
0.034101052347724155
0.031757932274866375
0.045345946771018046
0.03137942333249616
0.034440975854931895
0.016021235529411832
0.026240330705910603
0.0262129958822909
0.024991330037885152
0.05042050749855882
0.03249330653092259
0.04057928365410115
0.046107472011546614
0.04480686446777536
0.045876166760366974
0.060171450522008355
0.057553888422512536
0.03241828542549542
0.04763100724160058
0.02656490161848899
0.05394235088501058
0.0327494144647232
0.025780548942522057
0.041592988085012585
0.042187421164607865
0.03336024582403427
0.05011623255313585
0.03312219899572648
0.03716462901822774
0.04432247998547119
0.04246640649187705
0.04968140792932509
0.059872028865995505
0.03189877860079006
0.032285261455069846
0.03289171462066849
0.04582884979055213
0.038002019382658986
0.021796867891715324
0.04587899984132171
0.03895448724473224
0.04401792588190004
0.03551762401660616
0.014328187594776635
0.03110810086342282
0.013468290735402628
0.02200226059850312
0.029324577149551532
0.042276296955945224
0.023995288124900472
0.04193980666246688
0.0359452211372806
0.03609841092458782
0.03329117968865778
0.0196886025038741
0.030691702138973955
0.02099592934356559
0.03225983657911353
0.02335023462646815
0.026885511724099007
0.02607133494642892
0.037754083302069356
0.023209757110127415
0.05650355553305957
0.02413853372980638
0.022206252225193027
0.026685635293168468
0.02998939997533505
0.05568088111695072
0.03297599969068402
0.029246560727260475
0.03984846065609061
0.059392092159717184
0.035516339702859154
0.050363240506400696
0.038292659464163624
0.024490589408841433
0.038790667393910606
0.039817282652858194
0.029373452786912935
0.03640962189964356
0.05792130553727924
0.0458966400430358
0.03377670799036911
0.030879603483731824
0.031546917854601904
0.02420661695435782
0.044790693651446944
0.039175750563964905
0.06701617524774695
0.03238562078728425
0.04039714348861807
0.043327717426146536
0.03111911390840756
0.0523055882211452
0.06056622975328557
0.027163635211232013
0.03129343652780889
0.027103386621878015
0.0420762330457468
0.03926657459277548
0.02711330218422928
0.04685133975539012
0.04403265676555682
0.040792700548014656
0.030967367163515908
0.05643800246536002
0.03703607865419871
0.05258076733999328
0.04780767145088266
0.02337947530731926
0.03965645414438394
0.025716878330539598
0.03705769103540628
0.03608504875453368
0.023566546585135097
0.03369609737069209
0.022266363653239866
0.06020067643423022
0.029462769135385102
0.05146164052806707
0.0354190624962195
0.03474627698735825
0.030676407677562367
0.030348610467916523
0.04880558250884606
0.0411670634404801
0.03413359510529902
0.04680748320514571
0.042974915727811626
0.03223380673299386
0.03852620829659465
0.035556491484374564
0.03567584052048117
0.0499780935426556
0.029301484331002745
0.031217493718466535
0.03509583377221097
0.042182052169139464
0.023955853972579575
0.029560331427861297
0.03656241259271612
0.04030809186613633
0.032101658645660336
0.03820532703549197
0.04704495566417758
0.04124595724204371
0.04147705960229715
0.055037270568051445
0.044080336101259485
0.055645523621751354
0.02907826320474532
0.030982235501367736
0.045708887374776484
0.047010961503189924
0.043204877265494046
0.020595655545122563
0.047661195054778255
0.026796876155004843
0.05876588328595841
0.030948392613079825
0.028504332254797274
0.040705035012882536
0.042379476699370526
0.027634885595726445
0.043146947292711124
0.021990538743337448
0.02783812270969434
0.05497923957895381
0.030581272301579122
0.034976415904434774
0.021008340242257242
0.03159937774879611
0.02784974670940074
0.027393251011882485
0.030911875183854864
0.027787325740569222
0.02651320676845241
0.024044264298719278
0.0205008905768614
0.029202412581718955
0.02030340836466189
0.015686958561705534
0.03298685568988995
0.02604317992266772
0.02860028973015638
0.049883138525833565
0.04393188485325891
0.034945092965608215
0.039036469144122156
0.032707916114536474
0.03250903323693275
0.02684396812833385
0.02606871551908528
0.04656370786852778
0.033662146751457615
0.051632916787864094
0.01826207507072761
0.023287711450952105
0.028208191176402032
0.039977766199640614
0.04360454650882169
0.026903464182145877
0.02322665722818403
0.0245773384396639
0.02797556083838571
0.021659355043234522
0.024721290844128663
0.02354765047491761
0.029488304359525246
0.03693768688954424
0.03274125672942663
0.0481185792138084
0.025794886667467605
0.03382785252311514
0.016381939978050375
0.02325573586908185
0.017438586528475093
0.034465302589162035
0.03392537005509298
0.03515566266541482
0.027822043766289623
0.052614929611660574
0.03667925615201323
0.04993586757734966
0.034375224259470594
0.04666080210888409
0.03694022797870131
0.031879260241770034
0.04650246621835126
0.048390817084557565
0.03945393185447776
0.04466235167279536
0.03595104089675297
0.03717515797895147
0.03498760668972659
0.021091677062587938
0.049289292958342786
0.031210321788009688
0.03300118272217679
0.025491198485403183
0.029153091871475096
0.04237011598963626
0.0393860146380807
0.04774925307858232
0.022507724772718497
0.03161950018116455
0.03857214054573583
0.05490055508753986
0.05941932882554601
0.03499195143807277
0.050355808893375195
0.0486534799400824
0.04188484060260414
0.02958032559827558
0.03219205021138764
0.039327502809865765
0.04202238132977471
0.03813023905458769
0.031239189564818623
0.031972670594743895
0.0372494333925028
0.04719702373031591
0.02439054972502444
0.019054975867946005
0.041017885283429034
0.04814068938102162
0.0377148980966409
0.0464877532984505
0.03872207542751805
0.03855126103774056
0.04456094131285271
0.0253652862370778
0.030094802494575346
0.03628900087528447
0.032335352965678264
0.029639948771674605
0.06375751491259571
0.04915315403727928
0.03307952199367544
0.036790092553056944
0.06204073448307976
0.02390351612603258
0.03454616857464079
0.04355635405999907
0.06328765933067486
0.038390501244611214
0.03317754723736368
0.04192114364375098
0.04452242741445035
0.031336578149584356
0.0238255989548123
0.031410968002832995
0.0337790490452292
0.04065724182879359
0.023781940026928974
0.03194405154328416
0.0182258850143293
0.023929639756481946
0.04080532316530535
0.03475194238696116
0.03269461566714774
0.028791263648235775
0.0220018244825855
0.018338894471708053
0.03059042717501668
0.03053408523455562
0.02253484002359214
0.023033169565264487
0.018039533613705163
0.02972367887290528
0.02425626696855886
0.03211359156473642
0.02438829086217034
0.03284944172851343
0.027268281007549175
0.03474051170063886
0.021672833924831582
0.0331288655276828
0.021779344069809723
0.028277035347875935
0.04171637685759639
0.03222389978321063
0.022181291138154115
0.023433999537708753
0.021999443884385364
0.026598035579092412
0.04982938387839676
0.02220091786390828
0.01821446686626382
0.030918559054393217
0.0261007338606121
0.04096699641344104
0.027695770968913288
0.024992891220416185
0.03879507913221726
0.03385410753697401
0.046858024908286035
0.0341086109151707
0.027782693894341244
0.0185951068982019
0.05011934987986458
0.03135493660598849
0.03723454389781612
0.029654327134800696
0.03778839128738884
0.03473668503203782
0.022581616015885313
0.04713947657494727
0.020640002065492276
0.033805948808281125
0.04643516518115985
0.02376652841474516
0.02260733048764884
0.026715117350715484
0.03199457745375683
0.026560444149984423
0.027424783764973548
0.04016626180767264
0.03315530667751394
0.04010099426711595
0.031426790694803676
0.039356966363180236
0.024226076592434455
0.02921321236508406
0.028313874423838387
0.02665118336751465
0.030449042262402932
0.027495420783105
0.022250439725991923
0.02209686230616868
0.03996604774489547
0.03382314371351368
0.03508080582205886
0.0357910798849844
0.027449311120682062
0.048112920621700014
0.0335584697183885
0.03160600698706927
0.019968833566335293
0.026458580910127816
0.03415054653570718
0.02883842882721287
0.029859267275839207
0.04033354997875704
0.02742514172757874
0.03474558314695877
0.029717354647111907
0.037175180519624505
0.03017083603105001
0.04062337389745584
0.033805964060539664
0.0421401210908981
0.044554528019747915
0.04031992713907108
0.030585515733213733
0.023078354892746487
0.03473773013245685
0.04365508303526711
0.030598835056460844
0.042329837033544086
0.02968953898945889
0.045318647613929945
0.0262215730882459
0.04081584423434726
0.028458386895020407
0.030132014165446468
0.021444613851086734
0.0403691120822901
0.031080626250304434
0.02804030865656722
0.027292973332587515
0.026996077461981956
0.03232180966178258
0.032207879180929204
0.022180951452391195
0.02677838775136584
0.028490249398917145
0.02656397504558043
0.030658807189982065
0.03275762333997386
0.05546892517698539
0.034117871252169314
0.03865765277931794
0.02335601804012643
0.025735627691328342
0.03171365932668269
0.022248460035696905
0.04179638248556927
0.02436602801078791
0.031291792633744854
0.03233394802480995
0.032179920953221065
0.02406740928309854
0.028458092061446748
0.02535261224281326
0.03465776921906543
0.020845858479803612
0.03377538311588782
0.03297784795707565
0.013462295416788648
0.01792709670353204
0.02264000693845594
0.019972688836884224
0.02289987625345022
0.023281900239838182
0.024546703161750887
0.021706806292446087
0.022698472963713773
0.028665790736617694
0.044647529499710306
0.0408069265032298
0.012905887067536353
0.03346574293877911
0.032015375559057584
0.03198022683628127
0.01855313841375622
0.028204240007409453
0.030926168304528216
0.013275016170569776
0.03198218789889142
0.031827998102648976
0.03437384633749329
0.03052642526293129
0.03782461225676999
0.042547643434159815
0.035964342106105676
0.0245306986017294
0.025050568123963456
0.04099187883178799
0.03623061860929919
0.02877402552650566
0.02377775429541942
0.025200617928931773
0.029609938515452707
0.03213450649829388
0.020638388725564318
0.023178562226524837
0.0347281641484977
0.028513375512643126
0.047817581090640764
0.021824651133777816
0.018942925038124486
0.03218974524423709
0.03864337560163302
0.04415862728137049
0.040788747706140924
0.030911342649745866
0.02294162863161879
0.027804525935757687
0.02427958274398927
0.027880312095858988
0.022251204326957243
0.028820417530632688
0.02962827162865616
0.027534861410128796
0.030150502601532257
0.03286577556668946
0.0356911754061841
0.03250718829906863
0.024580741917652183
0.027490949924980305
0.02497449463619506
0.04663523506844251
0.048049136191611254
0.026308905418365537
0.03911939890744755
0.04042652201315371
0.024907253760478934
0.027126714077946586
0.02003390523310149
0.03293428626826451
0.03845670264157468
0.03184269442431045
0.036408241419217106
0.03508997197295114
0.028419972036624216
0.024429415770519134
0.034113503428811046
0.03933540870666024
0.028828669223535153
0.03920492457826569
0.04160323683609244
0.04041554946997499
0.028779398123918398
0.0312174944275375
0.05172677652096638
0.03242906936203227
0.03879174202570545
0.03230418247495212
0.028441177723724877
0.03006265874617363
0.02038816756247495
0.02455784595376575
0.04615050002979387
0.028567021932913387
0.018257954705491474
0.036652065277970686
0.02912451575372356
0.02663245292124817
0.02005787009909627
0.028213153595048196
0.03650418433275829
0.030536028259663957
0.024183261848332225
0.022443129592124297
0.027729530902316037
0.030596653758009226
0.026069014032805427
0.02932225424667529
0.017867182588944094
0.04093306698501836
0.04157684489926571
0.035578722802399584
0.042005840035880815
0.03143570689871987
0.025918322839499058
0.06982365437459015
0.05736977976321951
0.06749344703142429
0.030751503937505247
0.0573312077517996
0.034627530215197974
0.034319225768050174
0.034431740140820684
0.03414195457849475
0.025354455273624385
0.03093442167984824
0.018389564205458158
0.022401035127372484
0.041162883839512554
0.028068207324388337
0.029673727034383694
0.034403504157764705
0.031283315352161195
0.036527676956145214
0.025808358013119228
0.040711071207252154
0.023005684342258234
0.03924773870897172
0.04900886276568355
0.03764285330099192
0.04639123219792296
0.03245071057269004
0.03843247510647732
0.04197787731240855
0.05228805893347961
0.05589581049273817
0.044840182639235455
0.033083580220741246
0.03669938604693846
0.025309034965578764
0.05762095194139592
0.023303886113693592
0.028955437380376172
0.032823903143221055
0.0242658014922419
0.018008618859374607
0.0278532792309192
0.026284008471169247
0.036409333333333356
0.038221292906964806
0.02705064814814974
0.031199851122441363
0.033504251668631524
0.029520562935011926
0.03387587265119527
0.030834547500418343
0.024811986196191568
0.026621667686066823
0.024560028535184263
0.018282422614697456
0.02888085399245201
0.01415786743592881
0.02610121594099788
0.0360086502292621
0.05505242089136493
0.028134081177276813
0.036720495858307806
0.029651976263536536
0.04150227723604794
0.028183323512318375
0.0440562732750841
0.03928787086366479
0.04611023249301617
0.026703642360796587
0.0459229916560322
0.02132090713360948
0.022250530992315602
0.028470042932098937
0.017787382494341353
0.01714815202547747
0.025006803778616384
0.015493790275820504
0.019790944469630575
0.019878414985439203
0.02294806031502929
0.01512299671273296
0.025622429560489036
0.029947003968469048
0.026075819638364188
0.02905211054398628
0.01860622875693934
0.013292883283923036
0.028497234542242095
0.028235503517537782
0.01611786741131992
0.018559518886881232
0.030278563289708595
0.014762886278171421
0.017776529020030896
0.022060453633103785
0.01897875880791178
0.022947212779188184
0.02601435415090845
0.026113215660104175
0.024314518827801255
0.028117063423401048
0.026551451834106742
0.026027276107106378
0.02567746833531515
0.019722603324330464
0.02930802176665974
0.026815209560579176
0.026745606515369946
0.022632258641642984
0.026829824517999902
0.025920070314547808
0.030460703563156617
0.02101876457411857
0.035978246220613866
0.0206759328876794
0.022726895677344268
0.026622607809070012
0.030578926619850778
0.01835811666992741
0.03598537717254049
0.026164498069372977
0.027200572624691437
0.02941100917457044
0.024407022081542287
0.02877430759858143
0.03062197675383643
0.021720973346310044
0.02267380637309149
0.02953802293090493
0.028885469682485336
0.03641289320505163
0.03826429886003398
0.0271854981459683
0.03889162605600341
0.027969956634058418
0.020213426904466775
0.02644313082404907
0.03357823840591463
0.04955220880041574
0.06398812501318604
0.03389924957594936
0.016977912379847394
0.045179280743500166
0.04655161426712286
0.06421424294111092
0.03444030970476323
0.026305090696584855
0.039692116982626424
0.04159040356326875
0.04047950557535257
0.015784400090666166
0.036996720474590704
0.02580260676538101
0.021828383300189703
0.027361010106765067
0.044442988056610254
0.012326640367512963
0.019515576126786522
0.0
0.0367909091597367
0.025533774564290335
0.07269244011108533
0.01196375209748177
0.032058960174965165
0.05569995972791509
0.0
0.04715166587489535
0.0
0.06619353867091075
0.04668857549151684
0.057593694378815466
0.028800841322607254
0.030240966061877046
0.03977658187772045
0.0379501624502452
0.04035851610580126
0.025921055333502568
0.021394113068786046
0.041741209671498504
0.03265779856711105
0.027509863544736113
0.0
0.06238314602268395
0.032145150940694006
0.03160983136972142
0.0
0.0158222646767143
0.011556893959883947
0.06627954372742807
0.0
0.02347373294755939
0.0
0.028790275516724213
0.0
0.022528450041678423
0.03527781034431701
0.04984343510834706
0.02959294911376691
0.04243610873271726
0.02486488832168766
0.02695252332342933
0.04666964488327094
0.04189104088752152
0.05244819134923103
0.0
0.0
0.052414862881523305
0.03789374616635308
