0.04995742486044992
0.062312844766682425
0.039807996691933606
0.031234109229734772
0.05493360930705353
0.03583946294171587
0.040936850577026486
0.06565231418473241
0.04255167558253849
0.04163624273250412
0.05041553638904981
0.061294748760325174
0.04614720199275349
0.035095211102121875
0.023951863895373553
0.04423719629640218
0.05833641029118851
0.06181412849794125
0.03166555465984376
0.04701572892324864
0.04325887005497956
0.060535149055098526
0.0680942663001813
0.04484711569708241
0.0707061523820948
0.04014589402915318
0.027172088768854342
0.04987670887499277
0.028125367622041854
0.039890845588587104
0.03381129180910424
0.04178651543859575
0.03817478622779701
0.028703977479654277
0.037809808006124546
0.04671303918912363
0.06086048291926579
0.03767519190957837
0.06551247285312642
0.05680038992552432
0.03333591431965681
0.049685365428061484
0.029080385899744484
0.04006392455549127
0.045102706870590335
0.03625274701612285
0.054227052864376075
0.03691184073878771
0.03511025490112868
0.023454875669157303
0.03763913763561144
0.014132077551167868
0.03606563427107589
0.03174687658873903
0.03697019321353894
0.037081815484479724
0.041505619224871206
0.046375449094860424
0.02565993485096071
0.028859882841498145
0.0510924555224399
0.058174239799263526
0.041907917713959505
0.024687727306407867
0.03559349748838426
0.03719279906286464
0.03347182062212932
0.053981521232468306
0.04327875269196763
0.05585135017777096
0.03138273633731302
0.03650551985155428
0.04256287873399781
0.0512606918306806
0.043401163377984484
0.038665874853157006
0.04059840331096779
0.029930368791419873
0.04570678876659548
0.044343199128629676
0.04945026423200391
0.03481214415819035
0.035242272734538914
0.03969104495033387
0.04118168229839116
0.030047934683736992
0.025802303076748787
0.032984225324994385
0.04222208340162291
0.03103596087580654
0.030582400901345626
0.022433947277210632
0.04490872231747415
0.04737550593529318
0.06760697624547012
0.036633000741305634
0.0465661726739486
0.04343900600566268
0.03845524072054417
0.044986495797739126
0.03175562697475837
0.04833786865222752
0.040490623474762635
0.053012383832574846
0.053649774591532244
0.044480983154620186
0.038965743540192034
0.05910826199511662
0.03309014967898727
0.05471049389107679
0.028324298121268632
0.06578631738682451
0.047751187897684684
0.06664367486995926
0.04987845939236294
0.03612984721719397
0.025620048234546507
0.04121127480878261
0.06374263460755467
0.046303895655117396
0.02607871489476622
0.04473442861301945
0.034971289814360575
0.032118370160669436
0.05320412720757667
0.05656299826005219
0.047353314664128836
0.03997164647409457
0.0344697073815274
0.03539802713271075
0.029563830220863185
0.04448460147365768
0.03316565496546354
0.03349278507050271
0.06944411412006704
0.050645127510059736
0.04412176302920764
0.05117308431620682
0.05429639550783388
0.03792655206494155
0.0347618830087281
0.05727080188346413
0.052009109952596014
0.04974819989951619
0.0482918745361372
0.040357408155755524
0.030802749820267695
0.043255403421833906
0.03599084251429646
0.043984261114947194
0.039261720007945686
0.032902889156244716
0.049828377780664
0.03462218230661521
0.05407663423360405
0.036460411771056585
0.0341308758880431
0.04931527375221146
0.06465819106924454
0.06660207116208927
0.060701221064507586
0.0624745512508893
0.047216977698281294
0.03027634489432298
0.05052706165373175
0.04172297366248003
0.06314142059276329
0.05958835123906877
0.02247869739948858
0.035655122229316466
0.05104877781892102
0.03244978578319125
0.039616242021171026
0.03372630406848631
0.050206804871849774
0.03589978054529025
0.04086184883467102
0.03802040596691316
0.04235681438115957
0.030945643998343635
0.03435378966085839
0.04001704793259982
0.051776800894132294
0.024287905077682134
0.07085736889984105
0.03280620425076817
0.03244389428174434
0.05047833575946774
0.025244976652544153
0.03908786811787009
0.03355554827386968
0.036839542265885976
0.03492857703764927
0.030524738515014308
0.05730258377448804
0.02825895894190027
0.0462499604363073
0.021135984825778855
0.022909964340052966
0.023358441319764615
0.022693904472836375
0.033468914966577445
0.036434741560253975
0.04200621826140745
0.034251229728126394
0.04134681620980632
0.034925950068999144
0.03008417803534775
0.04292550034070657
0.0235448477630988
0.04046019686911444
0.0253387833918241
0.023477316024622514
0.03619511701984114
0.038259489504239276
0.0224263384364605
0.025441727031263676
0.021375147950105332
0.028588130553702792
0.032866385979193564
0.04863976282425726
0.023409674272735055
0.05094187325910041
0.03060808709584227
0.04403611318788705
0.03479279582729735
0.030978011112329746
0.038485611763386975
0.02929799654745354
0.0215727005416997
0.03264563851258924
0.04922138153271604
0.034787337108206494
0.0334306229316655
0.05888323544677551
0.04031711702506215
0.04717336278361603
0.0403557499865777
0.04876750992878759
0.03742985137700121
0.028215033242030556
0.038835619081255816
0.031197877684583326
0.045554171588648176
0.059390422032513
0.0361825257993358
0.049394247341346585
0.036688247440358944
0.033353128722918415
0.028587707163611444
0.04324587025643795
0.024657646627297313
0.036091775549329796
0.04721739293925833
0.032015456896258336
0.04828887802514037
0.06396589601502603
0.026192813448237026
0.04083100022418659
0.04282096416458184
0.04149336912029588
0.05268696463466464
0.024091359161270757
0.03549250633354689
0.04231018978441953
0.022580585439556815
0.03846054310495891
0.045061742180726005
0.04956813523474537
0.049773222944348064
0.03521568910996913
0.03175963943490225
0.02658684071499363
0.0413725532663338
0.04799751738296151
0.03875417289383827
0.0364150780822506
0.04706189819847075
0.0606881025784
0.04811254542798579
0.03066946794995528
0.024903727450502042
0.034278967435075997
0.028610401966417745
0.05401320985069294
0.04024983043753105
0.06773397087104219
0.04801745111291733
0.03708275483571037
0.036133293913093514
0.04625675672381715
0.03196853935077767
0.041005268673671665
0.03986034595483194
0.042897359468335894
0.04595874100522678
0.030636236877792624
0.02706731619413208
0.04319989794293504
0.06318109654952182
0.07187833318852069
0.046884695579687996
0.029089765993601586
0.04471266816015349
0.03694105986718725
0.03994731883524846
0.05171462785556903
0.06133917813121154
0.0704420444683429
0.047600019940331986
0.07505524253222706
0.051007857179066016
0.035086261188992725
0.05788312286841487
0.035756771200245
0.055783550770097196
0.060001408897458405
0.046844789500140774
0.028108206998431355
0.04412198013960841
0.06570118631539312
0.058326820107391375
0.06019208408410327
0.031362108044581435
0.03935739850678934
0.024306698658325993
0.03464430869645017
0.04321618458809727
0.041754374184748644
0.04122256948602791
0.052298862500946494
0.039348456767730224
0.057293077431418336
0.04671738828383393
0.03278744577387814
0.024458160587692086
0.03334345192087944
0.026502103755069076
0.030503059609816235
0.03530147922184
0.03245178011585039
0.025373479650129916
0.032229776506943066
0.025741155048331004
0.03439316287287346
0.02655249710165377
0.027872714863982753
0.03505732612985477
0.021210240972817866
0.04521475967051574
0.04479334663973548
0.03158988998576126
0.02497034409944013
0.035581012692477224
0.027395232872253473
0.04026250824576134
0.031873847592893405
0.034761368767102646
0.01927262225426406
0.027660689758010164
0.03136488490865764
0.030379037211354962
0.06869150859503108
0.025625559031300458
0.036421323100623224
0.03823888154091327
0.04288247952835749
0.0283441387435843
0.04031802969296123
0.03041783540163748
0.036254244845211225
0.0423862596303404
0.07371054178670643
0.03162888899942782
0.041549347304505276
0.039212996724045435
0.04217962938801617
0.05307040709510338
0.05431763551727467
0.03674668746465453
0.042002859169823124
0.040186845144151384
0.05035661891201593
0.039022059070799954
0.05612514305658777
0.04210950192961205
0.018929634418609967
0.0519418291314428
0.038634947910408786
0.03656027880394549
0.03712708029150985
0.045483196544658176
0.05780125259992215
0.0707168021966255
0.05353850535380098
0.034181231667658296
0.05268317444693709
0.0688923226050886
0.03764150071072651
0.049409311056710495
0.055256639111546726
0.06388757552905391
0.046254660362566626
0.03476432180822172
0.03196152957823828
0.06441794406883497
0.06948435411541745
0.027565146270043542
0.025498471104493055
0.040330226279553655
0.033079860363784935
0.037833785903772586
0.022726362413627844
0.04180137558406424
0.033379924873425934
0.039661845805761486
0.03756003618292327
0.036890858803774185
0.018639453735438523
0.04452782462841501
0.05412552920458763
0.046186654255098374
0.03560755630246667
0.0508343296948981
0.04550795547941774
0.03899789424315111
0.03402236437815578
0.032394419202576026
0.05205712191506554
0.038098120588291526
0.04263254411643765
0.039352672300620166
0.04924537111467659
0.040931231112196015
0.05108175736394441
0.045114837925703546
0.030511925055009183
0.04871802556934133
0.04090851549265142
0.028191330540906813
0.04924883035930897
0.04224923764565327
0.052189904164020036
0.043729279777284275
0.026492752931488395
0.043712822598866795
0.03408645553130302
0.033879370199446104
0.03141950690963254
0.04363667316283404
0.04124764288158238
0.029275220895190898
0.03412124563066435
0.030907930974284115
0.04046900367024741
0.02547508614967436
0.03535007317452741
0.04803064127005276
0.04752623879091539
0.03485505431605291
0.06180964599634656
0.04113958398450055
0.025176978890424664
0.032372063035621026
0.03225763945584252
0.041370292368553496
0.04338626104877557
0.03925282420654496
0.03984682458781183
0.030989886552874026
0.051492995092396826
0.03304554507422295
0.013320199368878327
0.042745706566513865
0.0316757034738378
0.02228855280023557
0.03128455963219915
0.03264055757540033
0.047429468599211426
0.03113655502366797
0.027762284709231973
0.02205734208015807
0.03642830764628129
0.04011012032111941
0.03254877988078046
0.02392582698278157
0.031008552320539288
0.039186216345858116
0.027664752803281394
0.03389887075921552
0.039314558992979934
0.034040957667492246
0.04316718265795206
0.05555850949080622
0.03218633608122137
0.023773969446060493
0.04310903010971134
0.02937649181460122
0.036451547666903034
0.04408347683940099
0.02782030394558973
0.03129203234406834
0.04184542680284785
0.02600233730092565
0.03617334957893724
0.033578844066986566
0.031603401634774826
0.018116483853723483
0.04738697293771781
0.04483848550213314
0.04478695929709883
0.030662167143892576
0.03726955491175072
0.031750979989915266
0.02318541774957323
0.03204106502404374
0.03595823341131347
0.04654232320333033
0.026545835641186597
0.027165603529555556
0.04576652138420745
0.0466696211675219
0.030095598659729297
0.046985448825780235
0.0418249466538811
0.036981132512254065
0.025459890406284137
0.037125591961341166
0.04189372825508745
0.043142525952011714
0.04201748985690363
0.029120043462364527
0.022720724101302315
0.06598190149470638
0.02347059818821195
0.013257200500524622
0.031120938109896353
0.037803931341065564
0.019825617271628883
0.04135876179125849
0.036548215973047096
0.037252997983308736
0.043106461018223505
0.023547803311679813
0.03432018685563294
0.03905040349299293
0.027386765470934955
0.04652126794781309
0.03103100945123285
0.027515490493740243
0.03460320823597467
0.02471070493171379
0.03634479114759777
0.022975007217989403
0.018270669448903903
0.020434336965564126
0.025741535586155957
0.027205453798365507
0.02646680386299977
0.022611147710545905
0.032080837400145334
0.040594486770804274
0.029748764661560134
0.036410348094403064
0.042081273685571796
0.026760657257353666
0.036448661467557354
0.03619103052118463
0.03199626117743134
0.02927744922265257
0.014020678221354587
0.025116091032510085
0.02975144924724172
0.029871677139474466
0.03039662512334039
0.037902020340376
0.042093386559886106
0.03291392150021786
0.028410855857766915
0.04610166536905149
0.026823584982483124
0.01330540794814906
0.0368080715927227
0.03494114876943082
0.029248199806022068
0.03489366566021207
0.03695562774399185
0.027609489938163558
0.03626223491610949
0.02134887915090622
0.0376134331213494
0.028147800842161716
0.0313020866383626
0.038309522492163794
0.03735463882951266
0.02942468438009361
0.03333266621215666
0.05179222201208208
0.059349876037626786
0.035804946874709934
0.042912661789749285
0.046462706194542756
0.029259352651118273
0.059047761404137936
0.055431511966720456
0.05850098554725381
0.035837251206844806
0.028333710939857055
0.03223113391412102
0.02668892769928721
0.038856849089960954
0.034175918096263344
0.051796038519959335
0.024986266541175552
0.04760966201098257
0.03743641818817605
0.022547256669788778
0.04011108424270031
0.02384025293723017
0.03489695081554004
0.023723496006655024
0.021630472414512845
0.02087682171691852
0.03670644087639796
0.044795181493722656
0.07196790668165137
0.027768471147848396
0.03454621757113541
0.04391668296444986
0.03511297003601376
0.021473705491962862
0.026365846616645924
0.03958382577377896
0.03724531496460325
0.03057297709125202
0.032477167533514886
0.03220280708843562
0.038690162074413795
0.06717856132649738
0.037766458155867384
0.060229149111149384
0.037210417509423735
0.044101535420819016
0.023824005447354038
0.0316110622206848
0.06939397328163667
0.030529709670345007
0.05008534921511476
0.02228484239716907
0.040879413199745925
0.05273591694054441
0.048771872113670435
0.05043545486698823
0.04198627628836001
0.02213205937598716
0.0626182734929669
0.04227522183076037
0.029003433200992655
0.05309138038384858
0.048453297205040644
0.0364882804092249
0.043304642951853274
0.046818103831625796
0.04378492355894317
0.046306030818458126
0.025302553832458167
0.030154689977145786
0.035569148237315495
0.03905816720886368
0.03621970483125341
0.04318247077384259
0.02027852015828573
0.031743677927659884
0.035435998230083775
0.03114406347223343
0.026961272936844114
0.05296474195575762
0.04051761656859879
0.061154786747753986
0.05689771890445696
0.026371618308746625
0.024338625280725168
0.029124987505362188
0.03253585274001591
0.026885527102059138
0.038427300234501284
0.031170122594601703
0.025058536924818634
0.04308059079955722
0.027734896891020867
0.049839728111718176
0.05290167214787092
0.03743180672636574
0.03127625183923276
0.04244292771334228
0.03561096544268353
0.029291303548365625
0.0414828877671264
0.03082732469843099
0.0380047333803633
0.03208872659084842
0.04360057036599407
0.03844581615416695
0.05127572462442633
0.029352273753493138
0.042532285963131564
0.04792589309799034
0.04158529569651594
0.038722683314466995
0.046981427413642245
0.04884777074891842
0.042845068123414154
0.047416418515952886
0.030409251606254614
0.026190486675747356
0.018066124672066926
0.029612171935709173
0.027555647658672175
0.031462027451755234
0.032299807650356074
0.03189547966503248
0.03634021285108964
0.0347447731017039
0.03577937758877321
0.03665722421808563
0.022999373570273613
0.03367182376290298
0.020425997141442675
0.028154990189351848
0.03140220008392902
0.040677834122283325
0.052249168416348954
0.03354172918451722
0.03954569883726649
0.02889043359942006
0.04942253072359819
0.03590752418056387
0.02581649173420398
0.027589182242547507
0.03351087484848931
0.018989411874340174
0.03236377345505306
0.04370269689664472
0.03799333867703818
0.023502348363423825
0.023772159542466878
0.028432415889482535
0.029514101495913925
0.029315600437906743
0.031994838092347926
0.02000876962456439
0.025552500200806585
0.02893797392424013
0.018158328346335566
0.02782602063941226
0.018399798250705538
0.040439182494704316
0.023313057319075507
0.02163684896703363
0.02262037577298642
0.032226654597708446
0.028656753027209846
0.01345167631437312
0.02163589379043796
0.02705373420107143
0.036076163169917436
0.03741223676018295
0.031200910082880486
0.025190206462532172
0.033246365082851184
0.03453406583039083
0.02637123343510673
0.029675865480892
0.04355323129045633
0.028231076251402438
0.041498219347833425
0.028535938780119445
0.03466918539287621
0.04725205235408947
0.05058192585776066
0.05686204241242567
0.05817965247236834
0.019952460906420152
0.030727188881510218
0.020007453916533774
0.01650387279802334
0.0378836003140555
0.034326161585006884
0.0358358796662036
0.0396552039429077
0.03502095924018072
0.01891621370394543
0.03147564169031984
0.037305111419918074
0.015825487556296248
0.031610406938239646
0.022207806116969056
0.032985847069446156
0.03778377301997509
0.04133610158203121
0.029228941431776515
0.03534131706215119
0.0346155146042927
0.034654231693158705
0.04881857180621281
0.035533415120524214
0.019238453159694975
0.030285636646404743
0.04302585637512052
0.04334307607815422
0.057319596970292146
0.031863985279448157
0.028875286094903068
0.04561091854020953
0.04007409440492697
0.042229673755784666
0.02987728996337446
0.0253167972302976
0.03142997441940488
0.04393211464087192
0.027091105494054673
0.03819290263796566
0.020886803396190316
0.02622737353733055
0.027020754132240674
0.03160176705372859
0.04105621831245541
0.035090460748791866
0.04623234807621173
0.024008317269750435
0.028496220727980366
0.04052254873044276
0.04430928554738833
0.029717162331933698
0.02268378247412309
0.05515605941530349
0.01852524040929625
0.031797477613208544
0.033516836032656774
0.018145768150667513
0.034795941380613184
0.04316444887642553
0.03514148786478204
0.06896628655944877
0.039001207088859735
0.06693170858848908
0.037950782022542005
0.060792232216545554
0.04501221303918528
0.047898025352432025
0.05321628340682576
0.03658243116066774
0.02622647757753603
0.05780573042598478
0.03715717084224789
0.0596343215385236
0.053160874074007644
0.07365827307724657
0.05707579578124592
0.0352870384720084
0.04274754167902524
0.03243779490553165
0.028790071674103208
0.014281846060257383
0.034248975014670946
0.024214483875033672
0.05130250177872247
0.05965075108801726
0.024977393309862313
0.03786905967082494
0.03856391778755118
0.03043735526146278
0.025020154043424
0.03272357734158399
0.03862307502012233
0.04333537642350179
0.044472693420919716
0.035957062719372525
0.04169740416102811
0.03401441719077549
0.027914220648589227
0.046332172197680904
0.039239091548347545
0.0467451810142559
0.02635217389092935
0.04297809108502258
0.051269154162712695
0.027579293226783194
0.035480545583303616
0.0202482516205104
0.02644496463097144
0.022306701496784834
0.03575209747777041
0.028368059847300026
0.03481431517135762
0.022763767458891717
0.03387777178623184
0.03559436066401542
0.02180850047318455
0.0366405894654412
0.02479471419198499
0.027678384093006544
0.03782620789000133
0.02207248358628148
0.0276803579829181
0.04269651345030998
0.035125854588259536
0.03767957244024937
0.027026227816696863
0.0204614761360627
0.020945501964754976
0.032378568223783814
0.0356411263947634
0.0482226048918038
0.041688413051590274
0.042979087107859755
0.04195973889813898
0.03653722885496378
0.028576875480398868
0.04283463472836553
0.03617100454937783
0.03461044537245946
0.02755519639237251
0.035864655113007855
0.02531665033793632
0.031945063894477044
0.0304979544816123
0.028344785058278425
0.028243568182272367
0.04066884671803467
0.026879101297393754
0.023922672904357664
0.01680723409395154
0.021027387725594923
0.032835503293775735
0.02254892378560201
0.026462489588514205
0.03958505638748035
0.0374666856698054
0.03232128277930809
0.022194000032941866
0.02773701956471411
0.02111165743006561
0.028498130002247556
0.023489131980178
0.02974730224556318
0.04191344416527417
0.030222709188371916
0.025016292122201748
0.01881831752902828
0.02988888767910985
0.018624366613212165
0.036591766243411976
0.0390275446160785
0.04544806576918322
0.0579000764984622
0.024763828769665878
0.026755775438834353
0.02278896509278126
0.029828618567856457
0.03927410146091829
0.03851968245342233
0.02063102525862985
0.029025799820542778
0.022492762403839035
0.04544628740681144
0.0336299421266889
0.027726258675768407
0.022431098737145185
0.026334427057455534
0.054961656565180886
0.045885678935535065
0.036544593825747845
0.043605379265509066
0.029226623014642024
0.029628414301140018
0.015835100820645272
0.01905710872905735
0.022459220281805553
0.022032148082719742
0.022804100898863682
0.02011679838257458
0.037882342802145634
0.027466266397487945
0.02409286256155545
0.017661531046001915
0.02480553872220658
0.01834168281413805
0.028124706780204824
0.04611558030180799
0.03476331173434943
0.03656447146944697
0.03369972550961401
0.04442734312978333
0.04159143680056032
0.03720815128920007
0.018935659081009585
0.04344728758473194
0.03919471641994611
0.03611381430682418
0.0394261087028634
0.055633531312007184
0.06777143923897144
0.024809241892891448
0.028125354272588683
0.023185371283539
0.040005182225286214
0.01799621303583371
0.03708208517512467
0.03219145539666737
0.04445974422424065
0.03225220649736614
0.03262814555143943
0.031710852836450185
0.043666206973928916
0.0325928421255055
0.03171999816099196
0.03213617742319393
0.0367368179052024
0.03294497599365069
0.0457378136429075
0.019537962878571662
0.03555180388603529
0.028239943352555693
0.02371670991328925
0.018457168411697866
0.0233280597850171
0.02329008518661963
0.03205992177345408
0.026782512432970456
0.03206240172402097
0.037997305090229735
0.03392432457200391
0.03145750536835363
0.03213424624567657
0.028527319924284866
0.014354426897496053
0.0230267100318063
0.02345435207121753
0.017553738041289745
0.023459625577787947
0.029877742796687274
0.045689163506119145
0.056120145922476085
0.034024717216752855
0.0361072347127276
0.041897467269991405
0.04485861396686015
0.04089201315220372
0.04421926599526497
0.04697158241532862
0.032000373397877716
0.03801150049966794
0.04166072742819551
0.02649410343464286
0.03809553589415035
0.03386813273769502
0.029776224647535234
0.03519393661587879
0.03971846834439868
0.029617131488802344
0.035097390866344995
0.031411594409946876
0.0314374620268161
0.03081283709033547
0.030231002905406017
0.040604956557051035
0.05571951347705754
0.040439036215023746
0.058696663722566045
0.0353304716734248
0.024645305593109897
0.026325700295766155
0.04090466911148402
0.04280819484444538
0.024550615855592924
0.039829175956828486
0.038743113740541034
0.05359147460893385
0.04245734919563401
0.01758316365478955
0.02771133163326675
0.03362249237675575
0.03707894867205651
0.026588291169861465
0.026134933873181238
0.023509731153054284
0.037693170557542656
0.03733410860206928
0.025253999483030143
0.03099379029741283
0.03337357826125333
0.046505269308756834
0.043805731987948696
0.04212356060781184
0.03170929912151595
0.0299465954054046
0.04647020955744126
0.03461707544153606
0.019672254347811825
0.03407296310273
0.028006436851641836
0.052326258044280885
0.032093925145145925
0.043007964119305825
0.029905653159375874
0.03154526378431826
0.03324460153731729
0.03676532446307261
0.03818380147883392
0.026594696139978332
0.030895386767282977
0.02241363392124435
0.025358189941888352
0.041421071727584455
0.022454395450952947
0.015324101695767436
0.0233932586530821
0.03858510285935065
0.03402704962989003
0.03436838691752201
0.03750394129704905
0.034484686024959
0.03957550410133782
0.024314789557432197
0.02805220492225177
0.02124235132936091
0.02871053828953762
0.031068934754027236
0.034850754387817796
0.023549773044436017
0.023012072652800707
0.024583638868157832
0.026088006514275622
0.034799532639390465
0.02488658718667539
0.020634778487355322
0.03511817821712852
0.034575462624236795
0.03807895674450647
0.035625918218186226
0.040746238182533846
0.036004707555540506
0.03365852174598579
0.014294451029060996
0.019628169404681865
0.019982378695574062
0.022453578378512414
0.03156763598707543
0.042112690973149666
0.0362692627940657
0.03129857120640652
0.04405550541236462
0.04121977707897024
0.04071824479173924
0.025149177421935693
0.023190740152321566
0.02619238839577255
0.030454701833670533
0.01852246091461208
0.028508423629034618
0.03137850992319422
0.026325188347959758
0.034763357354583836
0.026690391551783193
0.024278380016430724
0.031933790823514864
0.030342348864691848
0.016503804935024322
0.02628736038320823
0.026376541185409875
0.028271805324975828
0.022434270862034058
0.029024179923336706
0.028836790361879742
0.031039620891934277
0.02886219230334998
0.031096450942191132
0.03353921605643162
0.039581546381931565
0.028441053174724368
0.03687385125075087
0.021631343803610467
0.03159596189037103
0.031330786746026684
0.03572261116400932
0.022633941869580634
0.04939917050543459
0.030983182302057065
0.046044364236245104
0.04040283943404643
0.048510804621525024
0.02455994689326507
0.03144056915266029
0.04590846227504902
0.02613462788777029
0.04217108156857163
0.04280603216221283
0.04478517485568629
0.04064517901551336
0.047752434486369386
0.03394934199472798
0.033258062516161216
0.036594978442707385
0.028670213158995164
0.03953992824557217
0.03478368877767602
0.028475783045741235
0.036212279281607994
0.04136459291247617
0.02375935723399317
0.025690712779891645
0.03263989803575869
0.023037746637065176
0.02695879367149473
0.03196971068926893
0.03001383437498258
0.02810167844581924
0.04425766424059902
0.022101461852128863
0.02832709268637537
0.047154093741217866
0.029794125353088494
0.03500997528483043
0.03058653960486547
0.02643372554143663
0.050745478602162206
0.022979492598014902
0.014859810466153284
0.0266696462671113
0.02998716277863284
0.028512976468053584
0.026380428417378712
0.026612210100712214
0.03373928941623548
0.03158820688662936
0.018120326272510083
0.03185975345557463
0.03234541863448364
0.032173139992857355
0.023515070056833363
0.032097574792428724
0.03590575187295904
0.014418153703655071
0.02005491085882837
0.035183360817927056
0.04207790164825239
0.022637461945486173
0.05129925240987925
0.030443227766861418
0.03130725392601174
0.03234874278930929
0.031802864048260646
0.03117417379826522
0.03712534068158297
0.03051828844452675
0.03411864451033334
0.059244367462421274
0.05272769051327323
0.02222567870729712
0.026067364400961242
0.024568092401342438
0.018150897037183755
0.026472028252714174
0.03114805588725491
0.022581022959310092
0.023081645173528443
0.03539247170479912
0.01802551024397249
0.02827870652761545
0.030301075098271856
0.026313348553749578
0.03482776623774644
0.022212072133064174
0.02444423733725392
0.050414819974686
0.03935453463777157
0.03637123711894471
0.044405477278822235
0.030978577434880458
0.028803579575722806
0.04833548863764588
0.03881817870936882
0.0285315426716156
0.03837526219210104
0.02509607425917885
0.04237610572451177
0.030476864458507218
0.020717424043543594
0.040904976608394865
0.023654387974421227
0.02231775632141874
0.027383616543148925
0.0247438924540538
0.025340949348611377
0.02692726394072247
0.02427221534105407
0.03648861607577075
0.0238863590290916
0.031222957018834718
0.019847377383422703
0.036330097075290016
0.037118873423772014
0.023972016246355993
0.023241309004634156
0.034309518188592035
0.019340676171679654
0.025484064509872225
0.0357223968924259
0.027933138117774488
0.0326503094064121
0.022453179495217163
0.02027756707238319
0.02517987585575263
0.0315529171005718
0.032590282923940665
0.027815760222019627
0.02996643250557388
0.018033915104602245
0.03288966199110129
0.030711942400310648
0.02842668428314021
0.04759824996139828
0.02950727988683481
0.03538917069705082
0.04930837558752057
0.030424161626698965
0.03463007549082168
0.0625975230477213
0.0
0.0
0.07056508271014778
0.023674258198516
0.019191279551205025
0.04992603172934936
0.05725557451084051
0.0
0.0
0.0715928812449098
0.03395029727778537
0.05495257999440285
0.0
0.01801665238050624
0.0
0.0
0.059938948380007774
0.0
0.03936965862501216
0.01894222504236386
0.0
0.03201599884823213
0.040433991963583146
0.0
0.01939190984663453
0.07242730602997742
0.023352035516202917
0.0548616842960773
0.01810478346321768
0.057172034094613224
0.0
0.04802926318011443
0.019880595451344015
0.024356474846331938
0.06089808436938149
0.0
0.011397990239511546
0.0
0.04099443002384093
0.030608054021776698
0.045361453115123615
0.0275602630214681
0.0
0.04138547827036267
0.06483842016890913
0.0
0.06463701442958497
0.06488768581181134
0.04785390777016027
0.06721982805047773
0.05998917309880292
0.041529241261549714
0.0431654129823666
