0.03856335151653057
0.04254725975383138
0.04879424560997328
0.04476659650877913
0.06204839314543853
0.025108213100718858
0.03623665098185295
0.03197233783959282
0.05632206206126809
0.05595159946994116
0.02828442323704299
0.02329058884732536
0.02666330959705961
0.04705352358253614
0.03959005871205155
0.05140053541939037
0.06879298331777742
0.026987687765267304
0.037216429988063154
0.026638529384020677
0.04919074536649161
0.03336826996654153
0.03589290383528321
0.05367025755693741
0.021823437767684604
0.03810352220759917
0.029992119958509547
0.01641779574882087
0.01655319030630248
0.029962801740919098
0.019901476551083676
0.03326565689493594
0.04564507309081261
0.040455438379792645
0.05362886385317947
0.03673663290861345
0.0535885453728649
0.04855047199443301
0.040931746535880005
0.055072865686757955
0.03954526071169085
0.020403740392388844
0.03268784241849562
0.0439045335398526
0.05601988786279386
0.05225936354683237
0.045215164339611334
0.04884271896526646
0.04826885904637574
0.026287745562862067
0.0366218584442147
0.03802083643156212
0.03308195103134032
0.04969916774763998
0.04752155314949206
0.054379720148599535
0.06452018239122506
0.052408309364310825
0.03169906632166045
0.03603208102871104
0.052333961400596436
0.0378867169716377
0.03865286384106093
0.048659866276018385
0.032975799070113526
0.035703446814620655
0.030611247689552118
0.04078939307666274
0.028331096247100993
0.055299080788080664
0.060641232593922435
0.05704220540967891
0.041666621685469106
0.056011226495051906
0.04469892030295587
0.038396268382911866
0.03283853698679042
0.04159959677149595
0.042696665089859184
0.05340194956855635
0.038481769527842616
0.044840390298849134
0.06110451426114575
0.039768972816946066
0.042635785820622996
0.04788314280996381
0.03261022816973239
0.051970583770743074
0.0733898371758865
0.024745140547994583
0.023656589832410074
0.0297727449926196
0.01811027959168187
0.03468795361229751
0.03407879276815613
0.029461531469188767
0.030271891641329547
0.0375598214996445
0.04620289390080477
0.04016812939250313
0.03908250248782117
0.042167455894087234
0.03196583461245944
0.03173329881526487
0.035398065280328565
0.04940537315770518
0.03603024684973028
0.028157215812024104
0.02865108144849963
0.03078873780663354
0.04425817926588558
0.04357039125217146
0.025334072037234333
0.03141761273259
0.053558616879859876
0.04859824148250005
0.04162151803637756
0.03166266231952078
0.037544885433438126
0.049159344684419896
0.0410079057624551
0.03460225180548225
0.036673855456748776
0.05653022800126494
0.02559808795379061
0.035621332024036736
0.04958737487869263
0.06635524999258254
0.04894257660167865
0.0448890215016366
0.030522889300615003
0.06729818470289929
0.05648001016313458
0.05766944459258822
0.07278039956640973
0.06257926278506501
0.06797531679449899
0.022087758509031368
0.02540350288691962
0.04061945063097848
0.04009097662991794
0.036135949636892005
0.05263913194236617
0.018119567583018036
0.02206838841137277
0.026911439633081666
0.02523808766651113
0.06056216072603052
0.055420455147946586
0.043246633257302304
0.02970723053715189
0.03255715667304811
0.04322952899590873
0.03452819432426344
0.04086922661220787
0.03216186855579136
0.03721835827169169
0.04571545843945569
0.028042420819972776
0.026757544508273178
0.03430756074122915
0.03870636516556417
0.02706138774730514
0.06245039508678632
0.0298636738567482
0.04806019600376182
0.023859419839947736
0.025852560646132533
0.027087844381013446
0.039413089757564655
0.05416294085878477
0.060766628517700115
0.042929410994794706
0.034107506534522575
0.04936311267090031
0.058186312317588966
0.05352627920548317
0.06378410738454468
0.0736102916075976
0.062054876780933736
0.0708262394516469
0.04637517394837884
0.053749108519796376
0.05396694006073074
0.062375869515881255
0.05717236497823751
0.04221764116095309
0.0392052611745719
0.03501715264450964
0.03488105022730833
0.044514403932659825
0.05964898066589235
0.03765635463120546
0.06350724637200944
0.046661936017272074
0.03710459498798256
0.05907006526610618
0.04494511782481217
0.02229576924583078
0.06695720963207984
0.04643082367529864
0.034599457884320846
0.03048061041419976
0.03849350327733885
0.031838725396737995
0.06357268889263692
0.04359267246957909
0.05737886609317823
0.05558374215577791
0.03588322449578634
0.04713474707979669
0.05891978308760137
0.06556739634716421
0.03186173608640934
0.023801832473805802
0.032577280131677336
0.02657968100471678
0.03621326340168747
0.05071790342867101
0.0535369644804634
0.03895085917804124
0.03194238117098434
0.0557297144040114
0.037149472036961735
0.03548879347639193
0.061979692742553896
0.044964636773807055
0.05358185675026158
0.04472918117841407
0.05446593396182974
0.033429745890897825
0.028549743584903448
0.031169473172881827
0.02655412614934927
0.036185783761668734
0.027319581925241795
0.0667780970784508
0.022200455273766052
0.032087031086925635
0.044124236509176885
0.0375631138493935
0.04472387034082224
0.05133688891925713
0.046783329293730545
0.028294386582677397
0.04758131337111232
0.054428080866520505
0.02653082536304598
0.06562994006770546
0.05926098605154173
0.02936240322568131
0.04131341230109175
0.030298704596438207
0.02502799137632367
0.02636058594377009
0.04234907797179894
0.04195503759922635
0.04972457495518284
0.0364885583983736
0.04719764985918681
0.02911081919293496
0.03144614815059178
0.02286542029736171
0.032726396936962436
0.0386550943204127
0.028011816161889646
0.013198313684373145
0.03942335171352286
0.06540536410639895
0.02867572862582954
0.028376721014988643
0.03632228984852143
0.03938945510564979
0.030925356142856315
0.038783828378848854
0.04670302422584646
0.033781194618493
0.034200321002435564
0.04418903929740382
0.03279125079728178
0.04563678340380491
0.04208669948914975
0.02896932434123683
0.06353760647247131
0.052740220233500404
0.06991861978671993
0.040027774358812385
0.031308107608653095
0.024718883825034548
0.031219007641829763
0.05018087186286994
0.03680658428043991
0.02116994068264401
0.035818987666320204
0.02988307244074627
0.035044459111883156
0.04098686968509948
0.023638759192068936
0.03605508634353819
0.05691334198410779
0.04298083528228016
0.02840242782071835
0.032933141078251224
0.036066040787179524
0.04238523876681601
0.03450274263816648
0.039014743644935096
0.053982681970795136
0.048434254248671954
0.0482864093377604
0.031487770930526925
0.023619783834014144
0.035106495768910034
0.034921934390866695
0.027599740132381718
0.037484462499481036
0.060839904009605046
0.02485918895122083
0.027794874142996237
0.03203579862922885
0.05131548329098887
0.0611438054166841
0.03618125765273131
0.02948686147570644
0.03260049502212347
0.04752811231513408
0.04592071309968222
0.053824802115381674
0.0518409584278899
0.05504987068155178
0.036549189839402224
0.02033549539206998
0.03604732396478581
0.035822999101485044
0.040542016311750556
0.036293480314612124
0.035587522313265896
0.05764631553696781
0.05750535516871448
0.05243211584158129
0.046316540789264476
0.03922585391181576
0.03136084600345635
0.030718715626887067
0.024498097819384355
0.057107575322371394
0.023885501873730897
0.03703438859330614
0.03068498656946738
0.046450047338213785
0.030504482648876705
0.042142185802233854
0.06566200104427898
0.052479311904258454
0.04939738398923269
0.04873446973736834
0.0495735148513223
0.03447841453268267
0.05684232035001152
0.03212534462612817
0.03711818169037925
0.026139163645046096
0.02673467732698078
0.06267793517376705
0.06489239096664605
0.042201720552866334
0.03393526967939285
0.04410511163149965
0.06199556940522246
0.03630239413030487
0.03781275240722378
0.06921764539468657
0.03108186206716873
0.020195269883481817
0.03322681904915066
0.029604955895180095
0.01903227570324795
0.025111368711452094
0.03552168370164896
0.029202239092234107
0.03280834315807157
0.0377749284066165
0.028092065463400862
0.04814460298817396
0.03433895985773457
0.03192765471603985
0.03165808205063925
0.06091951952322017
0.04271863801995555
0.033907950476252655
0.07390810153917501
0.07370787201319852
0.03304795307415046
0.03196134543856233
0.038059360446257226
0.03615011840699839
0.025306476663077594
0.0346162468006358
0.03238907127599285
0.03710439431601363
0.029077982844241457
0.029029910659792837
0.025362379468528286
0.03436199090567008
0.03142533648463622
0.031014606747448683
0.035495798559429546
0.03168398603283098
0.03167954211928435
0.031038979744132462
0.03669513061726311
0.05731178077594036
0.038927264396363646
0.041824211466351416
0.034173568509291284
0.04593969562371958
0.043724998996880496
0.058345575426384445
0.05004958412592512
0.042862225756413394
0.03107204224121741
0.04982997101904257
0.04380589728395937
0.03828267623403565
0.04696003845454663
0.03356562107674722
0.028254433177212292
0.0338763508723022
0.02010801044915515
0.0247004941928969
0.03203247646625644
0.022171240415356914
0.033661553195931136
0.058749794434315356
0.03405611225295178
0.05064848700411885
0.0682434536034836
0.03243861536187386
0.042608246346922056
0.05420095287882145
0.04468665544253677
0.03817233237978123
0.05048983756317952
0.02468677470105452
0.03564410156139758
0.045638532425313606
0.051973287310309674
0.05636032994367583
0.04515422868037944
0.03447389463521643
0.05162716667588476
0.04071270235470006
0.02915503220333972
0.0292901818314602
0.024026489060109468
0.0431522479548865
0.05052079795331823
0.03541502248481569
0.02799911025037221
0.044802532116639295
0.03585990526590948
0.03784207994828643
0.048410761835360555
0.05860736157235062
0.024199492329385806
0.040964741782568384
0.034205480286424846
0.04441466267529221
0.04132461848970904
0.03867502698434746
0.038119837524247205
0.04526448203030976
0.04546933961429401
0.01916217838753084
0.07243574532011109
0.03501292066588495
0.031808665437299564
0.031841928019328974
0.031214102137495484
0.039045391868791655
0.042563067689312555
0.029790323287194456
0.025969532929099006
0.037513236277346235
0.058146728814375215
0.04233893794652856
0.05102162949541455
0.027546316815955672
0.03971867057610729
0.043385363464473144
0.06866956733992917
0.039307012250077863
0.03136624999491234
0.015903494006821273
0.03226283421853231
0.02601978524724019
0.03455722505334847
0.03478498963750773
0.02352756826035262
0.02345148910565163
0.04090850777087814
0.029803579706695196
0.025286159598681666
0.02445623024688981
0.034915465718125614
0.032611786911991326
0.028788502736895222
0.03506849487502997
0.02156159858840476
0.044110604629788934
0.03172899808633264
0.03660645335019499
0.021491715331468778
0.02366197813182808
0.03569047004628828
0.0353107399854492
0.04342056729154977
0.034708881071708435
0.03234953831297285
0.034270030756661116
0.034779392285918094
0.036443739945119485
0.0320613023023083
0.036265647587765404
0.04385752502136895
0.029171134350801285
0.02820244769913105
0.03058396447180283
0.022654735107974684
0.034157110929680524
0.053365763518746424
0.03469187463145283
0.03166847759144736
0.035272831247607876
0.03522010018618631
0.021540319496237623
0.028905877058134775
0.04741765106163646
0.029960024211902365
0.02423299704947782
0.02277690805521142
0.03239168439213995
0.033297489926044026
0.030120110660279812
0.022921603906940428
0.032494584449758716
0.03695970433881336
0.03318323528342284
0.034282048249594056
0.03395027815055426
0.023767095628725834
0.03952060926513528
0.034262791543816055
0.03273561875178934
0.04866928552713956
0.03169262627370926
0.025177976668332762
0.030931252117487134
0.036896956063851384
0.03587319055171981
0.03197279614679398
0.027344435178336065
0.0415642863191734
0.03169730372255659
0.028394968946628546
0.04174513736137418
0.035789460113589626
0.025767404585299233
0.03669284127510428
0.03212131627517775
0.05055992700560889
0.05981742792563794
0.03533206832743303
0.0446186363402453
0.048615752298566295
0.024673999329028272
0.03211923517520302
0.03298800431406846
0.02849343682979174
0.03705583746207369
0.034717284484837116
0.0386343238763742
0.025206879438425818
0.03458363869554585
0.04016431214610802
0.025327646901409883
0.03552233740057089
0.06329002256367992
0.04809207765037813
0.03465769974768415
0.04216024422608396
0.039322761950244034
0.02701999250416254
0.029865080193650886
0.031894723543254344
0.04264588920520358
0.04125466125860815
0.03396366526628121
0.04537624796737008
0.028771484678149658
0.04285529964127101
0.03494701404348527
0.025683904992556496
0.026735419003870033
0.03358693762740951
0.026849770437669538
0.04826038595653252
0.029080031671234467
0.02615610474312506
0.02458131025927018
0.02366073086360602
0.027620488365623763
0.03821078317118813
0.02260303078497807
0.03770660739917552
0.061217576262640704
0.03854997121503468
0.04269040200935097
0.035651112616579
0.05512865412505549
0.0521119184777204
0.028044806312845148
0.0358113021502486
0.03692775267469714
0.02945458443095062
0.03176272773334338
0.03451946702224702
0.025146097976160593
0.03294818451791642
0.019808693448515255
0.03637917449495584
0.03896855942148235
0.030523524752400392
0.04239793135552793
0.03259176545252224
0.02800282067159587
0.028516056857277785
0.02428521566486257
0.03772844766167828
0.03158093953835128
0.04337556852700175
0.04080802645452973
0.037841297441469274
0.04269657467470059
0.02996247544802221
0.027476139811100732
0.03470961801918174
0.03210623716803326
0.03196494377195155
0.03230871475300821
0.03300930851178306
0.037618574921525136
0.05272806267027071
0.04231004206332105
0.04478456505966465
0.04077404963024882
0.036473664000755426
0.02895704635101791
0.039898344069647776
0.03532407170224008
0.04958956680369148
0.04204594437784691
0.05529988677058939
0.040849037002878036
0.04489461474831913
0.0487615626386194
0.03554116608328989
0.03177590461864671
0.040282464947197796
0.04197530414946399
0.041452901000050627
0.043108363081454354
0.023604419178996555
0.042420291520921936
0.03549831959403148
0.06857099836807427
0.05774339712798335
0.04007295787919206
0.030012056936226984
0.03637088165462857
0.030150966398276496
0.0307078936033645
0.03822803901274558
0.04210685557363885
0.060195355211214115
0.03312197669892973
0.06372830357409674
0.02680344672073184
0.03146947976709498
0.022152300101293734
0.04287577778446124
0.031241885286417387
0.027486859931408893
0.031145325934439933
0.030943439512906245
0.0392400044184503
0.03666045091975822
0.02552253707564704
0.04077257759614097
0.03126843541916508
0.037424979498992345
0.03408244004157418
0.04508776358747461
0.03332291925867244
0.028720096512140542
0.03829237563144912
0.0483224459538215
0.03519926403083592
0.03503280759948309
0.03060831530606717
0.03574131919575019
0.022343322982950758
0.028323812533081274
0.03705511544673425
0.03208559996834665
0.06878972968490735
0.04041118225543777
0.04160729335221895
0.0436421097507854
0.03523954538147923
0.025768558946385297
0.06206805861002579
0.045156777162320846
0.03117431686971405
0.031659106198446675
0.03753817674048645
0.027262843113384214
0.03880387209818757
0.027036143029080296
0.027912935155586904
0.03469462381010524
0.019543200827937864
0.035775768393704686
0.04754441420060197
0.030737170038613242
0.024752639140099796
0.022254997387187732
0.037878215600328884
0.046067464662704366
0.026364236149208856
0.012598930369060906
0.030770004547935947
0.02315378701446279
0.02207539164872153
0.025693321424302206
0.030132056908806583
0.024684402470656144
0.03526106604237097
0.03692298430083901
0.056383469575754235
0.03899690361185735
0.030330804347642976
0.03591834840455653
0.02544108202789341
0.029777931901997512
0.04700929255285596
0.034100778480849976
0.03175803457197873
0.0453462887733936
0.03137939849327904
0.034440770719018465
0.01602120240320444
0.026240016914374636
0.02621287995671211
0.024991692204610713
0.05042056590238421
0.032493200102098316
0.0405794548987539
0.04610765434014177
0.04480641552858238
0.04587602978203868
0.060171385124596424
0.05755401875936086
0.032418403327945274
0.04763159308140159
0.02656474728323649
0.053942334128585886
0.03274886230084947
0.025780486783181084
0.04159318300010215
0.042187457272511664
0.03336013501572796
0.050116374239962645
0.0331218389897059
0.0371645673217531
0.04432250268022012
0.04246645999264215
0.04968119873495807
0.05987195151320842
0.03189872038708347
0.03228535422516595
0.032891559937543224
0.045829035406742866
0.0380019076131711
0.021796597433238647
0.04243594721248605
0.03895451706057342
0.04401789101421889
0.03551756114279948
0.014328184154355043
0.031108310629155055
0.013468182134200563
0.02200221916948886
0.029324432507533523
0.042276325105988874
0.023995263796408026
0.041939165524738684
0.03594520155572365
0.03609853938596962
0.03329122095800934
0.01968867244551207
0.03069156761025735
0.020996118450799434
0.03225976126005207
0.023349483644064698
0.026885573936386183
0.026071415901540714
0.037754068972220486
0.023209861240812642
0.056503712127105914
0.02413817294504702
0.02220653824162304
0.026685580155249057
0.029989320187662198
0.05568102104451752
0.032975976524736925
0.029246580419977714
0.039848745026945354
0.05939197792091408
0.035516430301106176
0.050363118627236664
0.03829263251016309
0.024490467901550975
0.038790813606316615
0.039816853054675215
0.05792128976129804
0.04589652765515062
0.033776759019907364
0.030879752912760287
0.03154641922980325
0.024206671182251113
0.044790449159217406
0.03917589597146012
0.06701621254059145
0.03238541630689844
0.04039698997034795
0.04332779935425409
0.03111937954779942
0.05230566851570874
0.06056585094851762
0.027163744867340196
0.03129368304179612
0.027103152778366953
0.042076341952812374
0.03926649145638966
0.027113401760527525
0.04685255199131681
0.044032684417057995
0.04079282563556161
0.030967537580918535
0.05643787940944978
0.03703641317622435
0.052580599849427576
0.04780715563768201
0.02337885178686545
0.03965482088669197
0.025716735451647103
0.03705716358365304
0.03608574623772851
0.023564776451668712
0.03369584739027197
0.022271883496806113
0.060201317318781845
0.029462736595358918
0.0514615660931534
0.03541693027196015
0.03474601572482808
0.030679992555772057
0.030347503393561417
0.04880549782697529
0.041163964994428044
0.034135125744055854
0.04680741573127065
0.04297524125077715
0.03223379002789617
0.0385262795861474
0.03555409316239141
0.035676058360264565
0.04997812224203706
0.02930078452874595
0.03121839203698677
0.03509551429630605
0.042185199028095165
0.02395857251590747
0.02956130099682686
0.03792710888830044
0.02677060413131455
0.028987704797800863
0.0547263584738881
0.03866587647755812
0.0352713309275393
0.0606639339241714
0.04408002021642003
0.055645813360285915
0.02907841080977806
0.030982010524030164
0.04570859122309506
0.04701073432015294
0.04320748554822415
0.02771358590414921
0.03464390269425321
0.046402864515027495
0.02758154172993235
0.049117285058928116
0.038537701707224335
0.030640111845241246
0.021675725024398292
0.03335802917739593
0.06098141848399398
0.04314909194177801
0.02199019024979608
0.027839207613643634
0.05497783800259886
0.030579281483668563
0.034976270656971564
0.021008359852475685
0.031599549806146356
0.02784972039098738
0.027393030960800684
0.030911944844168066
0.02778749232848523
0.026513532917696533
0.024043796197980048
0.02050096200821369
0.029202615398306177
0.020303457203283283
0.015686998042434154
0.03298687336761777
0.026043377177423797
0.028599791432961354
0.034945135565277494
0.039036449424671056
0.03270803735137421
0.03250918216531439
0.026844093295313665
0.026068676457580223
0.05250561020733784
0.03366189971697315
0.051632835931943497
0.0182620913308903
0.0393130030692136
0.02328743718456368
0.028208222144537182
0.03997774646681581
0.043604494869970575
0.026903359156226096
0.023226435089832864
0.024577288185549637
0.02797572632710163
0.021659409980326606
0.02472124120492784
0.02354749808366057
0.029488064975511652
0.03693805695434598
0.03274152341531404
0.0481185894697211
0.025794823635276125
0.033827829881623
0.01638217964839302
0.02325576084946481
0.017438489960748076
0.03446575956656115
0.03392526142216889
0.03515563234469772
0.02782208381643778
0.05261501469162582
0.03667912703261896
0.04993621591778354
0.034375575688108714
0.046660835494317564
0.03694026729843726
0.03187938820382218
0.046502061255986986
0.04839094731455459
0.039453785316212416
0.04466260910021806
0.03595108125328089
0.03717515049492066
0.03498765367686867
0.02109155588440549
0.04928940992889748
0.031210370489808518
0.03300100518923637
0.025491224448599706
0.05109859539909104
0.047749286264953755
0.05274565018854636
0.02902961112955759
0.027500221229655578
0.0321760237162316
0.02250768512950387
0.03161951140777891
0.03857212387878061
0.05490055031199602
0.05941931771824745
0.03499163671666572
0.05035608681851157
0.048653498309987955
0.041884897382588895
0.029580420773291913
0.03219212929525638
0.039327310617114426
0.042021689462109886
0.0381301358576127
0.031239317027318834
0.031972561323735126
0.03724960372943588
0.04719686983180137
0.024390521305530898
0.019055028397308257
0.041017867956131875
0.05056230700235101
0.037714983079937967
0.04648796379021136
0.036923738547443935
0.03855125384679481
0.04456116542601865
0.025365204359953847
0.030094832158113118
0.036289163511439564
0.03233510445804215
0.029639461947925064
0.06375742011703098
0.049153028474855934
0.03307918179535274
0.03678982383163175
0.062040363552126235
0.023903501477294028
0.034546241009334136
0.0435563763230583
0.06328751099266705
0.03839066827480359
0.0331776460418005
0.041921257705369495
0.04452251532862335
0.03133616898350049
0.02382589357074452
0.03140963310236215
0.03377978299042192
0.04065720596723906
0.02378185484308951
0.031942920309340726
0.01822904790894647
0.023929282007093263
0.04080510985464933
0.0347520558272777
0.03269433467070408
0.028791335747562815
0.022001900567053256
0.018338921775526755
0.030590707495291743
0.030533981905411497
0.02253467364357029
0.023032971203134946
0.01803939837934976
0.02972350411509375
0.02425636964541476
0.032113510009201866
0.02438818343651971
0.032850008711947126
0.027267842329992548
0.034740553358671024
0.02167306960005635
0.0331287443669894
0.021779617061218826
0.02827718934273697
0.04171602189956514
0.03222355328468322
0.02218122859045962
0.02343376257786099
0.021999515918916607
0.0265980875986727
0.04982901229074592
0.02220092660851497
0.018214229272619693
0.03091835731226493
0.026100848378213772
0.04096741434122438
0.027695221841953183
0.02499311592774655
0.0387950939013234
0.03385434201657153
0.04685836090609183
0.03410875295012266
0.027782471751407883
0.0185950349737952
0.05011876080814893
0.03135457872996119
0.037234781980830765
0.029654233563223675
0.03778835623823158
0.034737011818268215
0.022581534208778224
0.04713992638263248
0.020639925678488397
0.033806208871531664
0.04643467751282441
0.023766377363830575
0.022607113342190902
0.026715255546878095
0.031994785646344864
0.026560550239029306
0.027424613142212177
0.04016602393036932
0.033155451410590044
0.040100722581519664
0.0314268643967625
0.039356796693665964
0.02422595083402301
0.029212943810021978
0.02831380091892768
0.02665097574198739
0.030448604894149085
0.02749528306310005
0.022250372371415857
0.02209687571181376
0.039966190251666464
0.03382337039385637
0.035080666136153245
0.03579117614099259
0.027449478062230782
0.048112288121773046
0.03355835552943554
0.031605784966257905
0.019968881529909395
0.026458606266308884
0.03415035187044203
0.02883821766144516
0.029859314978746575
0.040333617428751516
0.02742540599314609
0.034745942901453976
0.02971698484219267
0.037175362517846845
0.030172423983871474
0.040623106036620296
0.0314855023383779
0.04214037649333471
0.04455504453692644
0.04031985311310671
0.030585777838727544
0.023078168062285864
0.0347380791099623
0.04365503661251471
0.03059876936659378
0.04232925218805551
0.029689726533348205
0.045319138010337295
0.03320554563623366
0.04081580369630117
0.028458422043785528
0.030131727027614387
0.021444683674255692
0.04036906536027925
0.03108063669804013
0.02804032703486572
0.027292857946519478
0.026996266171865724
0.03232191100959993
0.032208004113884484
0.022181420012654187
0.02677825723768247
0.028490550489372803
0.026563800014723533
0.03065841893448684
0.03275763104566031
0.0554695019827112
0.04158228721668773
0.02573544695335383
0.03171349123532966
0.022248360701159254
0.04179635538273645
0.0243658813820166
0.03129179234968037
0.032334174327550785
0.03217993609205724
0.024067815471196245
0.028458232140376478
0.02535264524131993
0.03465809012785003
0.020845820705173077
0.03377531058096468
0.032978111463023464
0.013462116946825298
0.017926874682566523
0.022639877111391052
0.019972744906872463
0.022899862130978475
0.023281392531853035
0.024546679236824603
0.021706970476682238
0.022698680171567513
0.02866588811976916
0.04464749632318714
0.04080710126534349
0.012905904957723003
0.033465625046871283
0.03201559751609369
0.031980053022352885
0.01855300129958008
0.028204192984180396
0.030926350673818666
0.013274681536251247
0.0319822079606083
0.03182793532068615
0.03437351055740449
0.03052634916847332
0.03782457382195463
0.04254723370120555
0.03596440501210883
0.02453084721098906
0.03275566555383979
0.043989705735404644
0.03623086490221425
0.028774200996726177
0.023777666535824943
0.025201010072349705
0.029610061766399617
0.0321344535943899
0.020638452577955133
0.02317878426598093
0.03472792232289465
0.02851342229656934
0.047817611432191
0.021825033906044743
0.035839393211381236
0.029282152968030217
0.01894303114827317
0.03218926671922041
0.03864338058308161
0.04415835453509903
0.040788367944246236
0.030911698802467098
0.022941484160649558
0.027804371308223382
0.024279724135811562
0.027880315272383497
0.02225134374219529
0.028820416509384484
0.029628342534946166
0.02753485691128611
0.030150320903143027
0.03286578949059343
0.03569097022007105
0.032507364500644675
0.024580592674348246
0.027490810371629433
0.024974697138504028
0.04663516680698758
0.04804910509135427
0.026309025101901872
0.03911837621597296
0.04042631645158389
0.024906991996893807
0.02712678258769362
0.02003385976291146
0.03293439021414814
0.038456775580676276
0.0318425883577325
0.03640745432589773
0.03508991661667207
0.02841997952067572
0.024429268081545108
0.034113495550597346
0.03933512719635721
0.028828649200521982
0.03920510979304863
0.041603185067054675
0.040415394503386964
0.028779711532127966
0.031217540794013066
0.05172706496737361
0.032429252569054115
0.038791648401413574
0.03230442979752351
0.028441294778938947
0.030062713092297414
0.020387941383845257
0.024558390077979896
0.046150715882313204
0.02856693380758861
0.018257854588144287
0.036651776176852925
0.029124294608166693
0.02663243280480586
0.020058043252880964
0.028213936955971738
0.03650206990514374
0.03053571599885128
0.024183241349899742
0.022442972919032855
0.02772963293347029
0.030596529128113524
0.026068855170010848
0.029322107166209362
0.017868357392018034
0.04093192489243575
0.04157757136630273
0.03557680323346241
0.042005726082523634
0.02246990118655027
0.01854631602232636
0.01802496729231136
0.03140656735971001
0.030543994893636555
0.03072450395404653
0.04520899338361786
0.024307129765655997
0.03132959727039272
0.04538986985396619
0.03432083723920492
0.03443186496092683
0.0341426776958106
0.02535656726241413
0.030934069087873474
0.018388690307420623
0.022404369675479728
0.04116367248633796
0.028068244189633437
0.029674771965799904
0.036527755754194986
0.02580802963601313
0.04071108109268858
0.023005592548239754
0.039247719835161225
0.04900887722959591
0.03764284208192841
0.046391296606691154
0.03245039447884257
0.03843243673659528
0.041977849803147685
0.052288016591238044
0.05589583473222044
0.04483993944620795
0.03308322108333597
0.03669938184676199
0.025309019339052722
0.05762060862251029
0.03282376389311732
0.024174738558565622
0.01800896289505737
0.02785318415868784
0.02628401836311367
0.03640910409499258
0.038221402834537635
0.027050754223542462
0.031199810216770648
0.03350434791001009
0.02952081644459637
0.033875676120780164
0.03083448527217545
0.02481199206700931
0.02662226922041854
0.024559974855216923
0.018282289955035766
0.028880899206915233
0.01415846244791039
0.026101067401545115
0.036008719723546016
0.05505269301685769
0.02813409003824365
0.03672084173502018
0.029651835300140584
0.041502188855475575
0.028183440012468197
0.044056192446112356
0.03928753818948709
0.04611004784816435
0.02670354286107616
0.04592289985704302
0.021320891436960775
0.02225032572295911
0.028470240386527634
0.017787301794007743
0.017148400378914526
0.025006726970512896
0.015493866180596146
0.019791056709197393
0.019878720213669
0.022947865797643734
0.015122859019268324
0.025622157703072385
0.029947073065451652
0.026075506218719912
0.029052357266063613
0.018606111794545126
0.01329274680250683
0.028496932244249262
0.028235553375211997
0.016117850858976903
0.018559597799373412
0.030278454246779572
0.014762955934214375
0.017776509863112706
0.022060408756093358
0.01897872722164477
0.022947417763225564
0.026013940045034885
0.026113391094311135
0.024314404992205742
0.028116080954183883
0.02655136969785582
0.02602729102094352
0.025677615327146127
0.019722840084531422
0.0293080563894661
0.026815285222342004
0.02674517839840486
0.022632229783823326
0.02682990534757813
0.025919527666306817
0.030458000625861834
0.021019552141333095
0.03597848795593773
0.02067590089830832
0.02272684784588389
0.026622553585342726
0.030578919540192324
0.01835810735551643
0.03598536933736718
0.026164458916226187
0.027200705701629583
0.029410760846254113
0.02440706343572616
0.028774155483311466
0.03062187405270939
0.02172083526376356
0.022673759064296924
0.02953826640985778
0.028885471134887954
0.036412734074942735
0.03826447118337221
0.027185496749472078
0.03889153238128966
0.02796991364146676
0.020213236447107267
0.026443147269167647
0.03357814511785234
0.049552220797264325
0.06398831687573041
0.0338992940705998
0.016977973824308015
0.045179295641665645
0.04655188311352187
0.06421425116468023
0.034440298001056975
0.026305098020916018
0.03969215938508034
0.04159051134541793
0.04047956406562599
0.015784369305810793
0.03699698524225487
0.025802292836967427
0.02182846457037232
0.027361047017155596
0.044442752169054515
0.01232672537618973
0.019515615667011384
0.0
0.03679073561917454
0.02553357650408577
0.07269251520510044
0.011963897410543106
0.032059220682200004
0.05569973846792344
0.0311353444095292
0.032717810082010315
0.0
0.047151581598311475
0.0
0.06619397084342345
0.028800939418532893
0.030240875146655355
0.03977673109762163
0.037950190766977726
0.04035885689571602
0.025921072867504925
0.021394175077576672
0.04174116043667206
0.032657690255387575
0.027509543225987993
0.0
0.062382247619294624
0.032143892873491585
0.031608636022553496
0.0
0.015820204424722224
0.011555203167837425
0.06628132578088342
0.0
0.023475886541063577
0.03525703664676196
0.0
0.03875077363743857
0.03409362658914417
0.0
0.03146524575337681
0.0
0.028790131710169208
0.0
0.02252848464377932
0.03527799560363791
0.04984398790506237
0.029592837891962966
0.026952683907590744
0.04666912526588046
0.041891213060406836
0.05244817010488116
0.0
0.0
0.052414510998068715
0.037893769064055914
