0.011265337788987948
0.032841489772312875
0.026174575626267592
0.04217597352229416
0.02475334036035451
0.059096833208054485
0.0662176016122696
0.05315736838270872
0.04478283913107801
0.03718337802889894
0.029816141008269344
0.0687896295800108
0.04569192822178765
0.044259579496671926
0.044290633195935944
0.0333749558747981
0.03790584809773295
0.049776718065265325
0.06287735504138181
0.04586112971629017
0.04229423880536294
0.029437904634150573
0.04093880980048152
0.020324043664804763
0.05073580546347694
0.0540983515265022
0.04855825624672103
0.03164896735018904
0.04003168065558967
0.03883037621680852
0.035842086186318754
0.041767857032202364
0.023042912903157436
0.030845616020807966
0.03742187237960651
0.031230960243508386
0.03354971690665459
0.03465660532800919
0.03138165902642992
0.05804807087279041
0.029261196093931286
0.05435122644487737
0.03961116165998712
0.049436310545547736
0.029289085637295917
0.031395203899968055
0.03850939691361368
0.049715285500140094
0.048428839897730266
0.04189240315810382
0.06529703248765939
0.04761901419666834
0.05639036536356839
0.06410535520575145
0.07080923344599814
0.05399024211921116
0.043783599597195126
0.05159381875350676
0.035032287522347126
0.024886465625583214
0.029207753765053586
0.04010257781302847
0.03311683011797024
0.052306522235695666
0.03961758388680182
0.05849002534169576
0.03551453756386256
0.04641465900456669
0.03256297762605561
0.03852749909047643
0.04538002357072986
0.026098303227892066
0.03930771872953201
0.038174303133914615
0.04549350852770097
0.02341520812776742
0.031597932679607386
0.02095158996618419
0.033663764645551944
0.04115163571779372
0.03638409481627925
0.04981633805916491
0.026566032058109482
0.04051041571398642
0.06397775549382592
0.04597163449753553
0.06923271861787762
0.0527308032773802
0.03386523272273501
0.03950474798263903
0.05023490811496966
0.04314654231425301
0.033146739644985365
0.05190156539841117
0.04245335756027578
0.042209558071868034
0.04335146633005111
0.03172802319816231
0.030293933460238107
0.023809142205113855
0.028599478235897157
0.043922297783285456
0.05762961874813627
0.04876249010587562
0.03177929164664467
0.04419101330089637
0.04446557474395671
0.03141920242993659
0.03817552685897081
0.02910731173283612
0.043323198240809734
0.036123765684410884
0.019482890203828672
0.05097752483400292
0.053576157202242375
0.05130413316375041
0.0644062343573249
0.07543213494581381
0.04092803239258993
0.06111093236241286
0.05621001553564307
0.05319495460773665
0.03881308420362977
0.06602463106435912
0.04082107117308028
0.024977126290931146
0.0692333965651842
0.04900661446292859
0.02472172731247748
0.036405346267718755
0.06621371630539963
0.05708856195960023
0.03127034415118155
0.03335283696134408
0.04054792980278525
0.03849093491898809
0.050922506609404054
0.06597125575791327
0.03299571015496643
0.06602699961176259
0.03174032160252469
0.03333766246569586
0.031990140145676124
0.027532572334620517
0.04193248624532888
0.025233403619981366
0.04022918956678597
0.040993718309692846
0.04040933454159322
0.05186679626651814
0.05255551396200021
0.04303046077977788
0.04484967904815173
0.05067161485990509
0.03851957122341351
0.04851200621582356
0.04654414826008637
0.04764721298851065
0.04992180822644948
0.05153677363354792
0.04251937932801935
0.023125344171763148
0.0433932453486587
0.046436625753843226
0.036328163389442086
0.04059099839626457
0.03989694469896787
0.05768784062930616
0.04463408900156922
0.0389381057424793
0.02956143762142762
0.035133408408664246
0.05599378147593406
0.040160290139172335
0.02875132880434619
0.03259378507561768
0.03659577109638333
0.042830235124902125
0.02919009004205239
0.041313676961025905
0.03515020661031026
0.04038757692038489
0.04135270559064635
0.024500828877135304
0.05409550502865789
0.03984844064552586
0.04726097269065313
0.03564040583944018
0.05362371864054189
0.03326574813708535
0.03866247181780412
0.029030160214475662
0.040364232064019956
0.024407943436876835
0.020153892071011998
0.044630247865097075
0.03021080190304457
0.03642237080202216
0.03738837026937653
0.028021266425897202
0.031397472354952397
0.025889908981348332
0.029051504273660246
0.03682330007427362
0.02986148432345589
0.03975679144228067
0.040604652853767895
0.03516653175694898
0.02287054867193952
0.03744926222183824
0.0328931581071753
0.0314927515423887
0.05409438050913111
0.0537305023925992
0.0605601938031906
0.03970262958703116
0.03034017911028946
0.05905327598194708
0.07654656968618663
0.043598138255664096
0.04783182085348621
0.04885900622935348
0.050534873563510614
0.04401149444451978
0.05211190416796908
0.03491923309850178
0.026379971059709476
0.03283645383648418
0.03986263969683912
0.045095237917240266
0.0615069282206394
0.045666695466307805
0.05037270094018779
0.044342359508826354
0.03738341270057562
0.03134122072646503
0.05817742957016403
0.05154259684775301
0.07164908505598659
0.048199353995696866
0.0711190552308357
0.05455265537086813
0.02990064810334385
0.0696209154182267
0.07148840250977893
0.04325497600060019
0.05310428607398378
0.024133023398965187
0.03261488605427477
0.03290606003838809
0.04445444615873646
0.025832805691385786
0.038553411738521885
0.03367850241344614
0.04608610104662798
0.022802323080968943
0.028421159693307708
0.022189334577674896
0.02970585334050339
0.02914778806549673
0.022513943467203743
0.032945180692705266
0.028031301651011472
0.023374926364708767
0.025803048850862605
0.0250639363539639
0.03234718165587421
0.03765877495434789
0.022595298512940457
0.02862170831838134
0.024522903808933863
0.02984641354266876
0.03815252439714832
0.04639166293462656
0.02313146045732716
0.02984421148648426
0.02997859490019505
0.04022684782242328
0.017569230739499616
0.03192539272470533
0.055757641853144635
0.03410926515695604
0.039290351391271607
0.03696334732249131
0.029915784312800495
0.02912039850452773
0.03927513456131125
0.04062870949328809
0.0447140665578325
0.03466664274867808
0.024568889852865195
0.022871964491101467
0.0718880475790232
0.04076332449481856
0.062023568292659495
0.0474256610856193
0.048886865552805955
0.036572827745423246
0.03444224690686425
0.029410599985776106
0.03415941159564293
0.02503561975092449
0.036696268259865314
0.03974022683699179
0.0367433952613709
0.0408012614104025
0.04614165824761821
0.03657154326006082
0.05110405025868589
0.05473871505954447
0.0469060504757478
0.039440057824532915
0.03465643457908568
0.03903938991291356
0.03839485971672077
0.025764155294948483
0.03775095903305709
0.022849889674424608
0.028042250601151446
0.03777353207226456
0.023662940050242647
0.03047935952041058
0.018344884429422992
0.03760453679168672
0.025860264463048444
0.044061492835885466
0.04028443517766302
0.025154214641354426
0.02461538842596465
0.04039682236770193
0.028359022920404018
0.02625080279398877
0.02950563277003229
0.039827379321579724
0.04816710476331744
0.03829742966020195
0.04863730992314427
0.060307985854778666
0.05465894738617823
0.05179719806051281
0.041394566332229314
0.0543696355844657
0.04668175869223134
0.05788409733209448
0.050364225649884665
0.03344675026254419
0.03414567074132533
0.05407741372444693
0.04896923384942829
0.05690189730977783
0.03501173622187851
0.021760760702083264
0.034663656964697906
0.036620610888252546
0.039665400825833086
0.0629173124117524
0.05611295866229774
0.05024422792600162
0.026950484492470436
0.03071532923065902
0.026113949905941056
0.03348941558496099
0.0257969488337069
0.03201628418693975
0.029302580495825098
0.041871952365090365
0.045003944838388814
0.029712983122421186
0.022791037565925043
0.03797843861757476
0.037418931609885936
0.03435930690118753
0.04565655335473322
0.04622397666828642
0.03084986869637105
0.04916944608835474
0.057234911163526796
0.029422687357506954
0.03566490508122092
0.03242892004028037
0.049268585558355324
0.020335033928884753
0.06382480875934261
0.05347248099504677
0.04528025609882301
0.0449425326834169
0.04066607009141659
0.04669308810466486
0.042244720025110837
0.02192105812784702
0.051800640898276774
0.054667917891803745
0.07190391913441767
0.03898344047192045
0.061524329865870385
0.02833976894165995
0.06604245348490301
0.03376912124997562
0.03502276193975699
0.04361204640183287
0.030067086254666302
0.03998662566521462
0.050838791077960514
0.0350566980360704
0.040511078872191054
0.041208921225415474
0.04537739711329931
0.042335643375091124
0.04225011980548843
0.05678384508320669
0.033748874343450336
0.03625673337242348
0.03533519817529904
0.05021704466123717
0.045102104763532096
0.034785476839812396
0.03680914111784729
0.015073043761482517
0.058588765498213444
0.03626826427562257
0.03239396847108459
0.03980872309814071
0.024942566779615028
0.029055196242496806
0.055649716323540946
0.03954194853244451
0.032474432289495085
0.016220390943955915
0.03600683832674012
0.051061812328455414
0.023428122010595166
0.03670221974608622
0.020271468058551876
0.018243849095456184
0.02219703586820644
0.026244872589772202
0.03459671161045503
0.03065086067466658
0.02407759365864091
0.02416122242922649
0.03298769752923052
0.03962100951285819
0.0314349785432665
0.026149078056931598
0.030069417076713244
0.024985643290253264
0.0325557512239158
0.03606324507677835
0.05532547759401276
0.046894411901274524
0.0604144247069081
0.03514770465432666
0.04146036549440926
0.03305216249827687
0.043071232945001064
0.06451953943822152
0.06274175910399397
0.05803487895434453
0.03937604386739092
0.05273906115383175
0.05657924769138129
0.055117224563311445
0.04363071582116807
0.033930660940946065
0.038144314735572525
0.01605153639811331
0.0383721327828624
0.028817188925195348
0.06813327109397511
0.03588627116934833
0.034335904793644546
0.02076897092216066
0.02030327167210468
0.047251066942078646
0.05631277001762931
0.020494016414011634
0.04600167468995013
0.06409833241837364
0.07509068146255031
0.05249245361154313
0.05327302791765852
0.05100239947582271
0.023872575468516198
0.0411020811222903
0.05415970447512923
0.04546574319023056
0.03094676347576585
0.041924306283931366
0.024968394802229493
0.03909317286944108
0.03747898481315895
0.025439254472391818
0.03874605815076183
0.026880666288451864
0.04043476549010761
0.07318863095235491
0.04311685565761959
0.07614737237961662
0.05853593271124151
0.055871982500340915
0.037679510860186075
0.030715909753171886
0.050709790195582465
0.05436299958304973
0.02758212824960713
0.02983973760869149
0.04939991506887942
0.051758470831406465
0.04199966261901532
0.03530973833724136
0.03588744777154752
0.04642145244517883
0.02996521832658658
0.017856199427649842
0.03174754289179982
0.031433686487941946
0.03910824046054746
0.03513433240702743
0.03360064533011233
0.04861366209780951
0.03126979955664086
0.028907016835594268
0.0286189112392488
0.0218948590465129
0.038708492024360656
0.0445588257475441
0.03920461609045543
0.03587474851828237
0.05500015041620853
0.032085896434414944
0.03436903079634336
0.04644149492820694
0.026300755969410814
0.024517880212430888
0.03209774084642779
0.036792143951698525
0.028033746770633403
0.03749971983599046
0.02107785905214808
0.03643594461774664
0.018543372835358493
0.021408791332845803
0.02244716188197422
0.014318232607413547
0.06193401837080776
0.029408945436153716
0.04836337994432244
0.03769378248796478
0.035407601462397804
0.04889444021522283
0.03424210702395517
0.03283418702443473
0.07311751766099726
0.02784003100333521
0.04811102217065884
0.04141707583910888
0.05516879952581896
0.05277685932142362
0.03510175667177419
0.029090760528234928
0.02787595438924211
0.029037919251290106
0.02323687727394636
0.02912663387369883
0.042749707733893756
0.037001079466415614
0.020412716110307285
0.02554877308208748
0.03653229305886629
0.032071125575300105
0.05044312890731496
0.07282671404505354
0.049087952983791004
0.04458385176131601
0.04985633558912037
0.05447351827672264
0.037606170564889484
0.030549529084954848
0.03141155444756757
0.03370125339379092
0.037341628230285945
0.05407566003634372
0.04880619823672318
0.0431440473711322
0.041177720094548696
0.044138085281987496
0.034075808801031324
0.044136955779029464
0.03972765340313974
0.03371646170422555
0.04097147988999994
0.042026923256799374
0.037775232598071515
0.0439745856135109
0.03299625761607926
0.04902060232443085
0.042372223652726346
0.040093610209608214
0.049759319428625624
0.02756629406842101
0.034812200251253006
0.04250088388257351
0.06975676307624239
0.03949068770371693
0.03482690404522046
0.039830325223063415
0.04380643264122292
0.039619420959928105
0.042771600052838706
0.0462233064979804
0.02002547473508567
0.02138191203902132
0.026246573309672252
0.014140683293092926
0.029637636210420953
0.018471464265485592
0.022566879804507934
0.02850921254027667
0.033951387480852684
0.028913677155024794
0.035600040582561165
0.03186561581897484
0.040718660718564954
0.04092211018270626
0.07157561306179558
0.01992743485192668
0.03238998195140744
0.022417539012146503
0.0277897838312931
0.028748249446918017
0.042473388358337104
0.025541596637996728
0.024259877554513743
0.022900629397072107
0.03169123452315468
0.05114484287357331
0.028214496658278226
0.044479384976156576
0.02486000405229244
0.05275139467561237
0.040519223445073985
0.03232932398864068
0.02339842569727959
0.02666518022107154
0.051063358843695325
0.04274004232713157
0.03900023378955572
0.025614016688437508
0.030960774426078252
0.037568532386608
0.03909248473359736
0.030467835698843544
0.03803783934189737
0.03636231410610518
0.02563894078103332
0.03681622092002683
0.029515179525319613
0.027066594657868075
0.0378492785482982
0.03616708871993472
0.030059158519307995
0.03060018715016299
0.04055862427104743
0.024207332931710315
0.04848220612389661
0.029384770074181284
0.0327431016649308
0.036978633545265
0.037042195701321425
0.024758964845530716
0.024482049292401137
0.017926161728974023
0.01842517589543656
0.02563728613649357
0.024654945388524203
0.02996779282429715
0.02230427262704914
0.028357194944983132
0.02665666030988629
0.03776451702157067
0.03203204714275742
0.021590523182431483
0.03305940314405647
0.04235646756017804
0.035110384353974344
0.018426651329255552
0.033990357074654275
0.026980647315354694
0.03460915832309749
0.038065545417977395
0.042742220718610315
0.033971099426534555
0.046672309167214
0.04198607974376738
0.031646773549012845
0.05780358299975877
0.044846494492887995
0.03991468627656575
0.03172343453146619
0.05269380772232904
0.03319795252591827
0.05986447211801327
0.03354675360258279
0.03886339665692253
0.0253138945728319
0.027873080820828608
0.051805443018942424
0.0327414150488338
0.031223372026216178
0.026855099910859038
0.054086480487826084
0.04038670886616038
0.03640696500242085
0.03426213988501011
0.02485825415360057
0.04767497380530927
0.05204879587837644
0.03337079198963704
0.038281918391344955
0.059151091671554315
0.06663556961976566
0.04044834596674569
0.04151731983386907
0.022243424621646905
0.0591647039315883
0.0446656907046113
0.025859280842426755
0.04070984003514987
0.05494867263279067
0.06967479675688669
0.04624941842599892
0.0367135295745382
0.023422716677618798
0.01970112239679081
0.042694471747343504
0.030473379933038943
0.026243835109411893
0.043330823620980265
0.02837172728559413
0.04351142309371185
0.02693899786322796
0.04917321149264102
0.03011213246558607
0.027578381561570213
0.02485754776499264
0.04590266048457861
0.03771019479282094
0.023318805501140055
0.038404201599188524
0.03390727534171521
0.031062597051044413
0.025065431963296914
0.030334073347748024
0.04805726182364848
0.02622887390305237
0.029513214905572363
0.04003137476639416
0.042613631126371045
0.04535712803492301
0.0373347733255222
0.030487209146715166
0.044054483126011124
0.059069173525442956
0.03353767686366485
0.029343330248494635
0.02933238984879344
0.053081105851093525
0.05740647778827367
0.0424618869203902
0.0623733733084479
0.06600231365224236
0.028050595986934376
0.02410163016616649
0.02997284999065819
0.030723456975990698
0.040608329053970646
0.035042053422459404
0.017502462956839947
0.038159838978630435
0.032429814968250995
0.03408985150855013
0.039085692984294124
0.037305843960951865
0.05787901177132349
0.021783223412117424
0.04025622105270756
0.047375187171767356
0.06011501942127616
0.04084268528604599
0.022396400625993376
0.07089026811073931
0.028169611665321222
0.027220670652608494
0.03573820178219658
0.02680596097056677
0.04007548166925135
0.029254210574889944
0.040887001426370105
0.035272341156247555
0.055719978872109895
0.03124042085226543
0.03803680217684287
0.03802590789055023
0.026388913248306913
0.03721755356736928
0.03174698591815835
0.028024902965913888
0.0376312401801312
0.023308527602575003
0.03707748172889672
0.04229529885918293
0.027369903432979528
0.03430347572567181
0.026806651314319353
0.018543331040685358
0.03389384206702907
0.03238722187922954
0.03712994300854227
0.050320919410742085
0.035900697138400474
0.02942441340678403
0.03086143762144755
0.036250969035323766
0.044882658538063946
0.027138831396051923
0.03314630122087531
0.03789183398834934
0.025895910593094634
0.03268692547869866
0.022702246570181855
0.022556669689079153
0.025374130687422645
0.027626674700623056
0.018923105237836177
0.020401754868229767
0.024328391158959448
0.04350724066357602
0.04344710431351985
0.04240617056462542
0.044950715336257156
0.0419947771563322
0.02661589130961701
0.05313300958555698
0.03211173486562262
0.04245300178356065
0.0427472171618224
0.0264259516970219
0.0341336632548047
0.032225044433198236
0.05630473638629347
0.03477954143582981
0.03759779450380865
0.03379403484806486
0.02843841075611176
0.02636987632170886
0.031469457196180245
0.020985650991941038
0.05273389273854147
0.05419951704286668
0.03172290504119222
0.043335280285749206
0.02492874341442469
0.05734031838470735
0.0513776042251874
0.04209774012491648
0.058538793719378965
0.06185656734232026
0.04884204470677786
0.038156312823863066
0.0537139757123562
0.0249246803779729
0.05788574281236076
0.05026096671501166
0.030824583831335003
0.027331788763269787
0.02654134942981536
0.02863750727435765
0.025232532365094786
0.038321937331964234
0.044933140832380085
0.033678859399258174
0.02690440108978454
0.033441078954492894
0.03700759529826281
0.02768719824327667
0.035984561790856885
0.05354323805113029
0.048830048698265696
0.034347202947438045
0.025708523218234393
0.01733829679255333
0.03376117534980087
0.0344496143765709
0.0344521028101334
0.021660049907606383
0.021961946963883754
0.027524682922787667
0.0144521339485443
0.028142038480047992
0.03453708195729632
0.027564759954967894
0.04212652320332166
0.02462423569033831
0.022212076617612014
0.02457400526527525
0.03421248263543583
0.031856448162900335
0.02818745202767534
0.036422320492556476
0.024061772341667235
0.03207017569428796
0.042119547901050526
0.028507016691801862
0.025889176625248946
0.024861054963313402
0.04144010669964273
0.03171722687366535
0.019542505409150226
0.027751943721341422
0.031135989890157683
0.03437668771452858
0.024084244024303984
0.03227430577960673
0.029447613776180836
0.05489451199550359
0.0377114878827836
0.034495316174808444
0.03291023792454264
0.0516333698683322
0.062050858904880116
0.02117240622707882
0.03896041565647113
0.034203548649226444
0.03476000565251865
0.043911263065563574
0.04903923880998253
0.022919821712511973
0.04599017766464513
0.044475501892615
0.04175428583900417
0.03664732020183229
0.028555757007106067
0.02457400866091379
0.022894898035151868
0.04442791822224515
0.03461381538403421
0.03713845053202944
0.028868270652126753
0.048509769697711425
0.04956279606412904
0.06358853211031408
0.029916861404231547
0.03411165312291062
0.03541205309277556
0.04611771496155923
0.02777838877794529
0.03752984880704955
0.027439177448722835
0.03430588715967713
0.025958025211386907
0.04025661225190221
0.0362766450702867
0.03448477299435535
0.03736027190579588
0.03657418538587018
0.04486802534842231
0.035104918143885326
0.02698323348962381
0.032541596850223856
0.03136812192692162
0.024637056809250175
0.0324864209136337
0.041500001589397525
0.028244804603015157
0.030287350736322247
0.052246667000818786
0.03006371560905644
0.04330199175188134
0.018106500281513435
0.041978909354132864
0.022726130889201585
0.046085542948545416
0.06151861694471357
0.04644485314932642
0.0334512452353504
0.031125080950587507
0.039023266769167994
0.03396121733669159
0.030443127187480733
0.040712633278872985
0.026344911070557028
0.018099369227805896
0.022363350231026626
0.035021692276002304
0.03507020705353445
0.039466938974637704
0.03373212544800579
0.029338583490857193
0.03568718989273315
0.022410903261582307
0.03333996283553717
0.04734862948503492
0.033899169582380664
0.022150826816772926
0.0351041219392396
0.037953942606467145
0.03912779158858822
0.029404621240759155
0.029773174090856388
0.033070502793274774
0.037008779477307775
0.029694053130775836
0.04528904011215065
0.03201857885763367
0.022527459915006515
0.027888107228093192
0.019568575213208535
0.035817203141437534
0.044670145748586985
0.030289840737265157
0.015196890621293492
0.026158152675122125
0.025659473125192962
0.025722962958706738
0.020347387670165435
0.013486961420572097
0.03124065612203113
0.0225216936561313
0.02330817417051633
0.03357733775629035
0.022371320405078172
0.023264528284883085
0.02236173047714553
0.026537288538457163
0.022693286392951015
0.029967702434157716
0.040120922397367975
0.056385413898259636
0.030587013670583207
0.028657279894101755
0.023870897138310004
0.025509040826516546
0.02834088512888903
0.020602410500823544
0.029670554953054425
0.02166918429731745
0.035337150865802684
0.029377511996848828
0.028672377239349265
0.025262890137561472
0.030850620404012947
0.03329076195151594
0.027359015666178918
0.019284080360062156
0.024033194479199015
0.029206860327455616
0.03407701145292086
0.02297905179563907
0.01965909211549599
0.03861183631194739
0.030949164190561304
0.019083735582238665
0.036960167470163036
0.028030720167562983
0.032430591053509934
0.030609589167739263
0.019935699765468284
0.019730267753547234
0.03047437850785479
0.03795367289578167
0.030778425669073267
0.039781793710409775
0.03248462227061284
0.021863080195236338
0.03377005340606372
0.0472359988128757
0.014537000233121586
0.02791245154645744
0.020902424380918123
0.029967262915833088
0.04900723438448653
0.0343418620169806
0.026869443775763002
0.024084972871961586
0.04202622743225351
0.043815425512090604
0.04158278433588827
0.04501025228145247
0.035073693191977964
0.05645845807387941
0.03235884475881363
0.036628658787348445
0.022203287305881083
0.04509969922116994
0.06168052626785861
0.03224241873336692
0.014543150338828907
0.023998083696643562
0.025407497032262798
0.025902777476556442
0.048479361833258496
0.02871378362970187
0.037268051901058606
0.04953152026298501
0.02365031767933225
0.027593511646762117
0.042336408052381716
0.027413238595840852
0.03519635261841781
0.038130105465530736
0.022744954925335754
0.032021107762432784
0.025184190925172864
0.02796788505291974
0.02772622419805174
0.04113828834176258
0.03634856913105383
0.023062898969749782
0.021655633549828298
0.030035489130915256
0.049864991210016314
0.04444891315381694
0.02899425068009165
0.025855504279660824
0.03246355578011885
0.030918956153942214
0.021559339643154322
0.025714533190898572
0.018955847900640657
0.016920135059875975
0.03266342960022555
0.028545868697249777
0.01594218321323791
0.028337713075517065
0.029033747117219753
0.026426983239626965
0.03222019285210234
0.026307878781840252
0.023623781758125764
0.022754560407384994
0.01580257831568422
0.03145842116842484
0.0393053492740314
0.03132073191881059
0.025057342022049324
0.03725325087509014
0.04111685461742664
0.028470102160555327
0.033701920562500744
0.031228506203807585
0.05193427347275917
0.03119394973476521
0.04941696626868145
0.04739239847776887
0.05550024016294612
0.021267414046428495
0.022126647438979297
0.03771727250156546
0.03766627475852537
0.03350834301190539
0.03477615354091058
0.04865686726513892
0.02233937155142235
0.028173494984944057
0.03698879129378252
0.025470942053860343
0.03675422883370023
0.03525681513994849
0.025680955583207328
0.03514377652319823
0.026230317414523772
0.040765609638108706
0.029607502271478812
0.020856023190649022
0.036867914951079134
0.021665287622779857
0.03863749895017798
0.03161302675585907
0.018056834732465027
0.023392601566574425
0.0436510614744934
0.02920543736105704
0.03262838815165404
0.02512559281832415
0.034597215786244986
0.02777704083973854
0.02557158137586528
0.0323624421098362
0.027658320066030764
0.029501800124102567
0.015575525181086682
0.030580644606606238
0.020426544669253286
0.021188275009752212
0.03246686008840405
0.02386982323166871
0.022901751728246007
0.0343770923403621
0.037534252824919775
0.03059520377444806
0.02720542102228893
0.014874406602543142
0.02233071910244321
0.031385573310041666
0.0243001121560283
0.020364712328491758
0.037702901698675656
0.04212626463621001
0.03083872661524789
0.026435223652459608
0.03677334232686619
0.018374257717433607
0.027400139600212117
0.025662327221911217
0.02740492406890085
0.02627575985580632
0.03188529371042396
0.025855750314243423
0.021154966041623133
0.019491001205684762
0.022461745250388264
0.03393326719860647
0.042810541779086955
0.035226489687228864
0.03802250126781582
0.022347490210163024
0.02817889331722119
0.029721102477401846
0.04255418316546567
0.029647282225779132
0.017311352745781813
0.034149495914613776
0.02768304878892498
0.011195313761681713
0.0252887107531316
0.0
0.02790501955742018
0.05460412216587318
0.006999793014796974
0.06504238477407458
0.057935870952825846
0.022226509673135813
0.0
0.027799052173410523
0.006607063360525616
0.06432824767028861
0.062259079284550996
0.0
0.033309233762727125
0.047732788338838955
0.01921055829485443
0.050780683190990494
0.054805824005095954
0.023895174596558228
0.030556121348675653
0.0
0.06061050163177628
0.0
0.03080999838729296
0.0
0.07558763154619069
0.0
0.0
0.05458020732906142
0.04023812344344603
0.03799665674686102
0.07497622578291067
0.058512636744659764
0.06090515164120365
0.038759425111835645
0.060669257276003315
0.059097665108217734
0.07304248387063654
0.061344050555045646
0.05395126426294371
0.053211745286602594
0.05086516911404107
