0.03840985219456232
0.05096388411995141
0.04752545835128795
0.036208152169409674
0.03173704094937053
0.044284995385711644
0.03647554732145904
0.05251842176705714
0.05502668526642148
0.041665540053142255
0.029289659582256055
0.028431266499714284
0.039089692028973555
0.057597697649298424
0.04540129285427893
0.045965275103196104
0.03835510286742966
0.04959198801984049
0.036704403121827205
0.05171457207704831
0.02686059493425679
0.049170175410767285
0.0340300112071683
0.0378286824953412
0.06107253056159998
0.02624043169404798
0.05790904184299789
0.04083209903664948
0.03172233476090936
0.0582482438705867
0.0693223013034045
0.051706117648144416
0.0574706450579598
0.05299506053793285
0.0651545981224656
0.05896475846037307
0.04955468588158547
0.05287625498517836
0.041702303334468206
0.04326548145044607
0.04754486324578084
0.049879516802992394
0.060469685325688236
0.040417924137689215
0.051054102444258946
0.04187645661206575
0.06438526240815245
0.036331405230411895
0.03769682167999551
0.02901963788731882
0.043168493900355175
0.026615448926432934
0.03057824356557385
0.031081008744176127
0.04156178775028821
0.04049232672321519
0.031312394181298296
0.020787781862029776
0.03247587959804425
0.0751353619443398
0.06255859959710594
0.044310676657989476
0.03367068355417845
0.02100530678738643
0.0500239632880555
0.032411402742862
0.029451076514234502
0.024763510557635524
0.021035784381751892
0.027272661844988902
0.02926363042052183
0.03246793128611675
0.03771472924468632
0.03682018672371403
0.034322442075988745
0.03172297159031608
0.023010043763539476
0.03654306477975816
0.048921939555792306
0.03306012188233732
0.03188012321801157
0.023022989033282957
0.0337423510650933
0.052330905653086325
0.04732294324021561
0.05072412299645995
0.042150920586455955
0.03880320799717979
0.035154153150410275
0.050916252157191366
0.03505224423786747
0.03548147399495185
0.03718861844032388
0.054959664238057364
0.035758914503938755
0.03826378775168286
0.02257604691250345
0.06436294385455814
0.04598844545578808
0.03764751590679655
0.037204635425442625
0.035890837393815524
0.028478056738185882
0.025806796765835253
0.029215802359339727
0.02274855306854091
0.03525118100703008
0.03296370175748875
0.03877030267536222
0.03000805901718551
0.03131598801227578
0.028559464594519683
0.032857200597814176
0.03448679256643041
0.030672326892141714
0.04729794094884891
0.06294886064235622
0.04260689637795056
0.04103578465032606
0.0642561462741162
0.05555391491825215
0.062042650713852565
0.020664604313360996
0.03696504044568057
0.0364129709011861
0.024573506676296698
0.0501029739837196
0.055558096419637576
0.02475279376600196
0.05876158668790358
0.029899024150045448
0.0386391872602103
0.024171562504291894
0.0335063339121459
0.029080348784211493
0.03684892488789954
0.06837314560503018
0.03491607198640762
0.05367634937288483
0.045070172222047185
0.032494265889114964
0.030063048152544684
0.03738884474718216
0.026492088811987304
0.03604614730395092
0.033073958743330904
0.03917792579379928
0.029233873731446834
0.031151395981291536
0.03648163950733756
0.03155536914314265
0.029042423851822173
0.03080580831355162
0.04600597965415127
0.03996721062347265
0.04297571067010931
0.03941046039762032
0.024268683755523785
0.037763565315176474
0.03040932384245918
0.024346468021277965
0.01966547274624568
0.018382215400550128
0.05307053957743503
0.03469046004342404
0.03837410514365994
0.03106580360331917
0.04066208169935466
0.02238373636023364
0.0652796877265815
0.03301618660407348
0.025699039190859557
0.022793458674219107
0.02504163386762139
0.051921428122211725
0.02994088587203959
0.032416032819125556
0.03999709831665917
0.03564540628993307
0.048685126624520084
0.03047290983509413
0.039294937380510285
0.025294944847439393
0.02589463406714043
0.03283918662398627
0.021254939006925523
0.05193019114237241
0.0353990927759455
0.02945916882950028
0.03792842057378904
0.039499390643401036
0.031332813917241756
0.030350981660565803
0.035892461382440746
0.023393323409065064
0.03520247692279621
0.035293801171381346
0.03215139440599744
0.024793504543641143
0.03215149036462644
0.025460686634277762
0.04211685735712004
0.021722897709304075
0.02461150304227682
0.026607644066654532
0.030941240555607995
0.031510586286375486
0.031057986274422574
0.04019088600347626
0.0343465311847411
0.04351256564387353
0.03854039344026936
0.04197446008731104
0.038326487508282055
0.06604584031413333
0.022325705282302342
0.03869760458432794
0.052598544768082824
0.06084228114231083
0.06055464664302176
0.047212668081776474
0.032856862073136615
0.03535931005168586
0.03461854792320319
0.019703103271932674
0.039043219656934185
0.03932011422018531
0.057739277236521724
0.06186111993386645
0.06376227190368931
0.033340200942539144
0.029633611545000688
0.049076014561494276
0.04848001205522745
0.045449588485705815
0.042938037453987145
0.06404042806170586
0.07021527704529032
0.05709697852145939
0.02228025466142107
0.025370345326778697
0.032409229212679525
0.03230348931423662
0.03776553716435795
0.022254087849202003
0.03070607466394973
0.046369210147770006
0.05538903702836871
0.031125607188856607
0.020653202125793673
0.023265480442540225
0.03280164135771254
0.03368984882186328
0.06508600945452318
0.039272265954487545
0.05666265500015566
0.0532806458747764
0.04215886028241868
0.042681736881247
0.03734877729006003
0.04607038678450175
0.06222707057930407
0.0316649176234344
0.04398352273823687
0.037556947505796155
0.05315132443128768
0.03535169778710249
0.05962894181299547
0.029585553664330844
0.029243123899046757
0.04817154796848448
0.05320376943568522
0.025972284788041092
0.04030146631625212
0.03359566109075692
0.06923359236526737
0.0202697317596953
0.033407981670609904
0.032440873064374966
0.027041760670118174
0.01248019350366371
0.018272023892415428
0.031170074797391804
0.02315365613797426
0.03155925896167396
0.03646907780928932
0.02649479430470992
0.045013968444477324
0.03573866053080892
0.04070003714619369
0.0331372935553016
0.02228097019491448
0.027277808192065645
0.0314968731157258
0.027432327484597823
0.035097126347426455
0.037522723369479725
0.02491879217690048
0.029747683615684903
0.03672812922036184
0.027863011572493216
0.031547629750725975
0.038806179954572535
0.02765087204773118
0.04360279500916329
0.029209390068734735
0.03604018917819394
0.03762016495474498
0.031591072218094915
0.0265491560759118
0.022007538930229234
0.0409752131954185
0.04311080818805216
0.04169760108423026
0.021741809697370357
0.03945359011250505
0.036840783972182205
0.020621015060364782
0.014606639923761782
0.04838126642102704
0.026035838276925526
0.03713451553797357
0.041563237977910276
0.05418012931384527
0.03440961899037099
0.04295465364676568
0.032369226308872436
0.02590896598485638
0.03369001595271807
0.03340040937716939
0.053897355925533144
0.04463452679825836
0.04481643468015277
0.03144276416610911
0.032231595089067866
0.03565795708893972
0.04301145564317022
0.020722858840635128
0.03015394891361661
0.04960308597479934
0.034738378906126646
0.03590565794989698
0.022811719403387574
0.033505077327399206
0.03865294371622938
0.03579458214208678
0.031119131422843765
0.02448735438275571
0.024492257100742848
0.019447427956873303
0.03180040132096449
0.023512889789338007
0.03256255921078157
0.04419547925087927
0.03451943409076496
0.028631939566555735
0.04442976749446992
0.03789966939136277
0.03228743588671744
0.03379389890013432
0.023089807718029084
0.030209886674988876
0.02673676111434931
0.032957029524932416
0.03596618222144241
0.030083818880351422
0.02881200258470147
0.03755692755745101
0.06737542698401516
0.025503059431860372
0.04133215197789246
0.029732887519887237
0.021910605106634756
0.032648329113277544
0.03124399388426522
0.03965782992439822
0.03139201901580856
0.029230849535303492
0.02991475031017304
0.05593319068554291
0.04434799804528947
0.03866099425773564
0.03831291474567812
0.039929270359639654
0.04044078633574183
0.03683628048224193
0.0477747337130814
0.056024552391076954
0.03365197835188232
0.05197574884732688
0.04378952759793145
0.07472734277083316
0.03518941825091927
0.03713060239457825
0.062470537802083954
0.06569130760186058
0.06176406750099047
0.07352682029882983
0.034845436427553396
0.04255094741375927
0.04369609357613559
0.06981340808701533
0.039821618104554736
0.03988739613430537
0.039070972111786506
0.0407045782609278
0.06058181677744195
0.0485478970984326
0.03736770373999448
0.0397265919273224
0.053129179411110415
0.035983254979457605
0.048857220775624564
0.028039589358242904
0.03717069676391605
0.046522590862531576
0.04721796212512778
0.04073933361859892
0.03051353647823784
0.021146462397725063
0.03092249310489695
0.05147304998567311
0.03914742957465405
0.022655088065647023
0.01897321038259524
0.020246127169782385
0.02225612519996834
0.018089600092502527
0.02226703471175368
0.03243613633314277
0.032520282960422295
0.05544717551211448
0.042035515293618125
0.03797014454887558
0.018238348052021222
0.024266685966109574
0.029072928505551234
0.021468562592259842
0.02585161158056687
0.018274636007927017
0.022137904118903824
0.019381853855833426
0.03509822034576683
0.04962913750006145
0.039550332061311394
0.033945587255562355
0.028742338397485266
0.03721558039155103
0.033119383758759745
0.02949788362374499
0.02402937577447885
0.02416911566901488
0.04441161901532645
0.06527722593581163
0.028071762027445935
0.028961602017249573
0.058309854017331436
0.039797903678002955
0.03161578101954149
0.02314022075475704
0.0377988013649388
0.019355205692666577
0.025046516109475593
0.038132917449199985
0.029503418458130516
0.03104100588652852
0.023993368064159398
0.023372959304860542
0.030950245908195624
0.044009129351533414
0.05059011553962396
0.04334344876751846
0.0436656154526903
0.046869098605851145
0.03710690624759453
0.05495261238776546
0.04671133547998094
0.05246728082682691
0.0371738013376207
0.029639120696583924
0.03752435593884325
0.04364078363254375
0.06098215852710526
0.03535960058191408
0.033520951694425385
0.026344335924146253
0.024907927104635665
0.025412154871635725
0.030538747439394352
0.019017466348947017
0.027644069004489964
0.023686379069930572
0.03282421485224998
0.03677422475899398
0.027803594539795258
0.052706806419253606
0.05549180302478368
0.03309448135019079
0.0311742108453841
0.03935731694932466
0.03354351562537831
0.03246472350298091
0.03184803533285054
0.044767177959974154
0.045764581410955775
0.02612179681585649
0.0162171077637852
0.025583045359942786
0.05848587141579842
0.033327023860149844
0.019673350144011753
0.029444869113499448
0.017348167527308368
0.025021216684545915
0.024352335801725446
0.019452903722123972
0.03755934924972078
0.031209559351084906
0.022493180618430312
0.03974427756783219
0.06945925403282069
0.03249638854477718
0.031347374284663256
0.042758937693277634
0.04911818938206596
0.02415731714977884
0.03424805239075647
0.04045916462904294
0.035153073717335136
0.06458859317958386
0.036027481629479705
0.04141050693628373
0.026895763022371295
0.035978582318165364
0.03669995869377787
0.05372795317895514
0.032841775060507894
0.03502293820305486
0.03247497906327264
0.0255434302273163
0.04403631952922497
0.031060366769244646
0.019969988062645893
0.019915528463990046
0.05404307382619286
0.05266601535920781
0.04957457334158301
0.04374598784079129
0.04902564576193774
0.051847129471553205
0.049106077387223675
0.026337521483406363
0.0374640046047906
0.05342845952767122
0.036008418462909454
0.049080063311287704
0.05088424998573847
0.04478036114888981
0.04537672057343951
0.04320130983106883
0.024767099722458913
0.041106903832838514
0.030747114060713066
0.04071945124237308
0.04946886824685806
0.06796715676932588
0.04141744098672546
0.0427590555059393
0.030309992359616355
0.024051624071405705
0.027963394337756818
0.0359348430703405
0.03824692720765422
0.02229868673036349
0.038528786107128905
0.025358610346894492
0.043254282863302976
0.02363107018675578
0.03430764351825443
0.027306553070199555
0.051735676265107965
0.040222581182368475
0.054190052615661156
0.07084785963639957
0.03459832332010469
0.02458748559961168
0.0323457230316467
0.021273855691905024
0.030640762200412435
0.025067482985378073
0.023820247255486204
0.03238328161741023
0.03731955293868528
0.04311863105564002
0.030187601839952453
0.04067717438896658
0.061042111004755525
0.026735623938524834
0.043066679051442985
0.04808605073004541
0.03205685123534438
0.02512851197345357
0.030547270409063458
0.029993706398136307
0.04344290593626882
0.029035456138788388
0.022249066444834632
0.04144817705265363
0.043758459744831044
0.04331972029226412
0.06925719461513047
0.06529235036704625
0.05112379594996187
0.04808856064003584
0.025462816072330464
0.03352969171247085
0.028283869240041722
0.038705022791363994
0.03092107253294721
0.020497387281336887
0.05269031656123355
0.04761666609520768
0.053165770580867515
0.05366874980060552
0.06524380760570005
0.033105493716635945
0.03146537458512484
0.03328326382399679
0.03811768905342161
0.033283398329358706
0.02302365777541036
0.0526728829504557
0.02670367997372069
0.03163516466834212
0.04024675907900073
0.04237492256066979
0.03867778634934843
0.04562679222423599
0.04331218076299227
0.0347029775442012
0.03475180538637525
0.03906712076766884
0.03047364773786207
0.03610923671921698
0.026540054548633587
0.029513000178828887
0.026822186522133563
0.03016923134783611
0.038341691073080685
0.01768552638879854
0.02219758820705528
0.05288187308494493
0.03709643647628779
0.030684657602492837
0.035525286321154426
0.028254211015547943
0.02521115947133112
0.048054288420031316
0.03104500102897226
0.030547536193611426
0.059354103584043014
0.03287972580725091
0.044428346210607476
0.050160878989906024
0.05820701424295871
0.06171063320500371
0.04184637456593461
0.047980103156308476
0.03232427138132166
0.030566225453013466
0.03939381240499583
0.04056997716805705
0.038004722553585404
0.07212063039060863
0.045744099467171694
0.05797638171320759
0.04088623899798083
0.04928970568344981
0.05755273750439674
0.05099464244879057
0.03774453640263708
0.04316609303330568
0.024737768883092287
0.01949834495508929
0.018420351832928953
0.02420282607069486
0.022820514780540972
0.022499101953534852
0.03806393946478596
0.019601275498054332
0.02245797466625262
0.040362287104045914
0.020106716459686626
0.02237373242681396
0.02184303937870293
0.025097472424506998
0.07324807962441739
0.055823114638822925
0.05790403040326639
0.04508460743480666
0.03826294362532763
0.060927382055214196
0.0667877492849965
0.04526360074265981
0.04888769358078667
0.046861177870540095
0.04480275689476444
0.04308251235905496
0.031882988571685415
0.04228388847865109
0.058839553615658874
0.04055944812297129
0.04984836779122248
0.03680422727568119
0.051502605271211525
0.03494153336360605
0.028666182015283016
0.03062560934722588
0.03475446235557385
0.05407874506125305
0.03496415950140942
0.03493428536552591
0.0531661728016509
0.04069142811846252
0.04075850581916747
0.04300443588238888
0.036110101516057806
0.03684508938277928
0.03229731961695893
0.04225773768483118
0.05203551473633174
0.02774277358160138
0.029175287512626952
0.02329345397316597
0.022454110145905183
0.02095026171409057
0.03177743003788226
0.040367329120465666
0.031551967160014995
0.026927731992316028
0.02490292500892218
0.034491750751286715
0.03179336747059042
0.05415630985243855
0.03129408685934133
0.022295885238810816
0.03431174232996307
0.03503794630676455
0.025267134361128808
0.02791254771596355
0.022788698431849445
0.0294557928158452
0.041524255049134665
0.04921844403635707
0.024671364656216232
0.0374146142697262
0.031079327695592147
0.05286648089939036
0.04083208748501593
0.0595803544789738
0.05836464829795113
0.05450203680695931
0.06364587796210328
0.06353857625405243
0.05117781393368245
0.06403761543253807
0.027716970046511764
0.03354382462283479
0.032519186687455626
0.026840192785385682
0.01871567232220687
0.03942959604393004
0.06870947452252565
0.024415791066643818
0.0448985517855532
0.04538089822866005
0.03522877090296132
0.026476172407153904
0.026037587342928416
0.04391368443929078
0.038135242902800896
0.03370917760162838
0.031772264775360666
0.033380386846208025
0.029248636986286276
0.04016419898445006
0.037192457456317746
0.04440675096448988
0.047740637746892294
0.04168499640206284
0.03241187155719348
0.028946987164038335
0.03538087204804305
0.04552102467747734
0.03254741204253678
0.0545334627711509
0.04636210963707323
0.025022331010963458
0.02254766521788398
0.03837205626494362
0.03803611969927765
0.025065824714937956
0.019328461239552615
0.037119187011234435
0.02474844244032779
0.02636469654670808
0.025335169139623546
0.03959308528013445
0.034382254498141904
0.041480366053645766
0.02700977109821149
0.046175822517607636
0.02478154753539193
0.033253984686366755
0.04238470685061417
0.04198119866935208
0.04287738257118342
0.04339599108396998
0.041567977370086225
0.06735215263572998
0.051069679361265816
0.02761393854220184
0.03895914165435949
0.03421745061748468
0.026967139775413092
0.030753538860954225
0.025152177321257935
0.02292248357690177
0.04237844762228792
0.026029269522106144
0.03263499870847859
0.04100238515149157
0.023088231531453413
0.026980084571262934
0.03794272308309462
0.032134884310123124
0.03140262464464558
0.04306418341212482
0.03391171137704492
0.02945078502927426
0.030948870062168704
0.02036466152585158
0.03393061738865065
0.041498101571517725
0.03530004687054252
0.051915671138127735
0.020198536594405934
0.02639536471512461
0.024940734002296936
0.021378369262235596
0.030892155683927235
0.024912643200235108
0.026384789477609687
0.030745812010540566
0.019666339132865834
0.025224649773336837
0.022785887760039678
0.03452173953155779
0.03706621699098113
0.044390650343753744
0.04767671291051225
0.012846470059903595
0.04764230721570492
0.03789874712735975
0.032171326192744924
0.049883547577789185
0.037984951865837606
0.031928757311813244
0.03245000618355103
0.030860020202340972
0.019972774803049625
0.035425317727050765
0.022229886494437048
0.03723118568261471
0.03082477966973163
0.043859714364380055
0.04307734911156906
0.023705977542008733
0.033371211673470194
0.023270839401371896
0.027920824938067742
0.02906637711820621
0.048809651909750645
0.04006568522464083
0.03145950296428727
0.022515589157539508
0.03998265420232251
0.03711087240850051
0.022040993411267962
0.02976318005312944
0.03467683052305966
0.044875805618618154
0.040923686692427914
0.03341344683001892
0.06279436026427834
0.028346466003278056
0.036775482713521226
0.03447240200972368
0.022580328860204904
0.026476695819384697
0.024407972795648644
0.03725165855700255
0.032775286609158724
0.034734067006406764
0.03257302853301329
0.028039442522988824
0.04486349675752552
0.031197394432868834
0.04131588537188216
0.03846955917589253
0.022547815032257324
0.03127868388992027
0.03979542132770156
0.03291190657365139
0.02712904916897203
0.022639354721860367
0.02671413351229084
0.027710891629265336
0.03091080665153997
0.03262168504960462
0.039464820706081045
0.03429192836878673
0.030436294366430344
0.03707224945461229
0.03673773266853849
0.025320207941923047
0.04084533507635847
0.03913735629405106
0.054408433231388345
0.03381077060701221
0.036675730074532904
0.03869283388484231
0.0524910145585784
0.05289947934659307
0.022290021586650256
0.041955663334941995
0.03210403277194664
0.03823022934226915
0.026990522893462054
0.031893493315888415
0.037337365006920344
0.02495253993528962
0.04564975478094051
0.026218677562474427
0.0249262410166921
0.028234111638229354
0.029710973424182857
0.024599324212884882
0.04042848443261414
0.02691645916316791
0.03984302371921586
0.03269491055363354
0.03970113266800465
0.030702964248785842
0.045093502293020296
0.018073025393909255
0.022243781253519865
0.018027399456814728
0.04044124403131046
0.038638976371606355
0.022222596460059883
0.02705914507405758
0.01739232930119226
0.037755258744643784
0.04892155075603178
0.03150724421286143
0.024334296631617586
0.024984827738271688
0.019771284477465914
0.025298914719805644
0.030947205020203306
0.040910525724591904
0.034217211273470736
0.05436601190516203
0.05607814454302931
0.05572703202092415
0.04511490874688765
0.03325807434293202
0.03254902234130852
0.04654236127142669
0.02610270009022052
0.037454549060427944
0.03894985608606277
0.024977361314242576
0.042988740502924436
0.04236369037843606
0.03329453982095098
0.04955409207434343
0.026422896691232715
0.03176203164912476
0.03254795895659206
0.02953639641391619
0.03403288775106614
0.022963927649056668
0.04137812209311105
0.047292210411705275
0.03500906200304908
0.03363671694183304
0.03991153204877005
0.03861556868374351
0.023792777661485638
0.041552543061967616
0.030549838119974807
0.05032543185689848
0.041337791009506075
0.029223544617311564
0.025491559693847685
0.02532330009650754
0.035269649629674486
0.03936886701584268
0.015976940320349232
0.0250790848130968
0.029400645852694363
0.030049391865726596
0.01983056517657071
0.03528556447755939
0.025145680092877487
0.03766058421108203
0.022460915292520405
0.034101991683954495
0.027413472326576947
0.03735479409158889
0.053204479775359796
0.03045936098106783
0.040109923991949945
0.037433231822639856
0.022995907230961773
0.0286275398523869
0.04838895758618658
0.025200056371189106
0.02994313679663877
0.0387296996967444
0.07220182515500757
0.028301932563210258
0.04422792833790093
0.03908451833367017
0.031085001228486373
0.023056112684875067
0.024068031562066345
0.02934850902031578
0.03950766741618784
0.03581582200006029
0.03399644482779541
0.032406246708051915
0.04052486147474425
0.033030971252649116
0.026159229122625253
0.03878593948789176
0.03263698388244729
0.04450032575417286
0.03119677398895799
0.04484781387625449
0.019367938110874533
0.031086024864702206
0.043165051223141154
0.03465351676099266
0.032379029533017224
0.03559819647907034
0.02533019620926774
0.022713214506586706
0.03268330608468184
0.03781183769750551
0.031606031487528184
0.02491892674030901
0.027844750500667835
0.029558585341233734
0.03229570988246739
0.0171700547530351
0.023093691384830143
0.021555545656641622
0.025714603380180653
0.02415495588502055
0.025239564432362825
0.020174618079821682
0.022153729342433013
0.023001933960937568
0.0292530352388859
0.023948383130298238
0.03435646278682107
0.023451340096747895
0.024038083178342044
0.021448300437719232
0.025647839495321467
0.021967298725890386
0.03342139727945417
0.029553818619596207
0.0369275145174977
0.032283632743836166
0.04388952563744565
0.023478464813526483
0.022410095988688105
0.03256061957334341
0.027711584230345854
0.05048000754314082
0.03277130752824961
0.03665776297048153
0.019716009707285615
0.021117794420523677
0.026722116929380802
0.02027318476597984
0.015849630332177084
0.030173099568250497
0.02082888381550962
0.028073877106266933
0.02980120378642445
0.04586387024118224
0.03177850095386806
0.04131606647439548
0.03275960233397225
0.031175553172959128
0.02925200914277327
0.03215472726545126
0.041414536180544165
0.029939209463719956
0.018189044889713134
0.02138986485074966
0.04797094803693677
0.03964667878397898
0.028519650288100547
0.026616502266242428
0.02830091306389245
0.03155535798849733
0.0273149437807859
0.02991033120660634
0.03074438624638111
0.029165192246542394
0.014356249916557809
0.026286594779680116
0.033188413046657664
0.02952553250248941
0.03570505039031594
0.0319305232448124
0.03255880102044437
0.04808635567999852
0.030349609924273456
0.031113888054836347
0.03312303766262994
0.02565714439163752
0.027722746923780857
0.02664542009752027
0.0384497269463502
0.027798037576868637
0.041099857638135444
0.02999762161717996
0.025712347453363774
0.031212903608390425
0.023455449021762536
0.02448688369764974
0.027246759477045992
0.021810901326324558
0.02614036347192675
0.0
0.027617339978716314
0.029304909825639918
0.02882958291841906
0.028203908355048955
0.030557442294185905
0.01420027188120007
0.04938939929265993
0.021110126112839765
0.06311141049582486
0.027826201146581322
0.03473050716808638
0.02761754972046761
0.0
0.04372691021743097
0.0
0.00676939781295203
0.009856556508360379
0.05079325493969559
0.07169342654551007
0.020222288405689907
0.05652835077545476
0.0
0.05279269521932
0.018775590310293837
0.05302107471988032
0.020461410656189484
0.05259794837095192
0.025609315146055748
0.046150457193109826
0.02144243989784046
0.0517687059670222
0.04690960014268802
0.0
0.04579262236656324
0.012841497770898831
0.06033343837729861
0.023308903256052192
0.04982679910811051
0.0
0.03296638267163232
0.05187735734643779
0.06627075662352548
0.014745571309718724
0.0432692336199283
0.038927003024553666
0.05191843151414423
0.05522573069825562
0.05600934088310625
0.0
0.0359557006207485
0.035411445654089053
0.049182358035343
