0.0385638705348024
0.042547493623949245
0.0487942839079169
0.04476664128308318
0.062048379769888695
0.025107940180570557
0.036236643606722525
0.03197250471681183
0.056322028605846404
0.05595172467027317
0.028284356977487667
0.023290623881591286
0.026663303057762763
0.0470532324532574
0.03959024014529338
0.05140040338752218
0.06879315369889653
0.026988488851195636
0.03721802191380409
0.026638323196915645
0.049189918715956925
0.03336924048240379
0.03589330420931209
0.053669491111062936
0.021823117778070902
0.038103431168498444
0.029992188448296406
0.01641798508157713
0.016553211980928503
0.029962473961920266
0.019901221994892672
0.03326597630110379
0.04564498114298137
0.040455367701623966
0.05362881520860381
0.0367366071756467
0.05358830789640591
0.04855064976965352
0.040931722762577435
0.0550730570126628
0.045215120451815874
0.048842372238047604
0.03954486737365545
0.020403726691192715
0.03268751112825808
0.043904534907325495
0.03760262923254174
0.05549152845254846
0.04029384697522074
0.03982912915995025
0.04612294213566611
0.036621785101766946
0.03802108890896209
0.03308209875278304
0.07427199952240117
0.049699188406750396
0.04752153727023849
0.05437968064187581
0.06452041172922277
0.05240839563778952
0.031698808311236275
0.03603193343068894
0.05233397873965076
0.0378867885014186
0.03865262119184152
0.048659909172170654
0.0329758760608513
0.03570370171776465
0.030611280443996258
0.04078926439969375
0.028330867006014834
0.05529906779933812
0.06064138060881252
0.057042350558301
0.041666481747803026
0.05601159216513669
0.044698950888835194
0.0383963449918426
0.03283834285930559
0.0415999912143146
0.04269682596101956
0.05339905036043358
0.041044600297267475
0.03848166830283742
0.04484202708079776
0.05840944692530478
0.0397700973612713
0.041058695843741576
0.022465453256055208
0.03260869654344371
0.051971917741174684
0.06961540488971663
0.02474462444128014
0.023655339264553196
0.029770813926394333
0.018111799168252445
0.034686818807981974
0.034078279444374714
0.02945894114925038
0.03027145829855356
0.03755941091358008
0.04620237545165423
0.03165722018731467
0.05278877045310514
0.04744179669911332
0.031965764403325124
0.031733009084477896
0.035398208438846154
0.049405397788905646
0.036030356586109744
0.028157196741019873
0.02865080610776953
0.030788654765442815
0.04425783955357963
0.04357026972655665
0.025334387956118275
0.031417414432524486
0.05355893687383607
0.048598241718022434
0.04162197089654089
0.03166292155222292
0.03754498863177353
0.04915942477531647
0.041008102804962795
0.03460187661923124
0.03667391598772897
0.05653015449187269
0.02559807142043235
0.03562158679672567
0.049587388230879804
0.06635530677152551
0.04894300279973069
0.044888891398206704
0.030522915756526207
0.06729875304008236
0.056479666187981656
0.05766978477018969
0.07278031373241177
0.06257928625307616
0.06753315360482218
0.043246754536727945
0.02970706492044444
0.03255774620002132
0.0432296481383629
0.034528545043376796
0.04086900231226589
0.032161936284993725
0.037217927674710764
0.04571560061510732
0.02804252593433367
0.02675747156714673
0.034307692127640975
0.03870605630440806
0.027061995608848453
0.06245048236149065
0.029863790752087196
0.04806028666966101
0.023859413434626726
0.025852537760666074
0.027088142363034046
0.039413497002930356
0.054163536393694894
0.02208802989303378
0.0254034080959404
0.04061948804530288
0.040090123460304945
0.03613601313703541
0.05263942101035649
0.01811911425355384
0.022067873869295068
0.031464503597307875
0.04139663419216599
0.03880922107888794
0.06076681272096885
0.04292920261873034
0.034107478084944944
0.04936340350745678
0.05818666133092714
0.05352680253776296
0.06378441448200732
0.07360995985466612
0.062054746907216914
0.07082649383916687
0.04699953019097632
0.053748558333436766
0.05396662243478376
0.06237534085813368
0.05717221300952415
0.04221814416154177
0.03920565141149933
0.03501722931643795
0.0348813897848122
0.044514674077207377
0.05964873862907755
0.03765611553401533
0.06771426537388549
0.04102913460198134
0.06350758570165504
0.046661819592467714
0.037104895647340146
0.04590632172087411
0.037963806651529534
0.04813493387719796
0.028556911615229018
0.059903366667194945
0.06091512701000916
0.05184154529371214
0.05889467299951667
0.0276289404169342
0.037296940546273014
0.05417201181655463
0.05758739780084027
0.044445835313109014
0.04919256849426037
0.050666905605533046
0.039009518507154124
0.05717559572055202
0.06472964052653501
0.062220172526331045
0.06112631764297921
0.0456268272917634
0.050638801848779905
0.053537091133447866
0.03895071113625012
0.031941920955610104
0.05572956783799783
0.03714914354683195
0.03548901088281273
0.06198017820497578
0.04496492550025631
0.05358229549301036
0.04472892358169004
0.054465861308019364
0.033429694967223374
0.028550066403425448
0.03116951519274283
0.026554422815146136
0.036185984270708994
0.027319074981514736
0.06677814492890669
0.022200445222862814
0.032087174339774954
0.04412391801223003
0.03756332363240103
0.0447237875917901
0.05133662336344301
0.046783462634380754
0.02829427230070887
0.04758141214703548
0.05442774056667353
0.026530829865481227
0.06563006566560194
0.059260769975176805
0.029362357028770707
0.041313341547726146
0.030298576047600417
0.025028222533886254
0.026360548689787683
0.04234917308823872
0.041955039188852176
0.04972430416647372
0.03648884244618479
0.04719768631465314
0.029110867694857538
0.03144605764668129
0.022865095855911045
0.03272582439045655
0.038654993058537736
0.0280116277579062
0.013198387984102047
0.03942313522777585
0.06540556806333465
0.028675816001176486
0.028376424241789096
0.03632225325003942
0.0393897521572096
0.030925542454983718
0.03878480840947915
0.046703150744800935
0.033781217539013086
0.034200855323865215
0.04418910960505425
0.03279150048969331
0.04563669129026254
0.04208680732954381
0.028969322452150604
0.06353765961827332
0.052740446053522426
0.0699187438114818
0.040027635030095106
0.031308000252152024
0.02471908563114495
0.03121897333033231
0.050180887922207026
0.03680673125826476
0.021169963997345116
0.035819103554388367
0.02988295730940219
0.03504443696223418
0.04098685228361847
0.023637970341698098
0.036054640897998064
0.056913188321525504
0.04298058467348952
0.028402362051616697
0.0329334594071136
0.0360659207467728
0.04238453652341145
0.034502954295409345
0.03901475439881689
0.05398293161407604
0.048433508015499935
0.04828620717658406
0.0314878563558857
0.02361944793314755
0.03510655999596087
0.03492192797749858
0.02759972375224359
0.03748394457121779
0.06084006548449712
0.024859202553028516
0.02779508539341985
0.0320357221951137
0.05131544649966919
0.06114342150745981
0.03618128721627609
0.029487021516052148
0.03260053328743255
0.04752813828123293
0.045920564656383604
0.05382489376078683
0.05184115470732577
0.05504983451029734
0.03654874007556355
0.020335243863516317
0.03604734981019949
0.035822956128372094
0.0405419467956313
0.036293742440812043
0.03558752338724438
0.057646318472844876
0.05750591591166946
0.05243234668584841
0.046316635192973535
0.043427737951855144
0.02449804678571333
0.057107466859801635
0.023885020412244468
0.037034555384937495
0.030927195516244274
0.047739156309679474
0.04116917439589963
0.06566197865774373
0.05247941163023414
0.04939723930180713
0.04873456768442457
0.04957351214744259
0.034478533070412154
0.05684256242660265
0.03212555625004804
0.037118717232684735
0.026138876800180257
0.026734408650443138
0.06267829281692702
0.06791115865558801
0.04220222925386231
0.033932747114006706
0.04410617818945557
0.06199393120582092
0.036303134311428294
0.037816052129926676
0.06921775511998056
0.031082235491112924
0.02019572202775185
0.03322698123231328
0.029604549727289438
0.019032399886625972
0.025110897665406133
0.03552137299814686
0.029202055485111993
0.03280859836316616
0.037775392299418876
0.02809188426495375
0.048144800800409566
0.03433943239354887
0.038030013310542
0.031658551436578704
0.06336436244550246
0.0467010750158804
0.05939304410035057
0.0739077891552203
0.07370907867192938
0.03304891194998909
0.03196211451664291
0.0380565076186058
0.024425115169892223
0.03597780456559299
0.034611872950766495
0.032389002071073474
0.03710442013847539
0.029077597766818505
0.0290297912153092
0.0253626412830466
0.03436198179340105
0.03142562641808174
0.031014656001979266
0.03549585492589239
0.03168462592217439
0.031679897740133085
0.03103894870248595
0.0366947765274351
0.057311671487831936
0.03892807697074183
0.05061363499564345
0.041824013448951244
0.03417359811824764
0.0459396404263972
0.04372480946019092
0.058345578110959175
0.0500496019046994
0.042861592165108896
0.03107212433412872
0.04982984425290353
0.04380554185642268
0.03828255869046492
0.04696040213839741
0.033565418450807065
0.02825438508739248
0.03387629352839858
0.0201084911583805
0.02470077312330304
0.032032495389447836
0.022171623859238515
0.03366149932972387
0.05874962401262669
0.03405606398667564
0.05064872870671488
0.031465062397310936
0.032438676544057715
0.042608185118993246
0.05420090613992437
0.044686408309015026
0.038172093061391014
0.05049012817156686
0.02468665684382961
0.03564445466864376
0.04563867817542489
0.05197308820883743
0.05636021106370431
0.04515431984383936
0.03447399457907947
0.05162736981534902
0.04071252344813603
0.029155474153353206
0.02929058731975824
0.024026377488548387
0.04315227962964067
0.05052105438428221
0.03541550872253003
0.02799908494179986
0.04480254180568325
0.03585983574195507
0.03784199829967362
0.0484112940331076
0.05860752527074588
0.024199627428261514
0.06061470539449332
0.05767570942762296
0.0342054592517773
0.04441487405543319
0.04132452208023708
0.038675245760046544
0.03812014175029388
0.04526470963276891
0.045469206812963056
0.019162157805888688
0.07243605055247007
0.03501268936479391
0.03180895825962398
0.03184198585496047
0.031214063662274086
0.03932146435331327
0.042563075773638576
0.031366185038810286
0.01590410651962252
0.032262703359490774
0.026019333952130644
0.03455757218999427
0.03478452142566437
0.023527112220679377
0.023451546693395275
0.040908740105752434
0.029803675651391266
0.02528567445338378
0.024456313561123693
0.030727646002826143
0.03195608228804015
0.030894857533252836
0.030118432472491
0.02311306222800333
0.05058611744527839
0.03597361866368189
0.036890258360710915
0.036802197221259755
0.03461803029130919
0.03709825697219484
0.02294603660493461
0.03491512391433836
0.03261228599152659
0.028788916442675172
0.03506791867790275
0.021561916381956904
0.04411131852547091
0.03172915879557792
0.03660680313876096
0.0214914212910899
0.023661987431790665
0.035690700166499986
0.035310855088485145
0.04342071205654741
0.03470901999340376
0.0323494909011332
0.03426992008854119
0.03477981653839547
0.03644400137025295
0.03206167627370716
0.0362650786923177
0.04385778999676108
0.02917139113176639
0.02820270791372107
0.0305843509300508
0.022654998507503805
0.0341570552640666
0.05336593144946868
0.034692057534830664
0.03166884978144931
0.03527298287956692
0.03522013220535238
0.02154050140755518
0.02890553534035477
0.04741764172060585
0.029960228566848074
0.02423300337693759
0.022776619708229997
0.0323914709125721
0.03329732708210222
0.030120198154643632
0.02292134944883382
0.032494573901845555
0.0369604160200477
0.0331830483106586
0.03428242021156771
0.033949918812494914
0.023767121436450815
0.039520680262047685
0.03426294682853471
0.03273590024346364
0.048669633651852645
0.03169236440079065
0.02517792238141262
0.030931067634338137
0.036896383622849124
0.0358729652066845
0.031972216767061974
0.02734488411629011
0.04156445540629903
0.03169767773828234
0.028394584822462213
0.04174559839264493
0.03578971894118326
0.02576796664101571
0.03669252516249051
0.03212105466532036
0.050560027557597365
0.0598179142718411
0.03533206917801441
0.04461926859873107
0.04861578286392409
0.02467414508932149
0.03211893715987497
0.032988246023205006
0.028493295051448292
0.03705560709005453
0.03471754773005845
0.03863440832185223
0.02520692743339066
0.0345835644972435
0.040163851323796115
0.025327632782694037
0.03552206488874203
0.06329010822505277
0.04809227501697961
0.03465785057693454
0.042160406365724754
0.03932298747834685
0.027019836854661052
0.029864965950785905
0.031895157461595956
0.04264592070295237
0.041254389539175096
0.033962988279596276
0.04537670851871756
0.028771477831091685
0.04285538670523954
0.0349471759246883
0.025683336952195268
0.026735202699343846
0.03358695545241483
0.02912919420062587
0.02015936861334915
0.028688888601686894
0.04018906206469621
0.024580967023542736
0.023660735728675518
0.03387382666232534
0.022910995390399112
0.028150212334723163
0.028030199519645096
0.02264484732501803
0.04542418493183023
0.04232856061773382
0.029482590920699582
0.039971031292679975
0.03526403419292816
0.043774959230135226
0.06746744201403125
0.038605867087213
0.03254989383324554
0.03896858128133486
0.030523626690155868
0.04239824498136684
0.03259153225234361
0.028003240495025273
0.025740032023203754
0.026159762065686536
0.036691147045302346
0.03266938630621941
0.044936862481041145
0.02767944012371817
0.053255378984257945
0.03210620656508648
0.02514330141544221
0.05052902809341614
0.04348307037747564
0.028233048910412895
0.025229240893058908
0.031076819462100704
0.03535356228529171
0.027408593733940872
0.032420413815989466
0.03432449946044364
0.03228309585469051
0.04670567227786915
0.03369900610083926
0.05072682026428428
0.026914801986680486
0.05400034072866014
0.045856588660258976
0.03336518923975475
0.028165209660540865
0.035712108949766605
0.048878145696415305
0.04186070553700159
0.02561729981000252
0.025443896174830512
0.03372763818650816
0.0566924376259692
0.03794863911517798
0.05355728285971012
0.026770386508976663
0.0377460619503545
0.03565580148447085
0.056320261363584874
0.046645695808152254
0.06150570686012472
0.047017073408231164
0.024990267878182745
0.04062286332218751
0.06270220849346464
0.04169649365726578
0.028838334900325575
0.04768452919055612
0.041586175576295896
0.03705413732719318
0.06896374176270939
0.05425618569302311
0.03303921969922011
0.03172184644984431
0.019464399061306235
0.025416918056221257
0.03879650476524915
0.02292244852153058
0.02725770021773667
0.043209995154477765
0.05114774351877607
0.05788147655458433
0.031321675136131114
0.030237948230452085
0.04121129731108325
0.045737960761713055
0.03742534061635245
0.034082529541130835
0.04508770457383698
0.03332290193185464
0.02872018142007063
0.03829238365200707
0.048322165480354416
0.035199381774871065
0.03503250351972557
0.030608536187958356
0.035741670374001146
0.022343294056895464
0.02832386477466926
0.0370550803491914
0.03208560985136985
0.06878951998122097
0.04041113155603065
0.04160758804255782
0.043641868800326174
0.035239366961523154
0.025768587993782927
0.062068027848804705
0.045156471962776286
0.03117431543913824
0.03165930710904772
0.037538277272079985
0.027262426586329408
0.038804287155222945
0.027035983910336937
0.02791274111504556
0.034694512144099465
0.01954323479686912
0.03577599643632025
0.04754457363527409
0.030737178900767395
0.024752469388841927
0.022254892923779437
0.03787831035708296
0.046067475056296554
0.026364198020751222
0.012599208476417186
0.030769825969295558
0.023153984216784503
0.022075401376595128
0.02569325015568304
0.03013196658773615
0.024684421711318676
0.03526132727539086
0.03692328791481064
0.05638298558146777
0.03899677598818437
0.0303308513985863
0.03591846100824897
0.025441470538133646
0.029778259637957327
0.04700900194143246
0.03410110796872217
0.03175789051854866
0.04534617337857732
0.03137952834954667
0.03444103057401158
0.01602144330091531
0.0262401443530074
0.026213038294385097
0.024991437400000132
0.050420557666381434
0.03249321585154353
0.040579481174603485
0.04610735396905548
0.04480694133234264
0.045876024643870264
0.06017104297386321
0.057553605766400874
0.03241759471165143
0.04763116191254302
0.02656504811673493
0.0539422680654049
0.03274903231479609
0.025780540137432625
0.04159323927851738
0.04218719523362501
0.03336019210316391
0.0501160884702706
0.03312229999279195
0.037164991018093896
0.044322540502829855
0.04246639039287433
0.049681042850970865
0.05987192323584715
0.03189884049008263
0.03228527642627693
0.032891981201730626
0.04582865085156871
0.038001978439549555
0.021796522426499314
0.04587878842253787
0.03895450995472164
0.04401804747203117
0.03551787971705233
0.014328050855150466
0.031108126144501577
0.013468447887521764
0.02200230791654468
0.029324541718669755
0.04227627880655496
0.023995473493996517
0.04193931707457083
0.03594531609544698
0.036098723210089806
0.033291351999702935
0.019688868166103997
0.03069181484023873
0.020995830107163847
0.03225990817277006
0.023349925219699398
0.026885552595420293
0.026071828536670637
0.037754218986044016
0.023210104945044944
0.05650396685572225
0.024138693214733036
0.02220629224514228
0.026685250254192612
0.029989409254455986
0.0556805642245119
0.032975861244856006
0.02924659915150628
0.0406728251294399
0.059392489976658656
0.03551615647379527
0.05036288279973927
0.0382926721135624
0.024490880037774856
0.03879070175157959
0.03981699257358848
0.029373283859444453
0.036408918128838993
0.057921387100385
0.04589639358424585
0.033776766737244494
0.030879930720655764
0.031546902824405816
0.024206775457761804
0.04479095574009452
0.039175337264732636
0.0670164432014081
0.03238562065004916
0.04039695385496287
0.043327532976157296
0.031119178225725137
0.05230554461049037
0.06056646805897541
0.027163902456507683
0.03129354042034879
0.027103256772710874
0.04207630984722875
0.039266586308633084
0.02711343854991469
0.04684953175926623
0.04403275790344423
0.04079253443816517
0.030967543167645706
0.05643768905049178
0.03703585489819291
0.052580456065562026
0.04780810032364346
0.023378656260239664
0.039655378070705925
0.02571534481288466
0.03705758226396622
0.0360828822874867
0.02356567980617413
0.033696306395238934
0.022268333393321054
0.060201402003100354
0.02946283012224897
0.051461808865993
0.035417467294479935
0.03474588636123383
0.03067984367626405
0.03034742007156457
0.04880569017429104
0.04116347647034929
0.034135125038221234
0.04680703376758667
0.04297500828824827
0.0322342372466761
0.03852632373212506
0.03555455838341981
0.03567548015969802
0.04997805705787284
0.02930067964513221
0.03121871699998257
0.03509597349609907
0.04218617827251002
0.023958367262584688
0.029561458195173713
0.03656074150013905
0.0403084140030893
0.03210231353520328
0.03820811867805944
0.04704652379412437
0.04125038757772473
0.0414761626728233
0.06187467291944976
0.04408046490952654
0.05564551972031926
0.029078770723291885
0.030982014556836048
0.045708046840791605
0.047010516294123
0.043207731338268635
0.02059348301985088
0.04766128496673156
0.026796863539518205
0.0587664285429567
0.03094829002635779
0.02850437431483108
0.04070462804792589
0.042382299640445445
0.027634960114962227
0.043147676291545554
0.021990090922453583
0.02783961287446363
0.05497846709467255
0.03057628652921521
0.03497670257414208
0.021008089829634678
0.03159912286054086
0.030912090554146898
0.027787300538600346
0.02651343199956496
0.02404399802907623
0.020500871650845603
0.029202251475342906
0.020303935488060757
0.015686955009568394
0.03298705705073013
0.026043297882479367
0.028600159983701662
0.049883293081827526
0.043932087207871215
0.034945138006774276
0.03903650523343504
0.032707947748045696
0.0325086419642532
0.026843905878267977
0.026068527989944083
0.052505976019450444
0.03366226977228694
0.051632825803939845
0.0182622709096591
0.03931314326685157
0.023287304824732305
0.028208283040821742
0.039977255722004
0.04360434778734794
0.026903401404118364
0.023226449317295287
0.02457732681648775
0.027975597177619695
0.02165954089233346
0.024721322825088137
0.02354766083759705
0.029488154096135456
0.036937816791907364
0.03274123073357863
0.04811871880113002
0.02579513830133496
0.03382763612770077
0.01638206166987401
0.02325555546068509
0.01743847087106873
0.03446511457347126
0.033925133547084214
0.03515578616829823
0.027822152041533793
0.05122584854836462
0.04027889330654454
0.04993575720488281
0.034375175469451125
0.0466602399958703
0.03694045690080186
0.03187862776610678
0.046502226154896104
0.04839051447224853
0.03945406696681875
0.044662318756357136
0.03595082155723289
0.03498783773952745
0.016226666796767958
0.04928972255394069
0.031209760649158688
0.033000420457548744
0.025491065297472342
0.029153057722227937
0.04237009510539236
0.039385833490961905
0.04774916947837944
0.022507830168385604
0.03161948552009581
0.038572129122463515
0.05490035765785144
0.05941933677615698
0.034991928639171686
0.05035606829268901
0.048653490588857054
0.041884912633376216
0.02958020972288724
0.03219222956029141
0.039327405574866026
0.04202230923986239
0.038130564299543306
0.03123912787637751
0.03197265729778495
0.03724948478036309
0.04719712210675987
0.024390655719853944
0.019055057634246246
0.041017755923502236
0.04814059889781186
0.03771479782419637
0.046487574922768324
0.036923513062004316
0.038551170857965056
0.044561036207375206
0.02536533597473352
0.03009496309496826
0.03628879334284887
0.032335071556477135
0.029640117398131147
0.06375756504629594
0.049153212691288084
0.03307992682220592
0.03679021670906539
0.062040905294490974
0.023903491806899244
0.03454596087551336
0.043556609806549414
0.06328758459778831
0.03839053665781444
0.03317746396746586
0.04192111758338516
0.04452233669954325
0.024121046827666935
0.02018156845022478
0.026345891912529153
0.0408190730903152
0.024702832610856745
0.023408661656650825
0.03569464083472473
0.02191304753388311
0.03500997798856776
0.036787425403424265
0.026504364336631153
0.022754528047548434
0.03475202152713165
0.03269449301675284
0.02879104284545613
0.02200162303814197
0.018338879724660234
0.030590165708320374
0.030534095751034246
0.022534729724977325
0.02303338688609305
0.018039534315866735
0.029723919928569306
0.024255999214111933
0.03211379152672919
0.024388218663025676
0.03284955197278196
0.027267770175306547
0.03474041846802274
0.021672949768471006
0.03312917937408048
0.02177892668766449
0.028276989374091864
0.04171641583732362
0.03222372012167435
0.022181611646186174
0.023433722253766432
0.021999560692583513
0.026597947706459527
0.049828629686412475
0.02220099563833423
0.018214028643664268
0.030918676716329398
0.026100408868923924
0.04096733119714622
0.027695267487198933
0.024993393947201334
0.03879512300695795
0.03385426037535749
0.04685780594611035
0.034108630367730985
0.02778248805090878
0.018595050716222545
0.050119617264877236
0.0313546964513381
0.03723503606282666
0.02965427703084701
0.03778819997201503
0.03473656980582571
0.022581695148455445
0.04713918019694447
0.020640017086379202
0.03380542914075532
0.028512884505001564
0.03553666831451014
0.03373353826619246
0.026187013568772337
0.03465205533708562
0.023381374549105455
0.025321165564711944
0.028776660907756477
0.023784362589998068
0.04293984840029129
0.04058478782056156
0.03122984237172031
0.03935718294669982
0.024226375008706957
0.02921331980663959
0.028313778328266592
0.03472367306639989
0.04504778787865172
0.04087247466449761
0.02402668212633617
0.02528141190430234
0.022791822717320765
0.02532790270301376
0.026724355445922374
0.029646911451279383
0.03320695562679606
0.031457052360122674
0.04221156137606804
0.029390913722071203
0.021974210341241182
0.03898288381903523
0.02206046543109793
0.018978726626995356
0.029421285788886014
0.035078428731201754
0.029598485984177594
0.029342628761326067
0.025767446268930533
0.03642770750146788
0.019307824010805053
0.03754891393548417
0.03281682158684015
0.04098188349765047
0.031035889334410535
0.03987792219905144
0.048735356456027126
0.05450434963582924
0.049427664334560716
0.03160191440131633
0.036498173125788055
0.024403654619293867
0.030406592468684566
0.028741783061521323
0.03492840866210019
0.05784698075059731
0.03184480991246627
0.048701209027860765
0.04584265794301881
0.03371824064167049
0.03188614700051153
0.040735298463133826
0.025092301832346037
0.023648671673314373
0.016420824504420842
0.03290568805621792
0.02286547648370058
0.025760272023149598
0.04405298179884537
0.025100545069336337
0.02960948815519277
0.03287979802183504
0.019191078545945883
0.04434511837243867
0.015700790401193834
0.03645243277971992
0.033981429131218197
0.0332823524876339
0.036307065319645414
0.03911868760721794
0.0223826012066913
0.04296302663191925
0.03233426360331577
0.03218019864708042
0.02406774903844931
0.02845827892086553
0.025352592852837228
0.0346581820601166
0.020845704758476434
0.033775302020600875
0.032978034720007196
0.013462140803083463
0.01792683867590838
0.02263989759688816
0.01997271981880848
0.02289985948134083
0.023281501493197937
0.02454622335739473
0.021707039991901215
0.02269868075483685
0.028665950608666196
0.04464781919720612
0.040806904685359274
0.012906233003217197
0.03346550715952836
0.03201582925483886
0.03198005931533741
0.01855325418895556
0.02820406241227592
0.030926088582295726
0.013274847130318798
0.0319822104914591
0.03182807387965682
0.03437402735845773
0.03052643105936587
0.03782431654207377
0.04254773680012255
0.03596418410203405
0.024530810298253283
0.025050524343591913
0.04099178404070734
0.03623046549262788
0.02877418289215367
0.02377763331368375
0.025200674492737097
0.029609874828059223
0.03213467631702551
0.020638588508543936
0.023178469333988875
0.03472799805002445
0.02851341698656965
0.047817575886696766
0.02182477904177319
0.018943086578251073
0.03218972693612397
0.03864328496503484
0.04415845809836432
0.04078861127793903
0.030911769340657272
0.022941592894251173
0.027804584341535436
0.02428004242694903
0.02788027966727784
0.022251214188493667
0.02882053234553451
0.02962807434458234
0.02753483665967533
0.030150408725463408
0.032865691250299305
0.0356908520001975
0.032507184356350756
0.0245807957808982
0.027491010517298523
0.02497460755113749
0.04663495664794332
0.04804912778146974
0.02630873980733403
0.03911921325180254
0.0404265251739499
0.02490728359335872
0.027126591072639823
0.020033921081228482
0.03293421194678194
0.038456711275471775
0.03184281404602301
0.03640792584973762
0.0350899405243155
0.02841997498019662
0.024429256565301607
0.03411361912326953
0.03933543917690506
0.02882851698301533
0.039204677069515574
0.04160275479965248
0.040415145244821295
0.028779210658477043
0.0312171431268141
0.05172697229605333
0.03242912462393951
0.038791995298643724
0.03230433045371011
0.02844087602707593
0.030062431913528777
0.02038811633716503
0.024557872623209458
0.0461506737419943
0.02856704054216638
0.018257900929764922
0.03665206572047645
0.029124398065310555
0.026632466931407212
0.020057710770590594
0.028213904363707683
0.036501845185688955
0.030535808051777465
0.024183356108850928
0.022442841781339117
0.02772934452998303
0.03059653988300798
0.02606860707944521
0.02932157692818638
0.017868118905531742
0.04093193129086395
0.041577311725507216
0.0355763873288871
0.04200456943381281
0.031435960459321115
0.02591924473967168
0.06982395682556077
0.05736976960763683
0.06749295580386784
0.030752540435710417
0.06494214253151283
0.034626411010559896
0.034320604738844476
0.03443190180087358
0.034142848247326996
0.025356606312096835
0.030934211291420117
0.01838828614151463
0.022403810251333915
0.04116335549445049
0.028068173136530008
0.029674851140691877
0.034403762074646495
0.03128172945453419
0.03652779832538501
0.02580815805558818
0.040711307084256305
0.023005600801611927
0.03924721070353544
0.04900944006153914
0.03764295417657866
0.046391167616278
0.03245076184271328
0.03843251258517967
0.04197779454179471
0.05228782717442827
0.055896074782404014
0.04484000313113288
0.033083470610966295
0.03669938227454694
0.02530908143774127
0.057620748966400875
0.03282400190409452
0.02417546062125806
0.018008557629329763
0.027853026236938038
0.03030471617861924
0.022366083273563965
0.02628402004307934
0.03640965002730885
0.038221025255741115
0.027050326961979478
0.03119995760513957
0.03350406703763744
0.029520714818280107
0.03387617203487423
0.030834485319287258
0.024811960785386684
0.026621746219543455
0.024560007376491794
0.018282419548723814
0.028880837264717688
0.014157765144573118
0.026101298939181183
0.03600876332999453
0.05505273273722869
0.028134037169236882
0.0367199790609962
0.02965174648406998
0.041502240932803254
0.02818324146013012
0.0440564220138979
0.03928815686539649
0.04611037724677613
0.02670340395696564
0.045923087977617565
0.021320722142241556
0.022250665672938576
0.028470230239478016
0.01778769298013533
0.017148109422486048
0.025006921931181817
0.015493830708310225
0.01979119219080378
0.01987874055087215
0.022947864742111027
0.015123018915106375
0.025622274534431506
0.02994719735008601
0.026075740251956418
0.029052077553991272
0.018606170807318512
0.028235319097817096
0.016117973659517174
0.018559894675751833
0.030278835017219514
0.022158604735482184
0.03233246670654128
0.027741972885563314
0.029973180521937013
0.033190291257307346
0.024834552361041932
0.02423413387280424
0.014358764519120598
0.024254640981446987
0.025402877692903718
0.026027200583662872
0.0256776208312911
0.01972225954487865
0.029308259950268294
0.026815290803735226
0.026745694084515742
0.02263211840381813
0.02682988491713427
0.025919511950995084
0.030460826738000695
0.021018603994768282
0.03597826724565817
0.02067584853822988
0.022726874493427383
0.026623030259950133
0.030578761916293027
0.018358128124136786
0.035985662222092
0.026164249385160824
0.027200690334376873
0.029411084231402738
0.024406925105615384
0.028773245084047664
0.030621679490395314
0.021720834944050034
0.02267392768749555
0.029537844269870328
0.02888554259679247
0.036413027169201355
0.034018702872259894
0.03760030786193782
0.03889156593504566
0.027969987969250133
0.02021343610901743
0.02644291696172051
0.033578155117741454
0.0495526026719081
0.06398801896180444
0.03389949449752156
0.016978250629686314
0.04517954233266306
0.04655182934711049
0.06421424063681286
0.03444036551548211
0.02630502743879115
0.03969211404832201
0.041590501105687905
0.040479662342650526
0.01578439678571497
0.03699664497626777
0.02580317120476133
0.021828198333806684
0.0273609729050796
0.04444267365215551
0.012326903890373301
0.019515608695605677
0.0
0.03679105329221219
0.025533725746549416
0.07269228822599588
0.011963986542954719
0.02712068364316248
0.055427520592083036
0.0
0.04715131875851054
0.0
0.06619366254517647
0.04668852411657142
0.05759472635580451
0.028800897892079715
0.03024084340483237
0.05214582989784216
0.0
0.02139402933063338
0.04174102463763915
0.0326573891102764
0.02750983417343695
0.0
0.062384249432949825
0.03214433371529116
0.03160916046373617
0.0
0.015822312291507844
0.011554901038087702
0.06628102595356221
0.0
0.023475922010055827
0.0
0.02879081697926151
0.0
0.04243588979493065
0.024864531088480236
0.026952325034215522
0.04666966581064782
0.04189137709553114
0.05244825790190216
0.0
0.0
0.052414951984672775
0.037893532469274974
