0.038972445879268305
0.03594900675844004
0.022590885517709283
0.0218165720405474
0.02262643367883008
0.0221300091463921
0.022610404701143387
0.012903072486169079
0.01912599745601514
0.013849736851313252
0.01703622036152381
0.016718021673033004
0.0223290540663415
0.018352609611782766
0.017084000597989302
0.02264083944994974
0.021796563693389896
0.025182030753130226
0.022633196744923135
0.03126062022255624
0.03193844928212509
0.03281889365090447
0.020725294858032813
0.021812205040375936
0.03991490251111855
0.029434140876389393
0.020926026423347947
0.02785976612329052
0.02476116335399298
0.027508181109343544
0.02067564010714062
0.031071532670150382
0.02617422588240839
0.024355690123437
0.026257745302841393
0.023005396840862277
0.01743929315654738
0.034574513747300084
0.02578267941101369
0.03383948377507059
0.025499657449768936
0.026415084761552434
0.017366616919826383
0.023392937486344037
0.025621036639839563
0.01686751053430826
0.028974381158188685
0.02139615574723647
0.023034423604804156
0.035254088770535784
0.021086836835485918
0.023874207908442087
0.0246583866522447
0.031831259144030795
0.014205975229537158
0.02667515147023533
0.01782148662149147
0.021590917932952706
0.014007631038562477
0.024046146070420476
0.020140526018763743
0.017134495951150765
0.013009399554851822
0.03653378688396992
0.02024503124917317
0.024988004136985358
0.035584789953890424
0.023684825874808482
0.020876787494248317
0.014313789749748292
0.021119444407050613
0.02276583828283067
0.013656767105643145
0.033068790130490786
0.02668822073616933
0.028992792818216078
0.01727417288970251
0.03167010267570656
0.02723398147094915
0.031178424923690756
0.026076048875126757
0.026583409186370387
0.03401720496922643
0.018253515805742915
0.031302813568147875
0.024070888919213437
0.031782722448923495
0.02995211001424699
0.024334656236299865
0.02350602575851565
0.020446271919349966
0.03262579445988846
0.023693895297312355
0.03449502991143829
0.025122630363755828
0.022660389561523418
0.022032996553351555
0.023559251599318664
0.022513012709206637
0.01304962447309836
0.024349543437522197
0.02536532169939317
0.01602007288312458
0.02411643560147312
0.013189941024213201
0.02452681552016081
0.024519495643489726
0.017011223529999276
0.020968591162259752
0.027998325183784523
0.02238333648660093
0.03368486006565049
0.020334212617792693
0.024826420619677627
0.022629623534650305
0.020757896392457446
0.012769084655134698
0.011110933217039261
0.012706201495682672
0.016713865809112
0.012808304119853894
0.012772511952061584
0.022267726885576537
0.02055194228935549
0.015749712875125364
0.01656928792840672
0.008056689398395772
0.012706629578644716
0.017001635648089767
0.012682693217136482
0.012692084298709773
0.013636526012904646
0.015680569264698258
0.014905003040086937
0.01670928781583765
0.01710933997324271
0.019858096413994452
0.013028076625333273
0.011766144167164504
0.0196683412143729
0.014552438431840236
0.012715051826870409
0.011302605621631028
0.024623308171121096
0.01701323470338301
0.01296453220328444
0.019608766603247268
0.02705275987816397
0.017040738506402846
0.013722355735464178
0.020916947129997285
0.017635615208246476
0.011414648688855902
0.016798222877658916
0.012819150127836118
0.01699593140179146
0.013113721655833037
0.012846754186520747
0.014287747097513423
0.02195727977962997
0.012688164367236106
0.02172964866282928
0.024600840225059137
0.012746829689726354
0.012783677004680643
0.013156478977463698
0.022026533640135133
0.022279969463904137
0.01711343779022783
0.014483366707623603
0.021595169590443084
0.013871858954282222
0.015760728107713055
0.012940135551453893
0.024123807054650365
0.01431750594481182
0.0262339539526621
0.01938860590682062
0.026558553320510478
0.018064257148596708
0.021017355830684304
0.018015193357119447
0.03038265094829334
0.017610545856123472
0.018137358124280335
0.018686913311860787
0.012637732892677724
0.012822988042314241
0.012949152045854817
0.017736127124037028
0.01894800892207709
0.014624626191803982
0.026657594109746687
0.03107488790969325
0.01914680705431072
0.023360542700031732
0.022868988089550513
0.01946902972351217
0.01856048173464847
0.012706084784683118
0.014051754378408004
0.012419243325491956
0.011622863612832218
0.01827790714735959
0.013071386579514458
0.01519472549567405
0.01285054434644697
0.01669929397646788
0.023684458344661336
0.011753305949816824
0.013798003220575056
0.025067538316516046
0.013150265747209145
0.013591776958473405
0.014685373356677014
0.011705157824117489
0.014103070418253686
0.01476829410520311
0.01793415585300854
0.017191726885699986
0.02582526518740897
0.011675072604163924
0.013453420655481406
0.014063517834276028
0.0230902259547194
0.020356188501595783
0.013305244083109086
0.014460517379229548
0.022205049702995416
0.013102488843303386
0.013273298945209075
0.013114446559255043
0.01697759093997144
0.022289639771090893
0.01969845597534243
0.016794750498667695
0.0228020943469686
0.012913166669893344
0.018031882235794324
0.01939897314775968
0.02227165484115626
0.0167038051166493
0.019233046229423057
0.016625311399809217
0.01376254091369429
0.019275141384192847
0.022041042321655213
0.022319798839093456
0.01386239551315445
0.022226890020873396
0.014014442438962755
0.01674428325951875
0.020258052939236007
0.022548812056514246
0.016926931324445706
0.01751246198682524
0.014343270174981016
0.03167907047159688
0.022001918341417404
0.016172755646070368
0.036536966193002014
0.017151267892491228
0.01825633041064112
0.016941102425019425
0.027955183686472984
0.024868638455112797
0.024568785908139643
0.016675031847795674
0.013664391568141645
0.01704712169093655
0.023103092830181825
0.017363262283482308
0.023227054652118464
0.023517663939260657
0.017798133125696062
0.01642552698165265
0.014239241772299516
0.0223258738919668
0.012771898797316328
0.015013208232900928
0.02009440270047579
0.017180354138157324
0.014229827276270828
0.018365922511202674
0.022270576795404326
0.013980234303741072
0.02154885718692527
0.01613660036135933
0.02311183699022001
0.014837230884248586
0.020931925766769683
0.02443778515434653
0.01412937317479092
0.017508804345957002
0.015210323470015363
0.02241376108911653
0.011459285397113543
0.018780827445976773
0.018329758533052198
0.023607179649420204
0.0178139749848258
0.015143968789174775
0.017846235818233473
0.01721310901064944
0.012820750918920466
0.013125072160648241
0.01831654753563022
0.012851964830328588
0.013529633817004139
0.021253182882570776
0.022847219895913318
0.021039148720632422
0.016749094626650734
0.026001101813192495
0.013331731645464005
0.025082673813034966
0.017231600559437295
0.01325418005762714
0.02183734811922002
0.021223834406628773
0.02221868354786119
0.025690331500877905
0.014062413119731608
0.014238594898637264
0.01911385397591236
0.01779094045356289
0.025257153056114694
0.026948998181008564
0.01696117897081443
0.027149343774553452
0.013219132112680526
0.017590262766300574
0.013156672147621536
0.016047266895409334
0.017905639265884937
0.024572496036015478
0.03242068809213267
0.021754026191948928
0.020050520337699395
0.014213049954179402
0.020850558027064998
0.029300896276583645
0.021672516989034857
0.015937820201018697
0.020454849035266922
0.036239413888466666
0.025666085687147573
0.018257997750985754
0.020292077907400192
0.0182457017164317
0.01867617379764925
0.019025418909645618
0.0333078636069806
0.02479953872050856
0.029944893197202047
0.026396349014967915
0.013840990086063215
0.014518384651499208
0.013988348373636666
0.013892980345303884
0.013581159748383503
0.01762974359037875
0.017886669415455175
0.016864695372286014
0.028984443878594366
0.018215163355173595
0.02176959774622986
0.03019511395463578
0.02458359392115816
0.013589807949750829
0.018892343213405893
0.013431641320239171
0.015199082342036289
0.020135304809215097
0.016002682183875433
0.01581248958134043
0.015819284437953825
0.016708441315320184
0.023258874182419093
0.021225508974806705
0.01520852088373865
0.017448454414710247
0.0171187123837448
0.015375580839471494
0.017662248001662197
0.0199584070933154
0.020480129666108612
0.020885540506637476
0.021752098427508117
0.02422005981990963
0.030419316338471537
0.020922866138270695
0.017999744624731532
0.02088116383250699
0.020289094339351735
0.010574152269672562
0.021140858088545048
0.024394043893381442
0.016906847867432257
0.017326527753707667
0.016132114172900613
0.013114538370322625
0.026462538658975736
0.016063817261161895
0.01463881032279145
0.014348321295538315
0.027880891658884396
0.017282046506128843
0.01521037341202818
0.013311024645424904
0.01868728117764853
0.012931175838088223
0.013011025311890925
0.015413527082115682
0.020448019387583755
0.012808021188996266
0.03022175748496442
0.03040977564205299
0.02148459405161055
0.01768451674488163
0.013287428482090446
0.017423048288593715
0.02091497623265448
0.024366839381512788
0.018394234099983617
0.012316388959431239
0.01750273297409581
0.01747569829156402
0.034627002988996854
0.030225724356498094
0.019391489487981556
0.03241768057133322
0.02632077472857712
0.027809746225219555
0.02397251886666264
0.020334166991106937
0.017456910637337848
0.025876345949416315
0.02151768779864594
0.017915773277338738
0.03082723313585739
0.012994478592420946
0.022559006228112077
0.019310201672302622
0.019806664503393745
0.019844537252352436
0.0274491906656645
0.036867428328539446
0.02789759430152538
0.025829133538990436
0.02382799472915208
0.01754976671259934
0.02267847079941693
0.03852153266839794
0.022429909220030644
0.01635369505779986
0.017778997846581695
0.021919664612454728
0.01261952194379803
0.023754007384020493
0.02482205782415362
0.015824234289496874
0.022461490792799122
0.017891675816283956
0.022730264889583338
0.019591610591866433
0.01832054199225561
0.028014776080490147
0.017752068661584908
0.011985151046738021
0.018123281928295976
0.029899866823295672
0.020325338007285386
0.020320036271621173
0.011791323663530098
0.012791531521935394
0.01917995579302055
0.022019687894523438
0.01282771065571198
0.01496535286364251
0.024128730871722202
0.018232081615657626
0.028248592563878284
0.013255893012375912
0.018552246332991584
0.0233110603724391
0.013214746056331644
0.024201503812779915
0.018547509644154376
0.015623209499411449
0.014079740711390995
0.012265126723990894
0.018590919182829565
0.013750005624241278
0.020061547502623015
0.01631138736818542
0.01743728099676097
0.022392273135782736
0.0125313183929971
0.018807058694011638
0.012848239607043439
0.02599214737185054
0.017575194303691196
0.012967776139338624
0.017150047538199424
0.011431553322930336
0.01885208921777637
0.01261399241418038
0.02044971879528908
0.025541802662302427
0.01891921558066031
0.01775774425187501
0.02040590288893878
0.023554140145205904
0.018070222140669015
0.015323910882914338
0.018826529567673892
0.012367351519626181
0.018340342979192088
0.02468262463098283
0.015834154811566893
0.017137543776384767
0.020473216973319185
0.024101594891222957
0.021383742850090565
0.019754312484101054
0.018526754999815324
0.018216493385455834
0.013162845076831478
0.012875373364873714
0.017989704662160058
0.024587633538765464
0.01777049510388877
0.023413012646549797
0.017196089927655055
0.02833018262277881
0.01661179293152911
0.013125004038094613
0.016892068939668096
0.013509862923887212
0.02452063051962571
0.01662502559020587
0.0205487227564148
0.0232934521499605
0.01720561851926282
0.019215193404504134
0.024829724402193623
0.017170341699675046
0.028163688324098216
0.018713676551255207
0.012879614764597766
0.024285860867659867
0.01718934835763122
0.025719518516377517
0.017440709565943714
0.01392110434492258
0.012272465442969846
0.011185721948789234
0.012556301484115446
0.015668467957174383
0.012247769479469416
0.01759033616001193
0.019251146721977638
0.016869616954750286
0.021005512803071495
0.01235053253912559
0.02133199593287042
0.012829964778682108
0.012879086466913058
0.010753372032181342
0.012217010822801343
0.012241148588991857
0.012260917769708585
0.012342201221824263
0.01291712511444485
0.010806754996875802
0.01081480643319611
0.01661611023412215
0.013182718182024015
0.022100323637336147
0.01687487031772393
0.021962567202515257
0.012260742373753564
0.012425431416610353
0.021936392650114562
0.016893494335986293
0.01687924329228063
0.02368707502052072
0.021965267304542416
0.0168506050392115
0.012644854460741498
0.012522267189113813
0.01679592102825863
0.02466850077487482
0.012849633691276945
0.01286191473563195
0.013759081207969545
0.012650535109455083
0.015671563654434756
0.01284646016094187
0.018681888858263267
0.023906043203027142
0.012439172091957482
0.02446064192739021
0.023188603054625723
0.013720950773361126
0.016877978815012216
0.024409247770511525
0.012764583807464178
0.013927655254026063
0.016852535544540522
0.024928442994677537
0.02182322311942026
0.022008596642221413
0.01684518113645559
0.017535629288838107
0.024407174224805272
0.014527025170780822
0.01305037187209622
0.014604684032443173
0.02013897499973615
0.012436130556657177
0.011058356348255376
0.015552246117924554
0.02062843554804873
0.022631117748854127
0.017040656820674464
0.011275214992407032
0.017339167265022992
0.013413014136361106
0.024743196659283945
0.017392939728522044
0.013559432346361587
0.017616208562712864
0.01347462684290573
0.011945960245518165
0.02590077885006558
0.018145880705066366
0.013682579861512478
0.024199888942720373
0.022126408266142067
0.022327821308851543
0.015862296795388652
0.025813133427772823
0.013218640688058676
0.012429143950141244
0.01728971137410917
0.01940782252243923
0.017306924243717593
0.02119692938488029
0.026374369108784393
0.02491620888848707
0.028629953712681348
0.023078102707111796
0.01796778287145145
0.02349312176659373
0.013969272898490459
0.01320882275013349
0.013287020655093802
0.028056580678276984
0.012182971017469409
0.02003105485708381
0.028723186933889627
0.02097938579883591
0.01813715793095766
0.013094075700271608
0.01251876544321452
0.013635222892689817
0.011303556519963096
0.017631677975230336
0.015097651257066462
0.013023867193221291
0.0190876146263749
0.011348850594333293
0.014783458440846048
0.016005146967635893
0.02460528336782723
0.016952615374672995
0.022270573689287865
0.02055718597571175
0.013625304698427834
0.017680727476863365
0.02815208095870625
0.01701041778910789
0.012464686852598087
0.0166865990636948
0.0171537982492217
0.01780871240488768
0.022416700333308084
0.01382010929768646
0.014571583478211905
0.022637951923263774
0.02439823374754824
0.022890817528845232
0.019400775672315306
0.027540757224016547
0.014888588150828774
0.017017286681489486
0.013881273772804691
0.013855849791494061
0.01208339591650461
0.023556930718474346
0.01018879555633974
0.0152191914823029
0.017367672881318883
0.013985925993257944
0.014105820083292643
0.017916555913804942
0.025871860011839543
0.030265229262857657
0.013132831441340679
0.015522627872319198
0.030516635259330693
0.017918575135177455
0.014145785776061463
0.013950040080547711
0.018901312950840854
0.014536715957877089
0.017153612846791132
0.021976105923670854
0.02006521902124716
0.013892873336914717
0.012482619249714132
0.013544877953594756
0.012431455693790113
0.017997646052871595
0.013997768472946743
0.01717859637879642
0.01710125079986832
0.027572413436661992
0.015551436446917016
0.00933758048604316
0.012536194890529324
0.012761669731400093
0.020760892541386577
0.019002794375154418
0.024224719444569904
0.028275592335189594
0.013617432094584641
0.019491698037768672
0.022101853236776346
0.01701437867637617
0.018763707797301174
0.01663719115017776
0.013641897375365331
0.010890392827769093
0.01666543262213761
0.02607885706661731
0.013078607689276423
0.013892549378083886
0.024035266497031676
0.01242180293122633
0.017656297406654156
0.01766942767050268
0.017344403104448472
0.022157116494819443
0.026529114579725132
0.01919511370824611
0.01797106946729663
0.011449760982767286
0.022097184254178778
0.014009886342627266
0.017096239278072974
0.021365048679523286
0.017448370153111733
0.01788526667847035
0.018043551937465107
0.01635785842683873
0.01428044324854794
0.023560805564185005
0.017710946476998685
0.017008766879465457
0.015850182449659692
0.012432305559665516
0.012695693347702205
0.012334379013373703
0.016456738445728328
0.012675399840460849
0.01268052151928738
0.012591794056271593
0.012610743263847191
0.013668003365524905
0.016872454157961087
0.015764230194494123
0.013020997004838048
0.01704711515367051
0.011495615221139751
0.013432735436487497
0.013272599668489924
0.017080414525416643
0.013628395908359871
0.012763804889391113
0.01277376966847817
0.012666762487751629
0.01269708620117226
0.01757840118906146
0.012916944328198418
0.01375580839742499
0.01408622195178686
0.012683306824326149
0.01146787287381577
0.012746704197120437
0.014013285803122692
0.019823632407810658
0.017633920072547722
0.01267248022290816
0.01282264923225043
0.010556027767215386
0.01167658353286612
0.015552003064985945
0.015773571767754468
0.01629370014184933
0.013413699315749266
0.02471471350430744
0.017230506222395196
0.01643209793361763
0.022455124472211235
0.015693052004700128
0.017820290684497798
0.02305135759695077
0.014366454866961613
0.013676958251014712
0.013501558506746928
0.013176211953533645
0.01276509050757833
0.015959390458676677
0.0159792637658935
0.012790531810679276
0.011140137300573321
0.012907767860908904
0.022641925228955206
0.012864944483189774
0.017183748088574848
0.024783432679474734
0.017468684123493613
0.01704264272804029
0.013681440063945526
0.018010226075205124
0.01704846994571651
0.024843546655805217
0.011594431074226955
0.015863819752033253
0.021782055290536714
0.01964570867422451
0.015437125504445504
0.012694471320662057
0.012767924011191346
0.0168286168883542
0.013200921201020585
0.01276410962207879
0.017356768958752142
0.01959114596954448
0.012787831429396702
0.012772039291619262
0.015804543164071636
0.01493552456021849
0.017453635908887273
0.022970885229785992
0.01331902960262326
0.013123609780341192
0.01261834243824792
0.013374457588170735
0.01846656383954527
0.014802410126817118
0.012801117321025783
0.01278770824311811
0.013075271868854016
0.01308560426151152
0.013045655764276501
0.008640736137621617
0.01467974478022354
0.012819192161234902
0.014630885011585066
0.013888719751414607
0.012666005455055702
0.013182946298574945
0.013607405994122721
0.013214779663526632
0.017060946452058252
0.013683480100715092
0.017573296819638273
0.01870195953302755
0.017220383493987523
0.016989800736397772
0.02653230039178665
0.014674991921254684
0.013582026640625734
0.013403541609092311
0.013102485761297378
0.018014602743330187
0.013061273551142621
0.014523524802454063
0.013620356578787948
0.014604559181601078
0.015285301965859263
0.015467664123727428
0.014095564375451616
0.01121163388516598
0.012839507592669757
0.01833768893108764
0.013508714543767564
0.0209112016647179
0.013949957486992263
0.021181062826024586
0.022530111290448483
0.012862134979163522
0.013092576446215623
0.019899180628545957
0.024991078728218125
0.019629490682134446
0.009089519104746748
0.013601370886789373
0.01210808679262657
0.023149283500791117
0.028836914508336628
0.018316129095417525
0.012750845536233677
0.01774880182575712
0.022935770059014784
0.011673188989624942
0.01420758968141864
0.012831565709435321
0.015209584091033606
0.015140555826983364
0.011954749085091672
0.014161945742807542
0.012861038224895465
0.02368327277965519
0.025582023339055928
0.02817292015196314
0.016207786249978758
0.013169166838574942
0.024453187465032108
0.024132894994292622
0.020126495295726205
0.013954131212257009
0.013415165762838821
0.013520464263067737
0.017747108978960816
0.017174190412141827
0.013731320973113534
0.013997515874849606
0.013886546009087371
0.013412040316239986
0.01510220918350105
0.014571964059643977
0.015109129227059977
0.015093476839718244
0.017778751216339754
0.017607990098602925
0.02195257409092612
0.025734818974618864
0.021410942047817353
0.01123929982864258
0.012228036340221474
0.01318187507838781
0.02234688735098862
0.02322109924939808
0.020435607964178613
0.013609666388292781
0.01698803386547143
0.015734502280597373
0.014314839647956686
0.013838949507378628
0.015781568787395304
0.014595281581540125
0.014584350859560603
0.012685463974794423
0.016721812758834692
0.017598628018751918
0.016414017333060194
0.014887691157798668
0.012744244894112472
0.02389839679833439
0.0167303648731319
0.01358516156612713
0.023468807679319467
0.02662705340438569
0.01576421321291423
0.016482618808240913
0.018174263430466676
0.015945736598434828
0.013945982970016767
0.016101696513877085
0.015350839500659188
0.016428710024298937
0.01741100564477827
0.014202012040552553
0.012600089139069539
0.01357932855482921
0.013733519731744786
0.014093614539137055
0.02263862418798901
0.015990243504503978
0.015969880240280024
0.020522019844547497
0.013879793431009585
0.024350777698053102
0.03910765994199727
0.021097485135970876
0.019511216526227455
0.01892718113256698
0.021055319710823597
0.01884005467673123
0.01749114363200859
0.030591782896810117
0.016390875342702015
0.014609029957957605
0.016728713806655787
0.021006731810898193
0.01950304342436071
0.016135929877140614
0.012860245712185128
0.013098965677201372
0.019921611139036875
0.02394074189013362
0.023657800523823005
0.018676843647683072
0.01297326725248674
0.015619407189935213
0.012438224752753156
0.012530491087299332
0.012259119530646033
0.012249703551968557
0.01538743338644307
0.01237701874443116
0.017138242927660353
0.01260492662506741
0.012734292847792284
0.012593019609644448
0.013728294176626644
0.01238661895846572
0.013219498839046677
0.012350548502484512
0.012890105492025855
0.012764603266672869
0.02543155114114049
0.013865988001220837
0.015524445901947685
0.016934812761881964
0.017000305859380865
0.02491389880849641
0.012400902574678465
0.015686150208862656
0.010791360856027377
0.012480473321686737
0.010816204723700502
0.012315291713962773
0.016590418126888804
0.013256570119504275
0.012370641391797074
0.012232547154574454
0.012634026146350409
0.013030954331044864
0.011650104471098086
0.013932483339304625
0.011475574307523813
0.016963769978398116
0.01427916892228368
0.012296421534558575
0.014081519225122702
0.017745609452481503
0.015028022728389831
0.014843685088279135
0.018692948393043845
0.012764111154152267
0.013919737122607625
0.01329893885073374
0.00939733394816492
0.017579362170241
0.017693299320364213
0.014800934094255681
0.012651634517853113
0.011371234600434776
0.011472562271022987
0.018102303758392505
0.013461060015879565
0.020264151620040718
0.01917960897250319
0.017625017125161093
0.011071492903962853
0.022256934098918737
0.01445974277856363
0.012501297675974816
0.02213128927713265
0.014152547596536173
0.019890067431872722
0.011345343852215285
0.017289888006143922
0.012319652909300058
0.020086325588983853
0.012985374426638652
0.018028891173269636
0.01406549546985458
0.0129088502156036
0.02362587908375048
0.022787774991483937
0.025645674800785657
0.012825337558910486
0.017855857528553495
0.02417477887825451
0.013492722515818992
0.01292989776534297
0.021507070552727582
0.017039423086624705
0.013714766227956605
0.012521165005257644
0.01752741134295078
0.018646370310985434
0.012933125272810984
0.019933703108680034
0.012617189031062195
0.016472575801312915
0.01784939616279498
0.01690789256062389
0.017083840447189396
0.012819330979639885
0.013013201408142761
0.013061716702724099
0.011682329430738832
0.016493795508088983
0.016924131518714775
0.016915185535417557
0.01240595563590327
0.01666150667258593
0.01697899223229693
0.02157704178676441
0.015907405576919255
0.012548792244180316
0.015475032859436032
0.013057734986036252
0.01737296848700949
0.01240929544064986
0.011105934872316004
0.017511734180257522
0.010893563839487965
0.012471277600951704
0.012505838196618414
0.01287337612628825
0.01247034734435608
0.022094480051587543
0.01607173782607219
0.012951335877043783
0.01668738008758414
0.01284273915054296
0.016738580760626037
0.022019675664618665
0.0125288102920163
0.02259748359972852
0.013323936989076822
0.012691761658650843
0.015737957265001056
0.01803562882518934
0.016995621758558867
0.024680835809951358
0.015217286264311377
0.017074777237785624
0.019747083881234185
0.016999580419527982
0.024334397584746172
0.013751792327628515
0.013773241815927036
0.017955560742079303
0.021503878692924232
0.013894237866428254
0.012094149231136487
0.013481559739139958
0.024386862754906837
0.02000714545700112
0.020744299983609927
0.012237458797913265
0.018634086689197967
0.00995976052813406
0.0078111991752582936
0.012448466766634372
0.012470000058629596
0.012604666602140305
0.016663604061021735
0.0159040225531939
0.012462740409538972
0.012894683463824235
0.011147417821406044
0.01271461379345304
0.011259005345648157
0.012597343894922192
0.01714765030231914
0.013957462544977336
0.013853741185687024
0.018479564413362178
0.013737151269459019
0.013732088005835091
0.01959073474865359
0.012891771308732808
0.013932554441706336
0.022404659287041113
0.012666335549400226
0.020940129768118064
0.020996073591269374
0.014027350902195791
0.019124186102959375
0.014299209621951107
0.012537493254678612
0.014044144730891365
0.011879058627475434
0.012923448881780757
0.013575771973139026
0.012724786071111672
0.012624440938116852
0.012709042454925948
0.014356656824100806
0.013059084094818929
0.012696252406998733
0.019243543943556787
0.017206379535019176
0.015333669430557874
0.013014263822650685
0.01293934791848324
0.012756340915621386
0.012818544036754791
0.012825563210505287
0.01570837239738735
0.013338117083506684
0.012861958054666485
0.013254928764635287
0.01305461016482508
0.012797615042568645
0.012778922341974756
0.012773826321384308
0.018675349939827092
0.01280509058929303
0.013194175794224128
0.019493483933868714
0.012834064966157648
0.01282305417770836
0.013640029382503392
0.012834116452296613
0.012745915367503307
0.012610717953887457
0.014024282227622245
0.0182639394795454
0.016958968220973994
0.016751300540853623
0.025040931866645886
0.012211938595079746
0.020368487238394108
0.013949418999908212
0.022965605782700335
0.0136317411144908
0.01321756484564732
0.01834990447224795
0.011430419784261894
0.013749483796370915
0.013950043745889176
0.014709523750467086
0.02694343785934524
0.01686348714931169
0.022029603575996468
0.017671260612591416
0.017710935194361958
0.011146742050258448
0.013033940985877332
0.016340200175200575
0.013107942634567459
0.018971683908195924
0.013658715129908792
0.013880437531378496
0.008203149658058169
0.013350332571138495
0.012765361184079347
0.013509876960579635
0.012998183065721135
0.015638523751460652
0.016706112034596807
0.01272572988520154
0.01637964291811639
0.013934205435725433
0.013933747414102205
0.0193716501700939
0.013525384061090471
0.013696900768665398
0.011115958511302561
0.012784800528579061
0.015841828986105123
0.011543354351638871
0.01238461621887772
0.012486784885363138
0.012943871029831036
0.010828516716320156
0.012395938206839263
0.01265410250928748
0.012382930860619744
0.01676124567820492
0.008592762859264563
0.01004643459765705
0.016867458635268666
0.013202747382436838
0.012831435954976664
0.010332567229665435
0.01259930496760303
0.012643492836721282
0.009880317130762695
0.010414516663506098
0.012611407926511987
0.008373469943153121
0.012589607998486508
0.012852404094176298
0.041646549101625116
0.011696013284448711
0.026883527910569534
0.02080766928910818
0.009771037253024861
0.021878077620302964
0.007180228147489474
0.012211872798633346
0.028190357421643275
0.030610615793964603
0.037345222802789665
0.02314294772051401
0.023557419249388055
0.04008875654798485
0.030993243923295416
0.03461973835798311
0.04030268186461044
0.01773358465987314
0.032533536581503035
0.03366437440563008
0.025564317356750587
0.006419191557353631
0.02130303687531679
0.02912465812701715
0.03957548988474148
0.03842296475594214
0.0412552390279836
0.024830341645049464
0.0180407835072525
0.038562484227841
0.04114961271737112
0.03891134195562435
0.03847556725086134
0.04055369221854173
0.029357822863518193
0.02763921809943517
0.03835796843342981
0.024086773042135277
0.033994711739910165
0.011994474529965871
0.0
0.018681072021567702
0.03900121991674214
0.035588843261442155
0.031579744660171896
0.029121852842839534
0.025428153081552916
0.03149932000084488
0.02836780039094342
0.03492241077667108
0.03507863152578833
0.030373104194661323
0.026688972261966176
0.02647821235888529
0.028253527964564627
0.027088531178038777
0.02767855222225335
0.029608524349433632
0.012941586341036444
0.03770219194168495
0.034927408249025405
0.02985481953019106
0.03091897775897517
0.034659740336651104
0.03417302824014928
0.03982138374303433
0.04073784886682513
0.037538740132407246
0.029698369536088016
0.0360722010625913
0.029305559155357562
0.03476485096733842
0.0319817221228696
0.03686093173605357
0.025819706428060932
0.027159089876503735
0.021657469785037162
0.02605552204961122
0.03146992707783024
0.034107584405637124
0.030488828372550878
0.03307094329501167
0.035665831233498334
0.019264550051356653
0.033410107847026325
0.0249813181794051
0.04020341917134404
0.04164468214562748
0.027346236208703772
0.03597972228771138
0.0314102528410709
0.03286152025903079
0.03803239333486357
0.028859771919576786
0.021010136602916597
0.027447614444603356
0.024635901151741937
0.01420430365143687
0.031083509252505997
0.034587780867389985
0.03718893878964537
0.02143544298294307
0.03977827099091488
0.026042435422134587
0.03237218482938882
0.03966519646391159
0.03785393475850806
0.03718186886984458
0.03613321498035526
0.030210862897423838
0.03492081656624123
0.040626467175337494
0.03298361212552728
0.03327598579540896
0.03786292009939442
0.040289787397107875
0.03847404188209099
0.03218403900409786
0.037748134413226435
0.03462086813902862
0.0322536311181478
0.039278436950786005
0.024238769022374033
0.035351046789339105
0.01889779531784064
0.02294516415948161
0.025597690043352703
0.023258637302892383
0.025061776251395294
0.029055383392378897
0.026456981141514423
0.0311377211467057
0.028073950965263217
0.02319558126683008
0.027929911540740864
0.02290170182177155
0.03259300179486384
0.03257961891514766
0.03213479586978252
0.030831611011806273
0.029998938706124714
0.030165985178840046
0.016136772206671295
0.013941427594582988
0.027396846905965073
0.021715675525297524
0.031217300080995915
0.03305539753353444
0.030303773613565458
0.03539162290654651
0.03805028392798135
0.025334887788975847
0.02817545343930088
0.0225444768581033
0.024772803884754446
0.024430226113248386
0.02130290551075142
0.040443821233038815
0.03216466849520218
0.031423668062306176
0.03594255319562035
0.037261209860121276
0.04083520487000349
0.021632540628833345
0.032860990696895166
0.03392518901571093
0.0
0.018701774325648915
0.02571120669075835
0.020858315083639858
0.033889388463131935
0.04182467187368311
0.0311304022709482
0.03597835180285502
0.030717637048998735
0.02347520306771006
0.04053359190387262
0.029934530094608103
0.03114458858157472
0.04062083479895025
0.03736874909376152
0.035150371263824406
0.028265636546658104
0.036794924648466974
0.041387588195881564
0.03930486917585289
0.03539715642113777
0.02452322841998768
0.030685511667500248
0.03292839995381677
0.030374579951574228
0.03681052990578161
0.03515080462476769
0.033234609734732856
0.03826785416945528
0.03743955847928023
0.031599715985225915
0.04027571112879313
0.0346177125383903
0.030796134983414068
0.03568309182035666
0.036262685778902536
0.03229384107786653
0.03217587657459772
0.018929672515986637
0.03513628815280607
0.031226186111564674
0.01563387872738228
0.03275025024243538
0.03577044899606354
0.035196984805362125
0.026591844222221328
0.03731592291730173
0.03430194736408926
0.04078236709210927
0.035051255630808624
0.03642467288391201
0.029114807957167026
0.03502463466641195
0.032300301165778575
0.02795075080096422
0.029033901592857063
0.025084135007261123
0.023864317886410996
0.033540114621792474
0.02431476468572583
0.04135144414242459
0.02766334186470356
0.03749028590300277
0.03435096913207099
0.028618443138232526
0.028983081209215937
0.03440330973086772
0.0413352085258175
0.03939319611646675
0.03670318365387403
0.036025765382409675
0.041520180666554586
0.027352947844521597
0.021671373358008995
0.02953394786546493
0.035311965512570216
0.020443758726687262
0.034681650963603546
0.02091505327557172
0.025962222304332788
0.03244735881529893
0.03143655035270448
0.03073065163776444
0.018352812114223696
0.02454029981932203
0.015229311963739185
0.03172669680575137
0.023147673191201597
0.024427839651946837
0.023529152433145975
0.0
0.024495389853835522
0.016102787916615548
0.027231368242545448
0.031778500548044854
0.03941315508891078
0.039618567611952635
0.018810002664067415
0.028453694765642103
0.02293790238884106
0.03681571921152334
0.04181470989436819
0.03305813601090697
0.041542214653818195
0.03513750394254695
0.04054348357373429
0.029529425885419774
0.021100775225549977
0.03393140441276338
0.027794449931911536
0.020943873924015748
0.02740394211366651
0.02811874459719173
0.022817326694387335
0.016445011020856767
0.024989379700769976
0.023398106633315426
0.024927943998675692
0.03828017566457901
0.035639508352947366
0.033029596661375164
0.022347634745368484
0.04178402722458651
0.022631715617812898
0.02025022377043032
0.023331084100340165
0.02278330104661363
0.02711096690733052
0.025062760411862183
0.032982077015448474
0.029275106099895788
0.0363374741032461
0.028520777210036145
0.03250229231823507
0.033396523296381
0.03275244615902761
0.02356116094923209
0.019437351079496325
0.02404363306075012
0.02852716674236925
0.04074477589829516
0.03955573741416921
0.037300523532104224
0.02533730876981166
0.038392569297421186
0.030837865770049724
0.035596688154939354
0.03591595051417594
0.030448047201596138
0.02357057606011264
0.03797149560484986
0.03877495215849395
0.0248594020096579
0.03017935815715405
0.02933419588576566
0.026288610952584026
0.021856595165761737
0.03181374619446651
0.03409076690294968
0.0384272910240753
0.028044974019148114
0.02306611263424244
0.019899003663814425
0.025784821783185193
0.03996128584595616
0.02978649468496238
0.03325995306224114
0.03638918700191032
0.0411330175563582
0.03705476080046935
0.02381886192005539
0.028848780265306063
0.03081478758512975
0.035489330668042024
0.02958791393390222
0.027710076184666133
0.021077124268742174
0.03020887558134011
0.02146752022241972
0.0320854061062035
0.030723177110448717
0.02238363871472007
0.03050977310132676
0.027843011346910737
0.022524448124482416
0.029949422735231657
0.027622368143012842
0.03857542976422798
0.03435624156750801
0.02162646945862637
0.0381352903629956
0.02653343771545634
0.0314836359965297
0.021305850741991036
0.028269465985820353
0.0257862926021417
0.026502444031426323
0.017814974285072036
0.02559274653737908
0.022170335705904324
0.024816750331177573
0.0339596666032624
0.028660674935622545
0.03296488690068564
0.035814602545965885
0.03155860921551018
0.02647965961565788
0.03371300876330984
0.02449300795975593
0.027230113301270068
0.022627904505864674
0.03859996939362489
0.036580273044360935
0.03374347900587778
0.031625100502063665
0.0
0.012133426994284211
0.009858379101049022
0.03378261934090516
0.02651810117981913
0.023532460704312207
0.0
0.03726434773015803
0.03958750351679656
0.02836379105384495
0.038022052059970134
0.03602223424855278
0.02379709683696851
0.02630107271840612
0.027876121710446466
0.030276111716239246
0.0347309538684351
0.03956083617223849
0.033847811995423666
0.04075114292833113
0.024324551239856575
0.02440094934628569
0.0349325603164154
0.026423733880106094
0.03550986197343557
0.03741225081646175
0.03375166846986969
0.022864859850871715
0.03547808058388542
0.038027337582104456
0.041605294063843494
0.027749277148743527
0.039443340808763216
0.03522294777866767
0.035817578374358096
0.03947365119899342
0.03683846430557145
0.038717550906170115
0.026607279716378857
0.030556239166940766
0.02486125857914616
0.025621700457122074
0.02833519413067799
0.029091665881738695
0.02390174269526345
0.02267531446866011
0.023331757796602313
0.030426341875045754
0.023237573177971923
0.02802026878274624
0.028085889367761283
0.03623686218920505
0.03642844731113312
0.03321323209816007
0.036217575143467684
0.021304654402787577
0.03964969149826575
0.041800664805236865
0.04127437410619369
0.03533211131137128
0.03690001227406896
0.026067450025526826
0.030689119316810096
0.03961263961260506
0.02874312197889706
0.02499093160800204
0.028620089628971668
0.03990164326719167
0.02667902612586698
0.0357987593420792
0.04018719255244037
0.03908938385464531
0.03610163508493146
0.03044290370077549
0.032331956393066026
0.040745352558091974
0.04128360671293447
0.03824831856962472
0.032443560384744656
0.029733096204007027
0.030705455561806205
0.03604753220955573
0.028559145337927243
0.02534708592070276
0.04030253163846083
0.04054579635446081
0.0412467970112341
0.041442378922603475
0.03343073342305142
0.040078422288684176
0.028194849225035738
0.019612452288986636
0.02396200473390431
0.03339660730727856
0.03819284861364087
0.03207863930788761
0.030262092320057537
0.040872708982041005
0.04083404943879966
0.03665309306117814
0.04076105860533086
0.03087672496314984
0.04185854400238979
0.03840722499240587
0.03771210586389995
0.04011921367836121
0.03921174020569068
0.040884687375548755
0.034801975994879185
0.03961625839796768
0.04048650868447826
0.036242711176965085
0.038738790321937173
0.03547785634835322
0.040061361733984786
0.03614732805270848
0.03604962979414579
0.03634441265879087
0.02945806227917113
0.03952069930682585
0.03528121266257863
0.03287702666969372
0.029161113496538927
0.036266055456244096
0.025433577727893803
0.033664982088068916
0.032852769082311974
0.0338267106689027
0.038671231013559015
0.03346610986523863
0.036089791400469494
0.03690269065417207
0.037522040034648
0.035609485726601824
0.03470733515448809
0.030578346147831937
0.035560807390156164
0.022187081674929623
0.038278311684312595
0.035527405072421685
0.040915425116757616
0.03920581804184646
0.03542751086632995
0.03724397245542938
0.028197479250012748
0.03546106828242242
0.030218698707720017
0.03464952232978291
0.03439961164354427
0.03074307355061387
0.026849025819914926
0.033017321085949465
0.04059212510724341
0.02278964821312764
0.0386187751192682
0.030718576268473727
0.03524159467703069
0.037333944988479036
0.03937551031644607
0.03948941534695662
0.02936820649623598
0.03158077729171834
0.0327724038931884
0.031164978633395537
0.026148335922195873
0.03591875255807369
0.03037981122884079
0.037926425435409666
0.029746046134318437
0.03649833910414203
0.038707233306063106
0.0343722008816921
0.03841366024951849
0.03355552050774145
0.039809460277803375
0.028009797963919527
0.034993657526210836
0.03961484590288186
0.024038964414859643
0.023875911493399064
0.03492579779775976
0.04132933345768014
0.03687343190480121
0.04015913102842966
0.04034876308398321
0.03662805441115797
0.028537631273710957
0.014862587619590343
0.0130281939845859
0.038297850694833456
0.04143532333532658
0.03198608060267772
0.025660265936744354
0.03487556501536028
0.038658356400424275
0.03943126150042368
0.029241855095960053
0.04002385874575314
0.04164908625559058
0.031265851775379515
0.03962028099299458
0.030618085566038126
0.035933333411310414
0.040153001359594036
0.04167450718610715
0.03827714980421298
0.029018351824970173
0.03578698692038771
0.040973849758668066
0.040005101048392416
0.03233998037970959
0.03491168879123579
0.0386074530943805
0.02368581559314566
0.026528732712131648
0.04113982895608236
0.0398776167927699
0.036889792204038555
0.04046266761421357
0.031045302901405277
0.03522278120468193
0.036282376687303976
0.03785711172614072
0.027829839413009674
0.03343143629537967
0.03107126686301444
0.03747494433054705
0.036585260808158056
0.029702847420070705
0.03398712390344959
0.03270882839114551
0.040738109904943885
0.03696046568420289
0.02272075973213833
0.028366036046101887
0.03588606229269236
0.03140257529870157
0.0318392969289525
0.022388883742830917
0.022697441930824003
0.022123864370729683
0.02260566499619071
0.03822771270086667
0.023840725866825868
0.02248909352943129
0.03884710268038021
0.030536837093961152
0.039835010193449885
0.03357807750927308
0.03981037296446747
0.02143915358963596
0.03926958339646532
0.03841847085986117
0.03568331774513136
0.029237339417579496
0.02094333238500712
0.02872256573865074
0.026283262082972582
0.026467461225478873
0.026931123985806663
0.03818113873676511
0.03400349503771638
0.03892309356934859
0.03545534257729681
0.025408514064851364
0.03195914017867272
0.02552796071761852
0.03713427051349545
0.03212299463818958
0.029520956793291718
0.029607339744304784
0.0383269520383732
0.040540449822908324
0.037027774839209694
0.018566173366905768
0.031418077220905
0.025784765958238066
0.032212721408100074
0.03399147532107171
0.04129606879036581
0.03778077467723143
0.03586517286569176
0.03293763652794283
0.03118349590052606
0.0418052352650706
0.02666033160076035
0.04028217507182719
0.02948804373657495
0.036235255389859826
0.02583344811208908
0.021037320161085088
0.03184726802303855
0.039164883040927516
0.03820065759940509
0.030555162442180837
0.03453986207798962
0.032761318548056285
0.031799317201789724
0.030269646184700582
0.025662033530536733
0.04021197335007041
0.03307613292586966
0.029898779126330682
0.023759959847411846
0.025998485558785988
0.0277965860657751
0.03564637093368442
0.02762153110822528
0.024053012729128128
0.01793309146246431
0.02642335871650831
0.029721517476849
0.03055143535249459
0.03167588291655348
0.03022829547065501
0.03246196807658089
0.02756663020103524
0.018304140086671673
0.03795961892814518
0.033542296663418666
0.0346409341730273
0.027127574333966866
0.03552847379198333
0.027709591426074782
0.027286191491339304
0.039070652891229456
0.020488064217368117
0.030770083243396636
0.028921862936441042
0.021510031399455273
0.027441763661251797
0.030837648344039185
0.033363326852342653
0.025926751903887112
0.024282831229080325
0.031335350838495396
0.030277831009254984
0.03598004176031581
0.03607117656564581
0.03212362305531553
0.03824255842775163
0.04027402317922576
0.03670484224428045
0.018936287921342953
0.026071207320256643
0.03775471298986057
0.036285433398817214
0.0390457729555966
0.037534697737426875
0.04023809380475174
0.038686492523116116
0.03216900078057183
0.026895359194696378
0.028214582193532414
0.030635874098037637
0.041127536502262654
0.03809766685402213
0.034679734778699775
0.03100553495917591
0.037847722035764274
0.040081109868570844
0.04055530059140095
0.03672444338959986
0.03759623161743507
0.03952070686656169
0.030651160635880186
0.03584574381610738
0.026780321748790706
0.03529268069664082
0.028848137251630115
0.03165022337445493
0.028828457546703736
0.03461462726823254
0.024473964340958335
0.018206171299177655
0.040913320959788585
0.036142865226495395
0.03742582857185665
0.03207075199315176
0.03734324250918769
0.04129651936071608
0.03824567345261095
0.03727765114361585
0.02688673692756791
0.035887570494788225
0.03759459311230804
0.03730933276505132
0.038817334764856194
0.03287958985998932
0.02927810617642088
0.038115366780604384
0.030820561030496567
0.03595116406226579
0.03406230957123328
0.0374268965831225
0.035376025572066545
0.03800119346192779
0.038670926592262234
0.03894700158192183
0.041532212065894344
0.026585505248323604
0.010606336702650902
0.0
0.03163637611010468
0.03608609430201544
0.02679663830259311
0.025787847042388685
0.040942581981955085
0.04169588153121234
0.030046640095185356
0.024165389131540024
0.026540276474973937
0.020530063852690614
0.020429815218096205
0.018688582484597382
0.01769552243054719
0.029736790280873827
0.030038259111391352
0.027772371602320902
0.03308494713371044
0.03592437663739106
0.025733299461483696
0.04099462764885017
0.0367205220106482
0.04016030492207507
0.030123300827525484
0.04090236734633987
0.0390589727371762
0.03056890188726317
0.032777793501602086
0.03673935615481033
0.037875493466253685
0.039471796886374914
0.03983027033884883
0.0389777253422237
0.04130303882247383
0.03816077159684274
0.04012924573649645
0.03054970972077039
0.0388948100552004
0.03194198208204056
0.0218843337544209
0.03517085431591154
0.03957010101167592
0.03140872403301399
0.03506633430145743
0.03776477221864215
0.029371504361676248
0.03692142644442182
0.03472353696990306
0.032275192532416154
0.03623900518804527
0.03725379549099386
0.03787570453758893
0.03896171528496756
0.030749319704007433
0.019702093349692567
0.029044423328754072
0.037125814575986814
0.02340149149279914
0.02802387411993564
0.03273207985229388
0.02575974777092963
0.02971107680831097
0.028703171354242697
0.0
0.03395794002828349
0.028620599205743984
0.0346742496912341
0.019777622248530132
0.035233263312980774
0.03409234909979028
0.03031589804389864
0.04022309428953079
0.029403024200794384
0.03892030765525883
0.029616073972340687
0.02147648137061793
0.02351629811526291
0.029786766454428393
0.03335761001058227
0.006824022750548249
0.034387411896192044
0.024218454418235714
0.011524187021217587
0.028012423990581858
0.013170510402030771
0.024878029571792887
0.0275263840520253
0.034346767800533265
0.019192869812120338
0.037319329317315075
0.026527856036744634
0.032589875263339105
0.03932791114272406
0.038528054901071807
0.0334505432165048
0.03042505254307525
0.039205718604985895
0.03963211651653556
0.03761248244458918
0.027407755997182835
0.029034074531012765
0.03388647544649046
0.0358191842987022
0.03822536026222031
0.03048124432247478
0.027192322239995396
0.034906477463150815
0.04037749808190858
0.014011738937563929
0.03815851444820251
0.03069049140333303
0.022904086978299418
0.0
0.02499475864679219
0.0397903748324479
0.03303732753071329
0.024757452202720624
0.037537964802812455
0.04180418438474876
0.03443508252422223
0.04151921680385234
0.017551459670225603
0.02835245842376373
0.03279849439395355
0.029151999737367908
0.023384253129925796
0.02842784038166847
0.017082734591133564
0.02598415282323834
0.0
0.034548665418974195
0.032625370419985214
0.017328593210085622
0.03437193038262118
0.028232474414396115
0.008032651852906381
0.03786692604956484
0.03998245515579502
0.008579126252130819
0.0
0.034327857125021836
0.03221193842288911
0.040477777986030763
0.03377195078634872
0.03296055128376949
0.023559288597155895
0.02794180139842254
0.023722516596685134
0.0370780035459218
0.032246589648506734
0.03080276320245071
0.022730652523921577
0.0318994963275381
0.03540412300603494
0.0396913013704431
0.031121727056609746
0.03410814277225865
0.027303937860739542
0.032805967818055504
0.03030022437159085
0.03176493899813995
0.04005466977763014
0.04129874246448597
0.03131852919787351
0.033146884152511234
0.03754149129518796
0.028927486149908074
0.04181472531058061
0.03437752038081471
0.029614988080531143
0.034299083393583604
0.0389239196399929
0.02808119269735744
0.02542682301601015
0.032418303917579744
0.039055519718160486
0.03888508403359837
0.03561247899810583
0.02909475284159644
0.037358930030498304
0.023954482950558024
0.026641340991127978
0.013276961110635687
0.022297857722211756
0.03363963568337206
0.021456376869359813
0.03142656024923451
0.0374520465652536
0.035326328262957375
0.039577150258254416
0.035462488737960866
0.029707950666539664
0.03875105850610018
0.04167327928779232
0.032459519801357146
0.026809633221101747
0.033182208561215426
0.0389579262873712
0.04143686321207188
0.0387953255109426
0.03647351635419878
0.02492621319095249
0.029755141606787865
0.030775236234814422
0.024787656148978723
0.030994995067752527
0.02996213845344032
0.02897696999589243
0.030669628560515624
0.01897934702564872
0.03866914609371766
0.03134689283326174
0.03884057240013811
0.011240376595114666
0.03642050427808492
0.03460167490005212
0.012971836928997378
0.03292351817470299
0.036232504688607926
0.02681349131215363
0.04134102356556952
0.041184539322701344
0.03342656032109801
0.01558515662617804
0.006981029240019026
0.02184264266063045
0.022008755823080945
0.03532206877967416
0.04169789334723794
0.04111511493838609
0.026234839809461927
0.01856834949584904
0.039684142694406295
0.036270078570301865
0.026465336740830472
0.03175110299887184
0.018470561397351513
0.025953747860376453
0.03940585403703987
0.038740671853780086
0.03187492491532103
0.030448583767876417
0.04164059964303218
0.04018486214007127
0.027906830278332757
0.03052465467992253
0.03337363810454792
0.025534661191408046
0.027719353363218936
0.02571701722357295
0.03816719471286827
0.028405941783716245
0.03205597369034019
0.03232313026253989
0.03756954245442134
0.03058073142069177
0.03788703035859178
0.031235590724044277
0.03159831092747825
0.023808993496956646
0.022429135137363197
0.03999613890709085
0.03451432051708564
0.032638893497060825
0.029670727300407648
0.035403402443020836
0.025371087863637246
0.026573467503067355
0.033308262106340226
0.03127475821064447
0.023195862599616295
0.028839613992411736
0.03379975632268489
0.02671852330786253
0.018739127285141263
0.03435943458118711
0.030160194488959062
0.03440984898645377
0.032119821544644295
0.03540182213416346
0.04037173906103748
0.03698756404491006
0.029053414581913878
0.026989682225193865
0.03447385324033156
0.029890818446472907
0.032072915730670844
0.03610671521088305
0.01936897123322248
0.021616289414504067
0.02876988201183932
0.03697307509221273
0.023833451381944534
0.03275692707381861
0.026868609827856733
0.02999678790194518
0.03418064173579942
0.034376739137767585
0.03590704471868697
0.03708534164485511
0.03700986117885508
0.03718835432324371
0.03871189554742893
0.038451886390642814
0.039557476198125996
0.03324181035080571
0.0349081316994932
0.018376116993090445
0.030266836033693706
0.032461255059810144
0.024111848845853903
0.030079015465230428
0.023706033067468685
0.021584449648415854
0.04169908345187777
0.028820927655243248
0.03395698391304909
0.03725850780865427
0.03944511971279871
0.030269149753172804
0.038132205273300177
0.028675237065333724
0.04139554463941844
0.028542645199413387
0.028106707058213908
0.028546607015938814
0.027971168545585567
0.03535513193526501
0.02786190858667137
0.018275365048307193
0.025514354837036388
0.02773576156080856
0.018143609986063985
0.03074603344084285
0.034113822535078324
0.036367341628432207
0.033225386673065856
0.026773461711928934
0.0202029219995623
0.03482747236748027
0.023534354650673352
0.038449939015718936
0.037747371413295545
0.03097233746173753
0.04074745141642462
0.04122225539397897
0.03575855104034814
0.0320306691176597
0.03438634920982453
0.028382849685153203
0.029835396102285132
0.02768492687930848
0.03542372168037652
0.024170156765045418
0.027742104269863763
0.02242053976914924
0.028293572983175613
0.02737454707206359
0.02366803923712305
0.028878279433631016
0.030238974019983707
0.033333731449064284
0.02689504541512586
0.03908015843571038
0.04076263211979454
0.03860284495273175
0.03713981977824477
0.040618098197957773
0.0292530389050437
0.019506050783282578
0.028176815022505644
0.02180159305096769
0.03123303332686208
0.029323112701590937
0.02718316352025187
0.04074176884832849
0.023983271214883636
0.03712137708248444
0.02880993437397328
0.024526273765087106
0.030247581972228245
0.011763284415927389
0.017272028228066057
0.019674499306960552
0.02340241093289795
0.020876309665503655
0.032179936704364004
0.028040111272960418
0.03953382245245809
0.03917779718754936
0.025737962424704667
0.04141755871982352
0.03257863368645516
0.022877590108226067
0.030095620435598828
0.0403723622762566
0.037699726208668884
0.03868842164453574
0.039152516871460506
0.04070561977629683
0.03405440017684879
0.03225548280912872
0.03670705601461388
0.02954294968696616
0.03196846424798973
0.04117096293518039
0.0316878811539158
0.0367943674475222
0.02069784523510604
0.031919983192699945
0.030274169367218013
0.04072249432231109
0.034598863948866194
0.03691588098046493
0.041600632065145624
0.02563121396188638
0.030458949024418123
0.029405453081578287
0.031531937987775135
0.03653039189420067
0.031170581868165327
0.03428502319614211
0.03344929069815796
0.03760243910945138
0.03505251094741643
0.016579583945718426
0.02406344295087044
0.02554134840763111
0.03926190142897756
0.040304600673908904
0.019093194764905733
0.03547798955404425
0.038390876683958214
0.040881685713958775
0.034366569697959766
0.03883590914070023
0.03385679427264367
0.03424277419166342
0.025377703560168302
0.02949886346388884
0.024033559985105323
0.026957749526458095
0.02171899423891447
0.027230391445083903
0.027125581323608636
0.02778191637389779
0.030295395186067456
0.024744661127312977
0.020488661115663425
0.026128165480739242
0.02202163031922627
0.03807974603837238
0.02747139645512118
0.03285514979816715
0.028795763996390233
0.03743362430396786
0.03295752499761996
0.030307052851038203
0.03594424856663437
0.03468439411872021
0.03395977200555709
0.03412608995270329
0.03234124244459385
0.034465224641195155
0.040627331972230424
0.03319647228928287
0.027264578043314763
0.024836997433264774
0.025354402224597342
0.031303605398934814
0.030497299706614415
0.028225521674585044
0.033549708017544644
0.03597584429148541
0.025028321141037126
0.027120109542522117
0.027979044804460323
0.026858271377850202
0.025668238857770986
0.030666323865327923
0.027685620996558892
0.03142594485867559
0.0310637769570479
0.03088851068233791
0.033470728399341676
0.02934938000101058
0.024395944322776274
0.015112025100820266
0.02566070590505656
0.03569667441430027
0.040343700863300413
0.03598410117358932
0.03006580505773958
0.03318175121719767
0.0337288111688338
0.03508757072707735
0.02264308622598959
0.02998445949620076
0.023475596782699476
0.03197610310877353
0.03584650646670168
0.034105359039988174
0.02991128717994927
0.02921125313583787
0.02120399897710915
0.04001875900126545
0.03254485825362803
0.034826548957022266
0.03211946139463196
0.029367602583951737
0.02423712777537799
0.03403257850561348
0.03174843784651267
0.0241941580809273
0.026347259828532806
0.032714324757621184
0.03950184118810155
0.035690823094812175
0.024772584946884668
0.03660892696691119
0.02626072769059353
0.041043902708494666
0.024067398091378422
0.03218139728597532
0.03399760358660515
0.028402809493762785
0.03946162617981619
0.03854755439690338
0.02253893341825765
0.03320628251445426
0.028899169184100213
0.03645119148520883
0.027394709173545244
0.028275848479461622
0.024549520061437295
0.03042093816303185
0.025450515070583987
0.029464547727417315
0.03356265732541241
0.04151066479372842
0.01743697876102678
0.018613943632999952
0.0383246990436288
0.038761066458324694
0.03031920564808105
0.03618571006136405
0.030797506378250836
0.03164464065035338
0.036282583730222806
0.02554773934225877
0.021251343321593175
0.041853218599110134
0.03307619020443555
0.030004469088549382
0.04033562237666183
0.031704680859202417
0.032829370711300564
0.027097478377885995
0.03292395879040212
0.03467433385459625
0.03841073124620324
0.0
0.026629681055637882
0.039029482880687597
0.039080027824206304
0.03642458265265369
0.03053184278061589
0.034646583942255664
0.035151322300183606
0.023357771758243655
0.020437570314863734
0.02915323603392933
0.03199211358116246
0.030840309054151135
0.023172756465028078
0.03848163845758343
0.029904696326129535
0.027354546534046793
0.038482360944463945
0.028527315300101528
0.03690314955538935
0.028821106086729234
0.03895073579292177
0.03170586389271985
0.03557420985616723
0.030611436340749344
0.029281999634250502
0.02799546116780405
0.025655172119265466
0.03691978440349198
0.04017239972800043
0.026074864068677355
0.02130837287265266
0.02653635717923158
0.026288238450621518
0.035585885398382026
0.013641579112210925
0.025488928358567444
0.0324248283382741
0.03056925124166626
0.03235779724988147
0.03267787687465614
0.033376895913176934
0.02882145251520131
0.028647140093412717
0.03820882977858308
0.02302751887083964
0.03160596764799202
0.024849667790669255
0.02716048352842123
0.026425842909349004
0.026518020230427385
0.028734607374071453
0.02383423127091397
0.028780055459519227
0.025206205264946574
0.0335854758239676
0.03322518519117169
0.03190436266553137
0.02632112181309909
0.02967886545824974
0.021586918602709386
0.0333055206854941
0.021999617257161548
0.030287172591324314
0.03259666947363813
0.027494582140624554
0.033062167506650454
0.038854854609549704
0.031058068497055277
0.03612008015323768
0.0258678046878583
0.030924906303019327
0.032870413459636046
0.0233480249678965
0.03293704750209555
0.02775427017673767
0.034300719659311724
0.0270564583158428
0.03899497958414399
0.03692685059651405
0.028064103052977896
0.01988869079924467
0.01929435861365959
0.028908712716330102
0.028449644766347402
0.022101903872101154
0.0289459845100049
0.027957595692937605
0.034415320508393174
0.026776666600644893
0.030314856810301945
0.04028191155114177
0.040927060626513315
0.0268509723125235
0.022814467008730587
0.038791061392372386
0.03236948660071996
0.04104601597371456
0.022716005215916615
0.02449098554069181
0.02903693693748673
0.0345693970183595
0.026003272204561906
0.039982976379303724
0.03821860522552756
0.006793263638340571
0.023393765077848253
0.025557789011080308
0.02556452955852871
0.03291641065625903
0.03532804427726332
0.03054252048014381
0.03233230954620833
0.029822340181447138
0.033660211393786305
0.03212074666641736
0.02757354081731409
0.03675582762094463
0.031061847896290934
0.028926901264866627
0.02450107349312578
0.02804243756226382
0.0322755095207874
0.03437981461032052
0.03177938236105295
0.03565612301286617
0.039028606500193457
0.02721860520688308
0.029193292829423883
0.02515772236590594
0.028602015857670856
0.032406601311322655
0.03422704220349753
0.028112288491689803
0.03812041594221067
0.03480453688846944
0.02417180198599185
0.03107730508395557
0.02299276621204231
0.03155773620477814
0.0377805083688875
0.03014544136816136
0.028081244841352757
0.02651617394023068
0.0332174459162859
0.027633223358133476
0.03451810981049575
0.034487126284438625
0.02184846201249388
0.022623869711331603
0.03299645740817942
0.03796403877415987
0.026739879154025255
0.023445454789361678
0.02518377957023329
0.02809591700469836
0.02463360703927772
0.036306401300176566
0.036064038350396885
0.03695760827402257
0.032638358508363906
0.0358370776316898
0.02767046057744433
0.020648701270547347
0.02786177562433183
0.03430492430537404
0.03233746950213053
0.03675638013718063
0.031904328823250644
0.038799782105189
0.03562761563613507
0.037481242760650506
0.03138680953442067
0.028119763410549885
0.033587743969465046
0.025114460163663237
0.022860747919385128
0.015501050843410573
0.024331382118488874
0.028119832774319772
0.02866764563229581
0.024299364733482577
0.029677660942617163
0.026626801242496424
0.025693584939679003
0.028919696192691118
0.026126421940043092
0.030440744900450775
0.03380678480701249
0.04101001540861115
0.041796692181569846
0.030316930353985343
0.040461030909178096
0.038256340999923054
0.040898039276797235
0.023351279640209263
0.030144884571165032
0.02709506743763515
0.028523512734567078
0.036586067289429806
0.03479267261164947
0.04040912490953667
0.030117678854459744
0.033182199643786776
0.0328939476614977
0.022032516283368542
0.03519302353979401
0.036471499688603984
0.040306625329238364
0.03084837590557779
0.037223229998699744
0.015007786387926256
0.030126240402367582
0.030683194870156447
0.028240753178031437
0.023529586464791113
0.030173413456845707
0.00891040271256029
0.02716797627962015
0.02824960761950955
0.029917134191337555
0.017228636372330866
0.02608045262064977
0.028858150652425918
0.03074183836549139
0.030139812832240636
0.0267611317219735
0.030105140589090234
0.035075563877327805
0.03480079215921309
0.022113737187549304
0.029677837167581985
0.02473280694293847
0.030468687422285232
0.033402665651473096
0.02931482436613309
0.023961503990789557
0.03947926426540745
0.0101803626685153
0.03612694483922661
0.0
0.0
0.03982626069642455
0.024011980984366955
0.02181784598003202
0.03624947261533612
0.02680827215877382
0.02462547762932171
0.018899515608872097
0.028511507796620112
0.03191990163601894
0.03734251665159968
0.032254987808089525
0.03191502008146009
0.022941672061992296
0.03578411603892855
0.023727308515482503
0.0327386449398872
0.02963294457609641
0.017093566715653596
0.03778251506075704
0.0366372027148858
0.019724375084650955
0.02374930898357954
0.017712777635242805
0.024750621044362396
0.028526252755101414
0.02496481967383179
0.037801389866905795
0.03984899132210092
0.03075173841118571
0.03442659370655342
0.03888081382044366
0.0409298162885452
0.03663244784623439
0.03716185351229325
0.03948488743986597
0.030574149678372995
0.03272704873336307
0.02031337772530972
0.02424972987313463
0.01640252136783317
0.017221819231428476
0.017490936522795045
0.02848093174443638
0.0333967047197868
0.030999444114751695
0.02427143990454636
0.03316022117246224
0.03713617388629657
0.02379981512883379
0.029098991252790873
0.02058407690910621
0.024952261589946553
0.03758302718846492
0.030748375602783935
0.039424533466060466
0.02896416025021266
0.029329208575614163
0.026746168650047693
0.034350816537329194
0.031681839200723476
0.033284678990979324
0.023515411213978397
0.03082259854298704
0.025071000833189364
0.032318496731129166
0.03359693317171058
0.033936188491002835
0.03949319699506003
0.03913391487635759
0.022023097573280262
0.02715754877357111
0.019423166253535937
0.02774804486217851
0.028916345153577418
0.021622283182582122
0.03516206860153207
0.03984383400179972
0.04179880792708082
0.0321246019776466
0.03639648397682124
0.030181830035060926
0.0393702908270096
0.04070538663086987
0.04141939947682011
0.03766457636464794
0.04011948282082697
0.023151382274067326
0.0067422559651795985
0.012093271776074535
0.0079428088545552
0.025415669262275686
0.02476342327594768
0.03267342522481953
0.03608888697978924
0.036819232571068686
0.032719979851288966
0.04059826733659126
0.035525843541666074
0.018149814876190898
0.006730106722779386
0.024188995049402157
0.024017860008556532
0.037708702089836024
0.04101728048930436
0.030310774942254506
0.020986832962598338
0.01804157969571037
0.03351852153614107
0.03446501642999747
0.01934077368255979
0.02989737986827015
0.030371906404768233
0.02526158101773565
0.03413758470444447
0.025163204980464822
0.040153570370759485
0.03526655715149981
0.03578967477008933
0.029016440059365375
0.03652344873231125
0.03806295509804671
0.039965491139481835
0.04185242078404106
0.02517343525094127
0.023413393255191026
0.03183391226765046
0.025554120150611235
0.03689414969877408
0.04181029336788548
0.04052181546586966
0.037320373018075996
0.0351407952495279
0.021036694159491866
0.018760170841439563
0.03938937054572145
0.022157046401765714
0.038705486278594915
0.030784592779235082
0.0
0.018521296795850954
0.02370011922496965
0.011162563471264089
0.028859597395551717
0.028489802144802425
0.03142669299288026
0.029565680400275858
0.033761304896934144
0.03810901798492259
0.037576228017520384
0.03489290444832981
0.03867278281693155
0.038704627703950265
0.032806942101566684
0.02758738315590351
0.018627855098279588
0.013194100002989526
0.02006866910415947
0.027621282334058507
0.021215249540261223
0.019231782714428745
0.027878237239713496
0.028962435690080352
0.03065230662359573
0.01934496951457918
0.03496720868492192
0.04181918395978091
0.03354964722911932
0.03605909295870369
0.030014091801926004
0.024372635968694427
0.024034642721821927
0.026850574914606535
0.02860602897100187
0.03960031635632037
0.034513906189096444
0.030435656381411505
0.036454203211975574
0.036912769243922894
0.0403714500752422
0.03483902563958448
0.0
0.03329169772918406
0.0366879225566215
0.026849963087544056
0.032691872830108756
0.03799516922086868
0.016052445500781366
0.012444627465296029
0.012843830367145155
0.03438698109983631
0.03240705246689124
0.029258784611791072
0.032170006212476
0.032030227265404526
0.035866746293946004
0.03068754518046568
0.030654122222141585
0.03636171694184951
0.03288861844285952
0.03568796372588369
0.03040492564452311
0.028652956541184715
0.024296980517134248
0.02140618237150697
0.03861910115396265
0.022382152055265038
0.01968158000658381
0.03334448446015602
0.0356392579087901
0.040668497884849414
0.03570891343989409
0.03750583993378751
0.03921110432772833
0.018251459772097675
0.027498311808125005
0.04182728238762212
0.0382619906351083
0.03939914506200963
0.027375974108239495
0.04129476671379482
0.03510665560557927
0.027213221189320715
0.02494089588563583
0.03527270756946866
0.025059364102533316
0.027785649101038715
0.03249668726621839
0.032886371756334055
0.030076518528672082
0.0318994263420095
0.02504263303084463
0.02066118358547014
0.02698124435455494
0.034303125072039066
0.023248629866128603
0.014355533642660434
0.01823601000767438
0.02463150194056711
0.024859127573589587
0.031110392264884747
0.017040131546957014
0.02012631417680177
0.0375275351264495
0.027817720342088004
0.026489302184262715
0.022857891760628815
0.03673908003626679
0.02972896193278762
0.03652066675255138
0.031085949664407836
0.02853295344916906
0.03297426712871384
0.021772382256057266
0.017642500396485784
0.030280577113342328
0.018530563529186056
0.02413103573026876
0.03812084692466209
0.024743224811062534
0.02446024609443653
0.03227063885995677
0.03030765492770929
0.027703316486882942
0.03107250335454127
0.026583661526219937
0.035108570086518756
0.02785899969931478
0.02137511926129173
0.020809987117307367
0.024516352573273104
0.021182847483046267
0.019984679150789462
0.03386325242274285
0.023834532517179718
0.03313397642420003
0.023235044576770374
0.02516355750827422
0.021921292008284975
0.029522296139439116
0.030638290830219742
0.02845782341106489
0.03248974012850312
0.029801483189934
0.041510701446617816
0.037966275432454774
0.03267681054672675
0.03877877637432698
0.03173269492184233
0.035855821753184254
0.03463741379319586
0.026091579468321236
0.020176361114405798
0.025939011964799308
0.03366687758621076
0.04171122704678507
0.039985980597859495
0.02792217128983666
0.026451193615690063
0.0350711695112513
0.02957194435550749
0.037254465338298556
0.037418185655375726
0.04151954503756005
0.040985653852548244
0.031831777646687466
0.03231826058443005
0.03204393734792364
0.023494141349237666
0.03288381994869769
0.033094194484686874
0.03398496452491893
0.033910936628820894
0.030092924236437987
0.03171689802369641
0.032104880351682234
0.036275143960846724
0.03303855520188688
0.03252440893338377
0.02733252192411004
0.03049070932623139
0.023601191416936767
0.030591707255071567
0.02818745595381299
0.03186050796882019
0.03171790595625761
0.031853906774755456
0.02517166073112705
0.03825704006118421
0.031416452862888695
0.03292388904794927
0.030507822333136248
0.04093839306849523
0.03445433295494202
0.02845831779380259
0.03780423741763469
0.031187237664796336
0.027798708119300096
0.03269338757149521
0.03588672765095521
0.03622986384721523
0.026829345367013716
0.02817832213599944
0.026602569835599738
0.03195659289012052
0.02629208012495166
0.024592002146700712
0.02246419782676428
0.027610144730796937
0.025643140522044753
0.030095671556423228
0.025082615171468866
0.029623524931631673
0.03727199151943587
0.027737571802811074
0.021171978253115585
0.023600757979422328
0.027048898891639778
0.036686691154155765
0.0391407626514766
0.03650143363294253
0.03321473840452837
0.03584891044182204
0.02537341834741496
0.03338962027438526
0.0261010105194969
0.029448025890910393
0.035956343460005646
0.03687860416167593
0.041465326073081114
0.02371511170316829
0.0317442623713325
0.037038142208862895
0.02804953859246172
0.030404445042031387
0.02712199966919027
0.03725473406429557
0.028124976320823416
0.039339071101857824
0.01702673357152102
0.023188319228059636
0.036444049457696165
0.03002685434583932
0.040131711356258065
0.0303881183717146
0.039490758674004145
0.037716225018444925
0.03049895215735125
0.033864547907595945
0.02690220224548305
0.024073689073659924
0.04029671553669231
0.038321488577032076
0.03210713180204234
0.02511536048322816
0.025929949966108645
0.03177408967758182
0.03387014416894557
0.037874902388011014
0.01959694257616052
0.03261527005241314
0.02474812859484827
0.02990668328897512
0.028793508079548686
0.025361750615722108
0.03573166767594696
0.029498599705115782
0.02889486472876933
0.022681598908439675
0.01979718883580762
0.025533489709098255
0.03436727213865692
0.037026844722980436
0.032417613778548786
0.03532332070545249
0.03136694931424046
0.028658784649683626
0.02703126928540351
0.02337422314500858
0.02590229528400119
0.02854299942692984
0.02674226101866903
0.027074684122695727
0.018209494024409342
0.03356079000030308
0.022555370685493063
0.026340579853443395
0.030413694062564167
0.03481171673730486
0.027051126531297084
0.02329485062583572
0.021185786132414328
0.023806926564312585
0.03282166113626489
0.023658775845679793
0.039797097958934304
0.03420715258288238
0.029026755237155873
0.024189640422047628
0.03490717956330065
0.024686632416310954
0.025304464437777986
0.033411398812203626
0.02259968545588276
0.024707769842843865
0.024635563688497217
0.036329974454494096
0.03493338394895347
0.03009688040174043
0.023435089808074128
0.026793464944429912
0.02989235060413652
0.02521383227206346
0.02350816347569502
0.0310400361741309
0.026262953619818445
0.031974002565527355
0.01765234215507961
0.03172772493137491
0.030544460258585048
0.027936830848236442
0.03061814770233857
0.024920680600657778
0.026803799316514804
0.024009984975218272
0.021962383678462618
0.026471937449164915
0.02502906628552089
0.02939119620311498
0.02720930367933523
0.022448266342860426
0.03538857025396765
0.025210554399122478
0.02686181602846189
0.03853701271385937
0.024768754653671062
0.033393788259694926
0.021461329244946602
0.029979734193840646
0.026071205349218363
0.040500224186300796
0.03502207878153439
0.033316412867588796
0.03406437248382159
0.035869512160790026
0.02602931191868123
0.03282218070316338
0.02470216546821873
0.0337491081395427
0.024065580050798837
0.032133686436823586
0.02875826439881629
0.03211794470800269
0.029401956509806138
0.0275677823009404
0.022893757908323844
0.035532220052336444
0.03452390444124271
0.026315179265611114
0.03922880376597936
0.02627994533437575
0.024660020979760437
0.028592363230939836
0.021555925180214347
0.03364924922877179
0.024266996998947646
0.0321843564433656
0.021881795290580933
0.036587855144488486
0.022916235366244413
0.03364664519458063
0.02262137845186495
0.027049128231076542
0.03697815080963353
0.03776425866865252
0.04034790787196567
0.03821550675519319
0.030929561232924497
0.03605632572198668
0.03127670142498693
0.024352450048426597
0.02754055381869843
0.02360656286125631
0.019518834824058744
0.028795702619198782
0.026055029153057303
0.022031815194395565
0.030111715131168195
0.021442751289771588
0.02805947337738633
0.023013342754026098
0.024291738222593277
0.0253128527571099
0.02310180355037239
0.022557719593966026
0.023440794218271117
0.020796280307511038
0.02937814314206244
0.023804443070990045
0.025456016925958686
0.031001585384680563
0.027479572848921524
0.020318504601095154
0.02599680260693129
0.04121973890431579
0.03263008686151905
0.023576937769476884
0.038837795795142765
0.025141790694230556
0.034562632701874985
0.025711436231802505
0.01954463474492425
0.026973910281904812
0.02180825175085998
0.02958231286088883
0.025744953312364607
0.024309794522289242
0.02331182220809601
0.025091107582582328
0.021779940130140424
0.022141913216015392
0.03430791692975519
0.031094930191302453
0.03780127728974388
0.03193752976795498
0.03385770074978112
0.030237670440858955
0.017571525617316237
0.02592261550690344
0.027113033850889905
0.022719273906325096
0.03295734539600269
0.024916774803605928
0.02781573474026193
0.027761432403386164
0.03427952854142006
0.035037266619732534
0.024179277080897357
0.022266292059559437
0.033178247464465446
0.03635749645662215
0.02231433876273564
0.026016375185032997
0.025771640410900264
0.025723399897090285
0.024872575495280092
0.01953133591181103
0.015933411266371593
0.02971182018180011
0.0
0.030708684380625757
0.023165560961060847
0.02378232697159119
0.0
0.038803449198065595
0.03313472412443699
0.027960723308840373
0.025754033548987473
0.03270869078584818
0.039198662779742925
0.028872375622432594
0.0
0.023314739567063585
0.023058143672873677
0.023634786857511567
0.03528186337114304
0.030072029247759723
0.032080559540858165
0.039153700617060104
0.029605293990867834
0.028879398833770813
0.027135659332325077
0.02320346401811585
0.026985148625244305
0.02467435103006968
0.024385248500447303
0.03161938838404762
0.034901580892773426
0.02345005001952798
0.034003612939666104
0.030740136810421818
0.027094190122381363
0.021784810217723202
0.028513648972741907
0.030452039524636126
0.037147528240630334
0.030762060871764207
0.028060201465999787
0.02927538328234358
0.031967405416385514
0.026251597592536965
0.03377570883934201
0.020500998568498015
0.02385188319525321
0.01986256986282368
0.03135822744312891
0.031896814789097776
0.03240749381557063
0.026817815837311434
0.036454792034742126
0.03634587681891219
0.0
0.013872844973784895
0.0372174730932931
0.03623337100182993
0.03061092857905866
0.025997536628535912
0.0245942798746176
0.039383823080295234
0.031878411946081646
0.033441039399937235
0.034519556455589386
0.03441858784247257
0.02867919055905263
0.03820174578956276
0.02662914735245475
0.035540590576691414
0.030343720300769803
0.017377692095199366
0.02260378967058901
0.02909560572513318
0.02553415551374283
0.034585759650227796
0.03515569594024519
0.029134114721834293
0.03898976634157174
0.03527928768328521
0.03529169381747173
0.03145310260045013
0.03527874069429368
0.030066960652459375
0.01855775255789347
0.024209519125863634
0.035373451409386726
0.02876947442458174
0.01787201155127457
0.02511627716989524
0.02317645971714416
0.031984800562787935
0.036892989485380175
0.021104349041660083
0.040408922462681754
0.023156474703025808
0.029823426527647728
0.0234491461826199
0.015916542934946588
0.027741323079816388
0.022351137945800893
0.029325854387596245
0.02595213945690456
0.024107636666106342
0.031960398673592856
0.023054014609414777
0.025942133104276517
0.040682196145771767
0.030986207939537064
0.0369460721465926
0.03655092041237441
0.031600584547380066
0.03396931472704005
0.03019644722479777
0.03972703206448849
0.02373381089079452
0.027849743415078676
0.014673257767108115
0.03464098030599015
0.023802057999840587
0.028310923117685658
0.02301176869319015
0.01801380932630423
0.023221331746074058
0.03138430206361139
0.025353432798735608
0.03142052928211192
0.018694013777811342
0.030299279646965244
0.03586623625644488
0.02564901283188109
0.03027368429378877
0.02798534900721365
0.013907780723992902
0.030321796227957738
0.03233770127111689
0.031241863400982138
0.028922654371962456
0.03558121299971187
0.02620345474678226
0.016952694824127586
0.017394653226638402
0.03399047621878829
0.029164562330099352
0.020726596921829696
0.027124530822267266
0.035201868121373305
0.037637209160561305
0.037863762980801664
0.029331466131859975
0.0274244171584375
0.023047320476334995
0.020827018947751498
0.03521464662594247
0.028247583726311868
0.0287106560128378
0.02969625675090414
0.02705812502022241
0.02836441559302483
0.039150641631697826
0.02667510989476817
0.028244896305940605
0.028593318698932932
0.02563257869521517
0.03065710003965608
0.02826494334323209
0.03408388956508075
0.024402299474748788
0.020971468004819235
0.034563309593797026
0.038513379500408354
0.029586411363350412
0.0267383493819832
0.02184036738245038
0.03257124473579206
0.039056656537967534
0.02976890290321064
0.029997862262277675
0.038382914498347756
0.02781912437085736
0.025832302673865066
0.021317210186581493
0.01757867319288405
0.02567089011858137
0.033457103732464695
0.029548479385610654
0.026009004189623902
0.018863377518826756
0.020543502783145574
0.02983721754519858
0.036605071438471824
0.030092246456095543
0.031218570803881223
0.027379059655348106
0.03026838038851361
0.015849946925167016
0.03037366473679477
0.023506123940251023
0.02714665285226952
0.020812676865087653
0.027154166561245942
0.022485444834139213
0.027588137243209385
0.034791183493194724
0.03006734109844103
0.02432015101700222
0.01741486663206185
0.030846070789810498
0.02343320761662987
0.03257731098384694
0.027990664281477156
0.027443775031669827
0.02216689035491775
0.023391105881675974
0.026415111844688213
0.025870615320283452
0.035362879565079205
0.02631242677201503
0.03576454854685155
0.031712843361072995
0.02212751238905493
0.024552510924006767
0.012608000327173253
0.027125102183198836
0.02606200397717183
0.032837640082157046
0.03119819087980651
0.025286310201591514
0.025677220839929297
0.02704700114729409
0.031649467917328346
0.03088396713118312
0.029030996002204296
0.0215851641855388
0.031223689952724804
0.03466779811407312
0.026014600998499122
0.024498011446510013
0.023316715518325044
0.027347465262444737
0.016331160115022506
0.029712373862258532
0.03116650260953243
0.024129543068676686
0.030198632267316474
0.025486003233256446
0.0322544553011753
0.027927547251220715
0.01841704526491702
0.022771326786443537
0.02608074684901676
0.02510377924698753
0.028616614256941984
0.017708343312938243
0.023402585035130805
0.02232558578940317
0.03467298516451612
0.02473093447075695
0.017307741440689983
0.01802054680427319
0.025619399478520165
0.03191002807373657
0.02288716357174921
0.037024528137638846
0.0
0.028648235980771968
0.024663229558393205
0.019744486428177818
0.023203429354652076
0.020823151433560717
0.02284104120043562
0.023361845437484187
0.011566217467262212
0.030052390955510672
0.03138347266103016
0.03746851073854273
0.02386281981582429
0.03555289439837515
0.04099905592867328
0.030417474719239456
0.02335793297708988
0.03155725079122092
0.028575830683463973
0.03265349048371399
0.018775033384346634
0.023072747707197836
0.029942292005831678
0.0275176945648299
0.030598632502526778
0.03526997622397146
0.021784343130790227
0.03018496593297735
0.03599506368022907
0.037650335029812784
0.03255301761031061
0.031285435479451035
0.034245327774165064
0.021169448313286043
0.02825326514528909
0.026143232825341225
0.02972131085820401
0.034524326712125984
0.021449366646956177
0.03093331369492686
0.035965203694991316
0.03422030865120415
0.02377928839053015
0.02061435126616891
0.026578134588834842
0.025075529759552944
0.02717944117399422
0.023383904972437655
0.03427401569762157
