0.0384098462897943
0.05096400140355174
0.047525454501833354
0.04428478856785929
0.03647566386400662
0.029559397750641456
0.05251814813445188
0.05502649888973948
0.04166532443194942
0.029289149422420748
0.028431200814910677
0.039089827526352636
0.05759759746658274
0.04540130977934443
0.025739660364244615
0.06751925419207704
0.07057440029755832
0.03085008865782328
0.04430935037451028
0.043367739881847625
0.04917012699165015
0.034029945847362165
0.03782885886756594
0.06107262254151431
0.026240241132022106
0.057908625500348324
0.04083212542258395
0.03172250619332585
0.0582471400891489
0.025706267317524012
0.02066881198405518
0.024194538130394707
0.019714154808298304
0.02230089329725671
0.02039774456554228
0.0693227190282682
0.05170615821931291
0.0574706747203267
0.052994812243390595
0.06515436818604126
0.05896449068390427
0.049554733665768
0.052875969281982314
0.04170221515256765
0.043264804182756064
0.047545150720715516
0.04987945157688798
0.06046921469994931
0.04041802430945879
0.051053673766493564
0.041876755574476496
0.06438688652911811
0.03633146735104435
0.03769790435342532
0.02901967352118138
0.04316816101381672
0.026615435679925054
0.030578056609201903
0.031080497489940857
0.04156167595369565
0.040492310638934916
0.031311989537755346
0.020788114750714848
0.03247561624083865
0.06255821856788889
0.04431099656092404
0.025745214092461277
0.02264696608574516
0.03052058606580155
0.022442432550367118
0.026493398385258167
0.022131403053378962
0.013378916485774607
0.04882568445285743
0.025411731295691825
0.049441946258621375
0.06301602334786072
0.05751146687787088
0.03554689879581618
0.030039661316333108
0.035816448763103324
0.036468254467687346
0.03654297876966244
0.04892183904517997
0.03306049292017586
0.031880345828739005
0.02302307623523265
0.03374265155852462
0.05233117542737897
0.047322761294633815
0.05072400399968438
0.04215120210961621
0.03880339613075123
0.035154541018906776
0.05091647211214595
0.0350523157611908
0.03548145465444666
0.037188660827260196
0.054959690010101064
0.03575896903897852
0.03826372335518983
0.02257601923388819
0.0643630236286721
0.04598845653900547
0.037647716000741654
0.03720447936200202
0.035890980109527515
0.028478171444576077
0.02580688244636738
0.02921585331754833
0.02274845319337265
0.03525102611499416
0.03296349008794088
0.038770390235209125
0.030008011195179176
0.03131545291010498
0.02855962441061898
0.032857197100029045
0.03448666627103871
0.030672165971501467
0.048423727825606326
0.06294913646168579
0.04260690421584394
0.0410359137176559
0.0642555707488361
0.055556905074220835
0.06204315181027015
0.02066458993557711
0.03696528822750339
0.036413141543653244
0.024573520461599847
0.050103079267846955
0.055558140895760055
0.02989826367287069
0.0386435752256191
0.024172205702992385
0.03350305747072452
0.029079429568114826
0.036850426717687616
0.06837256361703545
0.03492002167958087
0.05367734865223266
0.05321884840655607
0.04506964675574352
0.03249405011017406
0.03006301009916039
0.03738897836558554
0.026492040802978317
0.03604648863316128
0.03307381175015124
0.0391782072575644
0.029233430015852286
0.031151173862684903
0.036481248532316775
0.03155520667275049
0.029042634147615223
0.0308056845746645
0.046006176336418174
0.03996721387978526
0.042976155806221494
0.03941030889196373
0.02426890385220362
0.037763293327251014
0.03040926263492757
0.024346279095126138
0.01966535813443414
0.01838229696081412
0.05307058632319319
0.03469043167330149
0.03837424875449972
0.031065503418422173
0.04066186436100168
0.022383546561406804
0.06527920889532894
0.03301617474530476
0.02569888107776076
0.022793506018064798
0.025041378726420056
0.051920765148084067
0.029940710818424122
0.03241578620922992
0.039996890275213914
0.03564513829564418
0.048684606122586495
0.030472929374522277
0.03929496101757196
0.025294851433691624
0.02589470735289268
0.03283931468216121
0.021254934208393226
0.051929600887751
0.03539921158500562
0.02945856285742742
0.037928303147737354
0.03949967291105079
0.03133247749739876
0.030351411786677156
0.035892127883423164
0.023393371487572184
0.035203089890128984
0.0352938803362212
0.032151520311059986
0.024793489234967412
0.0321516138198726
0.025460359685859392
0.042116539598119854
0.021722888410358472
0.024611487103473575
0.02660773647936924
0.03094124827346171
0.03151230862518472
0.031057072456366543
0.04018995127024173
0.03434452215382249
0.043511989165199036
0.03853973226335085
0.04197434866416949
0.03832695182208597
0.06604519100191932
0.022325534627939684
0.038697780887636174
0.05260034446199002
0.06084474538692717
0.060554363937856424
0.047212509706644444
0.03285880154349818
0.03535926260003336
0.034616886838715624
0.0197031650475248
0.03904268070765638
0.03932023460367956
0.057739656551928774
0.06186130798653996
0.06376216113338698
0.033340147771784734
0.0296334716298985
0.0490761962156808
0.04847924456403997
0.045449980733795727
0.045615764599902006
0.06404087141490035
0.0702153795797413
0.05709707362063314
0.022280557837620563
0.02537031657709904
0.03240934534420589
0.03230310887225098
0.03776545533371072
0.022253968747169565
0.030706039573189466
0.0463692570398211
0.05538920383853157
0.031125492827965805
0.020653296716263
0.02326538298765405
0.03280183795168192
0.033689824892177776
0.06508637429005161
0.039272225155762466
0.056662118535782485
0.05328074267772552
0.04215887787556797
0.04268154613580091
0.037348870776010436
0.046070474486464764
0.06222727715057073
0.03166467700144041
0.04398354923576542
0.03755660950069243
0.05315128421251932
0.03535179748347321
0.059628520789971
0.02958553148288872
0.029242838705613013
0.048171320195319556
0.05320366695537902
0.025972355254085915
0.0403013148296678
0.03359564032076928
0.06923394205071383
0.031065108759668027
0.027205964139831132
0.03308767992909151
0.019494616136228198
0.031476198371467985
0.022836469937847725
0.022317587011144415
0.03400771787403558
0.026495292665763146
0.04501389384534514
0.035738585787912745
0.04069989078412861
0.03313726176912563
0.02228094738909355
0.02727790916886777
0.03149696161735295
0.027432106521778868
0.03509711010984382
0.037522890642746276
0.024918864859557504
0.029747796370300967
0.03672800780548814
0.027863264353485597
0.03154714992724539
0.038806077683245184
0.027650447627581475
0.04360245804512106
0.029209171672823938
0.036040135666904685
0.037620058091100514
0.031590895907242365
0.026549229887606884
0.022007105987839476
0.040975237882842776
0.04311093286662473
0.04169778712045043
0.021741880546386382
0.03945356349303432
0.03684078342267876
0.02062090575292732
0.014606401734285322
0.04838110676395899
0.02603596452398957
0.03713464667611638
0.04156243351104458
0.054179929469799944
0.03440971415953767
0.04230283262844963
0.03236927147488804
0.033690010566932126
0.030823966142688775
0.03340042139423552
0.053896878874754896
0.044634568830921
0.044816383446235376
0.03144269633617462
0.032231532608805624
0.035658066320477265
0.04301129660031187
0.02072288978400455
0.03015387081702781
0.04960333367605225
0.03473851484150014
0.03590538796811178
0.022811969600677235
0.03350506488857316
0.03865316616527029
0.03579464333091612
0.031118886037617487
0.024487670265416758
0.024492415631986977
0.019447446780927014
0.03180046490915503
0.02351316823371038
0.03256291325173472
0.04419582739361545
0.03451947353192268
0.0286322337427759
0.04442982297041214
0.03789970962937457
0.0322867938086622
0.033793858680905314
0.023089922966283125
0.030209749415233904
0.026736741886521854
0.04551495297596956
0.03596621497574635
0.030083647696145285
0.028811934964211555
0.03755897709929846
0.06737685066359136
0.02550069092956123
0.04133225300321773
0.029733489435824118
0.021909870036761425
0.032648649581754834
0.031244027981199865
0.0396576100702375
0.031391950146777696
0.0292305008176201
0.029914626689297
0.055933235624093906
0.04434790561218757
0.03866101307750342
0.038312666498300556
0.03992929262796928
0.04044122962630464
0.03683623920271993
0.04777507054781696
0.0560249497840521
0.03365199362593546
0.05197574154853398
0.043789527440613256
0.03598457021659892
0.04885677530144235
0.028039530112051122
0.037168549671430615
0.046522220736456676
0.04721831404620036
0.04073975663478486
0.05160901089011065
0.04151176902614491
0.05065910383810582
0.03787203533611585
0.02216461452405613
0.026274919714434988
0.05273317924384293
0.04504249928072862
0.027569360353706027
0.06405042018853681
0.045332159496138474
0.04956860218661302
0.046932035548439645
0.042308078546301336
0.03508514319925884
0.03880945186178882
0.06572010768275811
0.03051349616490423
0.021146456065144027
0.030922448985809634
0.05147341198949216
0.039147194307191435
0.022655337779183313
0.01897307033373599
0.02024603791331779
0.02225603168182103
0.018089507729313403
0.022266796895826717
0.03243619323807556
0.03252079576209661
0.05544658480766272
0.04203561743474219
0.037970523715771906
0.018238504120556505
0.024267194989670015
0.02907262160330383
0.02146873622270294
0.025851727431401943
0.018274994202765536
0.0221383420989217
0.019382342428096694
0.0350989059709844
0.04962894664127201
0.039549702810514245
0.03394599444430079
0.02874239354836146
0.03721556365447132
0.03311946150769975
0.029497681285145114
0.0240290963116709
0.024169299711732557
0.04441171541595183
0.06527718975118714
0.028071570256835376
0.028961211907979408
0.05830979147227335
0.03979808180973553
0.03161592838669142
0.023140231205029504
0.03779891071264488
0.019355420885805295
0.02504633279433225
0.03813286069291154
0.029503456040493536
0.031040884259714567
0.02399573966482853
0.023373050799300178
0.03094859006840573
0.04400945770945149
0.050589751781487335
0.04334361546842855
0.04366371276268461
0.046868480519294604
0.03710544877927104
0.054952123494911326
0.04671103847593195
0.05246914654055696
0.037174015167407745
0.029637104675652
0.037525264880810656
0.043640024148566894
0.06098466816903662
0.035358136142902015
0.0335224783876431
0.02634431568576244
0.02490732614600244
0.0254121962654199
0.03053734872061497
0.019016980254498814
0.027643900957082707
0.02368678484349916
0.03282438809787622
0.03677176291497318
0.02780371483772944
0.05270646386091766
0.0554914177463507
0.027773628671017285
0.04196865082320373
0.02980622516144911
0.04907011902899769
0.05404243985517305
0.060590962624846534
0.03246517200208556
0.03184786103100173
0.04476755318447723
0.04576420404246095
0.02612160966624294
0.016216945352178918
0.025583147565015008
0.05848570242520112
0.03332752330754567
0.019673303338506413
0.029444763139290012
0.017348112683004555
0.014526058290151819
0.02233683031338349
0.023736748084257707
0.037559782141327804
0.031210037308692852
0.02249283090231198
0.039744323638155506
0.06945963287551023
0.0324962837606087
0.031347225044651095
0.042758709698960735
0.04911835127907895
0.024156912252241574
0.034247686259366465
0.04045906435744653
0.035153172240922986
0.06458828735537117
0.03602768464785101
0.04141071265143352
0.026896242594355975
0.03597875504116975
0.0367000221907597
0.05372853269689912
0.03284219143043173
0.035023259932543384
0.032475495954975044
0.02554297872152152
0.04403642414240739
0.031060851086858503
0.019969831517457952
0.019915810328619696
0.05404293965527169
0.05266574895663471
0.04957471986244605
0.04374550292220515
0.04902575836868808
0.05184777907490343
0.04910535261470389
0.02633753377994991
0.03746415745221614
0.05342802387318229
0.036008631211802526
0.04907988040490732
0.05088429175999866
0.04478064043827975
0.045376749525500484
0.04320087133704606
0.024766809174107705
0.04110625913477843
0.030747046303262998
0.04071931524227782
0.04946867148888269
0.06796695475759088
0.04141768095063856
0.042759321423081524
0.030310088073009635
0.02405162288602117
0.027963306048289838
0.035934499314276426
0.03824692676470099
0.022298688286782945
0.038528913803211336
0.025358668222005467
0.0432540101397434
0.023631166312361493
0.03430769990050521
0.02730676874903226
0.05173548878587705
0.04022234948314737
0.054190009925273605
0.07084826511405364
0.034598679792370704
0.024587568335079857
0.03234568979481499
0.02127344813302576
0.030640808614583858
0.025067431581436483
0.023819815266771575
0.032383458963219154
0.03731970289645657
0.04311860133537263
0.030187424579160443
0.0406770700226897
0.061042297298016274
0.02673562070856446
0.04306667563634787
0.04808574141263184
0.03205682767392346
0.02512850252168289
0.030546658232648315
0.029993714607392325
0.043442902470266165
0.02903556648517467
0.022249043166966867
0.04144781017383491
0.04375843252784999
0.04331970481432209
0.0692570630450405
0.06529166356094496
0.05112332580605672
0.048088635751794784
0.02546259237338832
0.033529816502529994
0.02828356232280135
0.03870497165862552
0.03092102281149334
0.018272147743031052
0.05269031005499878
0.04761655895035366
0.05316590572473615
0.053806888252996087
0.053668187133161085
0.06524385594031064
0.03310575545967132
0.03146523908661393
0.033283133589786136
0.038119012883628435
0.03328457886356683
0.023025083626340984
0.05267297117915416
0.02670120814994454
0.03163396745884878
0.04024622226215776
0.042375806945945095
0.03867886281722023
0.04562678048032757
0.043312647781450594
0.03470341079024757
0.03475169251540136
0.03906507379520738
0.030473657302476937
0.036109551560340535
0.026540225557946315
0.02951328093512403
0.026822170950831413
0.03016903101889841
0.03834175841329602
0.017685533064061162
0.022197418748559187
0.05288189383611791
0.037096768214047365
0.030684345988431574
0.051534392400027336
0.028254570277311864
0.02521077016321042
0.048054140863821516
0.03043765110360448
0.03054748701846236
0.05935363030164614
0.032879631012503775
0.04442855249603797
0.05016086339930542
0.058206619940539425
0.06171084493253372
0.04184630930111997
0.04798050941676735
0.0323243248974473
0.03056612095841479
0.03939331644276729
0.04057009644293645
0.038004783888018624
0.07212065750217278
0.045744220799488
0.05797645574713925
0.04088638244892801
0.04928966684052544
0.05755259234414366
0.05099473533769539
0.03774452863185101
0.04316650208178095
0.024737861769171206
0.01949817445041687
0.018420489096564917
0.024202625113933937
0.022820454595725202
0.022499028756621676
0.038063882222288126
0.019601471691192602
0.02245801613344331
0.04036215035827192
0.02010668645721839
0.022373798336943636
0.021843224664794002
0.025097343698177357
0.07324760035412525
0.055823093253932296
0.057904202540125224
0.04508491429354447
0.038263054972976225
0.06092713210865511
0.06678810769890102
0.04526328115621442
0.04888791176800931
0.046857786276348935
0.03526534352663036
0.03747048033963162
0.031883356656760946
0.042281080258343734
0.05884010696976891
0.04055681248242252
0.04984545594794964
0.03680426310407003
0.05643208880697226
0.03494139046231565
0.028665662767305554
0.030625648047565217
0.034754608861631606
0.05407882572430734
0.034964006527605014
0.034934379650360975
0.053166012020133706
0.040692015402931415
0.0609697428991108
0.03209905898890707
0.03308473218196725
0.036845734697358495
0.03229745524875919
0.04225753167264275
0.05203576973481327
0.027743048562277474
0.02917531209201824
0.02329328363141043
0.022453861954386967
0.020950243634440188
0.0317774923285826
0.04036754358087199
0.03155192654693736
0.026927911264383247
0.024902828034404276
0.034491805506686894
0.03179416362227502
0.054156715745192215
0.03129379113881859
0.02229587966169735
0.034311592908471404
0.03503808028209307
0.025266869401121585
0.027912472881013825
0.022788535226683074
0.02945528041081932
0.038372266693957734
0.038034908057617195
0.025065697056367624
0.01932863208935262
0.040146789651384324
0.026886501910810167
0.03231133816286484
0.03827527755941162
0.03249062668389916
0.023626541740699152
0.07393436314544281
0.03650057411725041
0.03805419996741486
0.022025692497626547
0.04023627383965864
0.04648093969238895
0.03587587497965101
0.05268990631117113
0.05228525296231563
0.043277977108022246
0.035384266381543066
0.027460072509413055
0.029259234738796568
0.03126704990880987
0.026051407018943595
0.022720135241124713
0.035948762730988314
0.023977740642799072
0.02965512392300675
0.04565549409435836
0.0493061867378772
0.038995815001420374
0.0472817316188293
0.04227168752013576
0.034097169577363744
0.0647193814638436
0.0440618897826934
0.03625513333363982
0.04875147131967742
0.04473617406484371
0.049227990891869515
0.04421408807933844
0.028308987931176623
0.034127565425034305
0.019782136638897187
0.027392065298792786
0.041361750436695696
0.027243667829016223
0.02244453629629168
0.041787770607679
0.02946412026092077
0.03910407981672114
0.015418713824440716
0.020620744285522
0.02402836916138003
0.03442863813745761
0.020415134677216475
0.038759662769430825
0.02782424634299294
0.029726723409529487
0.03711906229368543
0.024748893690201296
0.026364930935282662
0.025335345632797927
0.03959283860194914
0.034381457838855524
0.04148196591759954
0.027009827193079216
0.04617560133750291
0.0247814834750106
0.03325311176750564
0.04238233961879054
0.04198259592974216
0.04287604484295393
0.04339609471139075
0.041567918139834716
0.06735138917770492
0.05106972563380872
0.027614182780321458
0.03895923346981508
0.02624706982376004
0.03784637631266706
0.030753073995352074
0.025151917708878157
0.0229225936609131
0.03456437990550423
0.026029597369575715
0.03263532154889852
0.04100255637850522
0.02308803161419623
0.02698002710441977
0.037942501842656635
0.03213455735848279
0.03140290655038958
0.043064602283226734
0.03391144855708762
0.029450272928489153
0.030949099113463732
0.02036462568900114
0.033931284841803806
0.04149813445148586
0.035300203541374926
0.05191593634487926
0.020198697702794886
0.026395286134291315
0.02494037319733249
0.021378647621517127
0.0308924532544762
0.024912635769825674
0.02638547215377776
0.03074565874538225
0.01966632364107632
0.02522444661682397
0.022786134458536347
0.034522133907908335
0.03706597218895654
0.04439072401758676
0.047676903216468475
0.012846701318929201
0.04764206433016944
0.037898634389975094
0.032171173644532605
0.04988351707366767
0.03798495781967514
0.03192868040388356
0.032449969162157935
0.030860320664442553
0.01997263545679438
0.03542553072732293
0.02222998412055221
0.03723140881478077
0.030824401570630617
0.04385999714076026
0.04307714863033515
0.02370629888363009
0.03337129571068528
0.02327129009437941
0.027920125373584362
0.029066324028943796
0.048809189498181464
0.04006568243322467
0.031459790362302134
0.022515403389186187
0.03998256482909146
0.03710977970993634
0.02204085756296957
0.02976356124630409
0.034676779905651586
0.04487958731539324
0.040925255809371466
0.033410756618378154
0.0627957514842544
0.0283460289613025
0.03677589116357348
0.03447231709647608
0.02258017056097016
0.026476705682123288
0.024407703233303216
0.037251607953550044
0.032775074745338015
0.03473366881995687
0.034952736409328555
0.028041518056069702
0.044863525321245074
0.03119697422122852
0.04131634632775514
0.03846982006960133
0.022547748432653367
0.03127853372389228
0.0397959188762828
0.03291187061779922
0.027129134749656135
0.02263907508456218
0.026714159692239996
0.02771089966399099
0.03091061280626588
0.0326219491115415
0.03946446694967698
0.03429229549463553
0.030436299491396774
0.037072383904068314
0.03673759681072646
0.025320269010792314
0.04084517912980129
0.03913718388447741
0.05440851255891134
0.03381079172545952
0.03667558625554777
0.03869310002733906
0.05249147115508593
0.05289902920733164
0.02229006171418606
0.041956056437807636
0.03210402288568275
0.038230347445615716
0.026990859968643102
0.03189363438832671
0.037337292847240876
0.02495253673134033
0.04564977348629893
0.026218258962457816
0.02492612985148984
0.028234460383722588
0.029710925834204902
0.02459968449453417
0.040428551931377954
0.02691654720498234
0.039842683307635046
0.03269473665362819
0.039700800702071826
0.018073013589941872
0.02224528381977222
0.018029187120395175
0.04044132321227885
0.038639309714618646
0.022222450412439528
0.027059170460821187
0.017392449625212532
0.037755471809767197
0.048921972576905046
0.03150746334865231
0.024334021994821244
0.024984939808256938
0.019771609604008804
0.025299038826713454
0.030947348428419483
0.04091055836336746
0.03421753458714147
0.054366102839970336
0.05607795214050998
0.05103777094320554
0.0557271839933518
0.04511491673566711
0.03325804541453999
0.03254921326098532
0.04654234042463377
0.026102527804085663
0.03745437199247874
0.03894988023168365
0.02497761871327766
0.04298828464749949
0.04236372071608438
0.03329445734437155
0.04955393810662792
0.026423393614581594
0.031761914477090314
0.032547770590604146
0.029536553129298593
0.03403314776170442
0.022963881431137322
0.041377819682438574
0.047292362384222526
0.03500877916618439
0.0336363697887049
0.039910691991615545
0.03861598715114861
0.015515584018284841
0.04155284843694033
0.030550286970283357
0.05032546270592607
0.041338264754892655
0.02922384482994358
0.025490685973557158
0.02532346059799203
0.03526952391420104
0.03936861445144676
0.01597733038818856
0.025078951764876532
0.02940066207493364
0.03004941546020486
0.019829979273816693
0.035285613998483865
0.025145509848811344
0.03766115995837095
0.02246085804346945
0.03410161420889782
0.033543815897021295
0.02788195895706061
0.05320458259149323
0.030459218723606463
0.04010998115276466
0.03743344780458928
0.022363378329327326
0.02862751237688817
0.04838881549213837
0.025200022551224475
0.02994291019731454
0.03872965200987992
0.07220180676964409
0.028302139497306516
0.04422752658766368
0.03908487029289596
0.03108463323935153
0.023056319100198026
0.024068022217603728
0.017171376536453578
0.02309506008987214
0.021556160843093766
0.025713371296770034
0.029187449079660532
0.030922274145562683
0.03349238015392454
0.024529200419545226
0.03870109611658299
0.03705961398206954
0.03205424804955655
0.03921992771742461
0.0353814114375402
0.024171488525855295
0.014266083189003088
0.031579901072676136
0.033098472808877386
0.03410575118473426
0.032441718551311394
0.02238745634898656
0.02964934272083917
0.03196570574557216
0.01902791767961549
0.031679875099711687
0.019975567526355716
0.02508770225449122
0.032329719239810914
0.04022495362408764
0.04874397257496452
0.040780614683940196
0.03074483896345676
0.023204821407534163
0.041329246017499474
0.04385502032264962
0.038590179429163075
0.015221777509724605
0.03662984362729381
0.021815250603394187
0.024154971363169853
0.025239661367874942
0.02017516910671247
0.02215368015389566
0.023001897964926472
0.029253409341904076
0.023948022444452443
0.03435609220760968
0.023451460712619877
0.024038044656104842
0.021448461301972734
0.025647690849058585
0.021967136610741997
0.03342402886813277
0.029554033772434905
0.03692770444314135
0.0322826182677648
0.04389269436660272
0.023477047273170126
0.022412971422816664
0.032556952929635445
0.02770912512953898
0.05047909699293576
0.03277061954115466
0.0366554619698378
0.019716396199891906
0.021117752781560917
0.026721420121552302
0.020273137719652612
0.01584945030242028
0.03017324777385126
0.02082900749225037
0.028073879961906786
0.029800996664279537
0.045863957939922755
0.0317785402178105
0.04131580194940215
0.0327595041220101
0.03117557224623154
0.029251949029081802
0.03215489693419789
0.04141460704593971
0.029938820432649563
0.0181889761984832
0.039647210267361864
0.02851984559916126
0.02661655212642855
0.028300952562855513
0.03155483741159542
0.027314686386127558
0.029910323674833973
0.030744463886473353
0.02916434618647303
0.014355832492947062
0.02628678797251992
0.033188225340472714
0.029525664940785946
0.035705230190022655
0.03193074997284165
0.032558689207166897
0.04808547029487363
0.030349557737945555
0.031113683061404846
0.033123099184976225
0.02565698740493387
0.027722766853436557
0.030767036916560596
0.024679082551069424
0.026532234116678138
0.018054308239309595
0.029997701855725558
0.02571109175652612
0.0312141111714273
0.02345705659551069
0.02449000106619484
0.02724615992718579
0.021810865816529756
0.026140326489927382
0.0
0.0276175726893223
0.029304957982111694
0.028829252981997316
0.028204004117589415
0.030557446923786077
0.014200089993112718
0.049389116809487724
0.02111009501399749
0.06311219631356922
0.0
0.02782471053757784
0.027795750835334535
0.017713777866748246
0.025279595275915716
0.03301117575344744
0.0
0.04372694803305752
0.0
0.006769409170858248
0.009856148673543874
0.050794163607829096
0.0
0.06610523509171758
0.053021513474437836
0.020462018790920907
0.05259816262871416
0.025609272241709655
0.051768671240432704
0.04690966038618144
0.0
0.045792762227112774
0.012841750187961196
0.06033317275290258
0.023308658436083377
0.049827902054286895
0.043667865048395677
0.0
0.03103412892687666
0.04821960885034229
0.043269213134892785
0.03892701925626352
0.05191985817435104
0.055225721894564726
0.021272911801161674
0.04869055789288098
0.05600959042589854
0.035411633844340276
0.049182673492569155
