0.040254463560734484
0.034425095385972944
0.03594858673609429
0.039408295414533806
0.044234137961244265
0.04277264332568775
0.03296733806455266
0.04245922970921633
0.0477430744899311
0.038815252245992186
0.04027500177796586
0.052146663986740366
0.0382822586606381
0.036243733208225125
0.05424896319132133
0.05995403729752071
0.05878037587730936
0.03610326407132189
0.05868719152330482
0.06212577462236242
0.041340683369775054
0.0665347365756023
0.06554875177372489
0.03398772018594547
0.07236706806684508
0.020449091585365523
0.024188245857027318
0.03321085583058652
0.012536222252381745
0.03519229888313629
0.038491390234989216
0.03586012726893514
0.022605064854388547
0.028610557315030864
0.043335539115215815
0.03992913055201677
0.047403980363818966
0.02889034298092628
0.0420660659188484
0.04313349007900745
0.03491425840859608
0.03465084853781542
0.030822916060296756
0.041977720471836025
0.028499596669964038
0.03958981154237421
0.06884079303399188
0.04640846162698356
0.021681775801811316
0.030797472909528226
0.052883941562562285
0.04953639996541055
0.05191377553865994
0.05005277830796912
0.053808384939592814
0.028816347612288108
0.03920821152002863
0.029376405559583183
0.034129491186492736
0.048026574444155395
0.061217550012721104
0.05611420256227469
0.04597690820944793
0.03742358732403942
0.05176315544166315
0.029719770265346918
0.02414255781550496
0.02401187414130304
0.03773457030416538
0.059297931962769425
0.05154546108785907
0.03504730017894865
0.059532976458094196
0.04603453496561032
0.05472581895712279
0.04365730034484499
0.037804626842050215
0.044627773628089513
0.03816487693220037
0.023560810903796255
0.03878704223867818
0.049483299825547215
0.04442697650077031
0.04278961829468112
0.04226217897505993
0.04713686451218418
0.038767687364034936
0.03926833083414675
0.0612709304759514
0.06874370206789848
0.053020602354949084
0.03276086339374783
0.025048380917538395
0.045230980564210654
0.030686033802946128
0.024255488208284347
0.04248077438465555
0.047469630822713646
0.03782679364332908
0.02084681605396306
0.03698065459915323
0.06073146012547555
0.05717909313179953
0.046316679673057345
0.06584492536332646
0.040790086151730916
0.06413230450200412
0.053827614190859345
0.038030726041978206
0.0341885176292787
0.04730426751163684
0.037361584861571415
0.05104951511810005
0.0405733270585492
0.032663763013467975
0.05254579512958203
0.057809433588087565
0.05264725548250355
0.04566525572468832
0.05710145178097453
0.06334009787666597
0.030214756838091546
0.05004682852419601
0.050265083384105874
0.028155814538253034
0.04652803963539094
0.0611869749341626
0.05938034250421938
0.026146827445223755
0.032461428657834066
0.019860477447573
0.021515275666992188
0.028471034390967535
0.02962819790709895
0.04338599296864134
0.0457549817729174
0.03114333005335972
0.03613638375740578
0.03690420332584837
0.0431231535252236
0.05122492885656357
0.03475733891349424
0.0316369844176787
0.022702625294280396
0.02933082515325346
0.04275506758754924
0.023497787294811865
0.024631856693765945
0.02274762906023881
0.03404664579356126
0.03951550563164418
0.03630196194467737
0.014936037403988129
0.019282312177542997
0.04127049765032676
0.04042978622208632
0.036460227733929484
0.03424643310781942
0.030759052224908604
0.03190191054428598
0.027172245936674527
0.02429116287260313
0.03464084541589776
0.022553602825663478
0.02451248210823759
0.02273315745637307
0.029900767206061978
0.03772022214197576
0.039877664860299915
0.03476977305774784
0.028841967844927336
0.048189976727686816
0.06176132966133292
0.055700312983691144
0.07322361953355692
0.04860515824934214
0.05315660860987148
0.02283036956699476
0.07212304329273386
0.05226340343299505
0.04031364137658618
0.05923639823385621
0.06310513814522656
0.02843423217378126
0.05116174620337085
0.04935339084885648
0.06646010565494656
0.03327636169019611
0.03973035091937146
0.052479183015363286
0.05632485503047549
0.047024773014891226
0.04520154459396269
0.047503883788069315
0.02576365095049399
0.03900891497317503
0.042997878056914546
0.04856212471895759
0.045231426446387925
0.03861044033534048
0.04900287409491915
0.034785698755219606
0.036683543737091595
0.06062524859478009
0.030664046970280294
0.06279151536769323
0.038684338260140894
0.03886478420398374
0.04014107703073615
0.04193240211903228
0.054528583067863616
0.043927862692003376
0.038212624663061315
0.026985982950001583
0.03216821909315157
0.0327961260040725
0.03346265221646365
0.02512754562449566
0.026938498700228693
0.033482471171909854
0.04566047675445849
0.024101809300456203
0.02640129626026385
0.01395692253168857
0.026099483964673032
0.02916663935617774
0.048790761078712344
0.03129506943535353
0.03864472570302958
0.01440254161694309
0.04364477097566366
0.027215634133180015
0.040157185187988415
0.023859583804323875
0.03660168389817908
0.031978022387541785
0.030204710165014022
0.05039675503139517
0.05050808913486597
0.046215906788440016
0.035380091962030964
0.05104854367270178
0.04850079412692538
0.033850586880797305
0.03301357674738721
0.04221549210420268
0.04663610345035704
0.05903839412648957
0.055191082782381
0.032628114238763085
0.03817621580660524
0.03883048747002786
0.0358987225291127
0.023196474873470666
0.02432492738041577
0.02475609695049331
0.025095925178314483
0.030485783520765898
0.029532711823783774
0.028569645303752327
0.05022281189532767
0.028375299017514077
0.04183442456207562
0.036940506231867946
0.027963246937364055
0.03557537033802326
0.056329982755576984
0.04083191002757526
0.05520854315446476
0.04726589854937702
0.05050555648996566
0.04851056414886165
0.03040602632702938
0.05140810103242482
0.04880028632088142
0.03250645534693409
0.03020277583085517
0.028414186219485923
0.04863540649165378
0.03693334711341498
0.034905754703236265
0.0476643478824116
0.047995117116874556
0.048944152135673984
0.052745201798410996
0.03829872619353673
0.02456929897315384
0.01868394030236662
0.04112859218965371
0.039302675766318955
0.045208198842617064
0.04977890390677555
0.02199583088274279
0.04209646213880213
0.038243938364465026
0.0492964517786017
0.059076468956768234
0.026383566101310537
0.04121889971748407
0.027158871589224722
0.033608801590258044
0.042381317076749817
0.027580264306605633
0.02321820490534674
0.03091363042430631
0.03337999338895077
0.044150271889509984
0.03526219619307131
0.041027924647001196
0.03396451244461488
0.04402744121403361
0.02870475113016046
0.03818046383459742
0.0237067374647424
0.03430933569582611
0.022487052520753167
0.04525928853187596
0.030571598601684236
0.03570587939419082
0.03129558780580913
0.028490843529105973
0.03652146088525385
0.04439146776847999
0.03587090413726701
0.026725469246827564
0.03301161117081888
0.026895572175325164
0.035083064171176494
0.044874000441359335
0.032964481536972595
0.03405755496439824
0.018662988908604107
0.04225664939343865
0.026380827799274992
0.04160928197650137
0.029451298107591506
0.040996584447975715
0.03291831238175038
0.022906671704015735
0.026159495012566675
0.036248963598425804
0.04699125535245891
0.06233347106852878
0.03650531501466541
0.04123976790243886
0.030970288667461588
0.02720605965976064
0.050351543950624675
0.04439048137171413
0.028748195384058456
0.03123898635964006
0.03848044039204367
0.0324696187281109
0.03908058511997999
0.051528060114491486
0.05181832141192921
0.03860832117947633
0.034670856065144966
0.050917554175843906
0.05256096490400499
0.04597887526330325
0.031733707183411446
0.03581777612127252
0.0428453069373998
0.046147941047795786
0.054547231117826674
0.05061508815294799
0.027473182312964854
0.03167656960846612
0.030685975874348716
0.02290776652181043
0.036345979077012994
0.024533623182583546
0.033639026437557076
0.047999626873549764
0.04361200013299093
0.03230419766357774
0.04799734546784851
0.05981344100919132
0.04616829474749527
0.026544793440103787
0.0495810588878101
0.03313362225089503
0.06750377426075937
0.040336952557090466
0.02900443572396512
0.038990271312605976
0.03446948095145185
0.043027249054449136
0.05980570530748942
0.06802886576519297
0.04982819092931635
0.029920646535646758
0.024367247676184166
0.039214231214927286
0.03502461532408312
0.06805322675178668
0.06577616471792798
0.07170776521573101
0.04633191106929798
0.05954822492456565
0.03740145227275426
0.039005049084958256
0.04616127496433936
0.03132207350356137
0.04168848467069632
0.028700747913817475
0.0453466376941003
0.03762148978549352
0.022840107824249264
0.02396194840809531
0.028625235080723215
0.03727343632681332
0.03714926709997118
0.03536259648788528
0.018302552615049775
0.04027237951713931
0.04184049829196589
0.02813520434705408
0.037722002711319536
0.03211701254821533
0.02962390415952124
0.03479823000966513
0.03791233572183863
0.025062877638628998
0.06509412680402811
0.04497949256939211
0.03608940784551609
0.02042045473563211
0.031007551016687833
0.04276924994774291
0.03101020972647558
0.03392318714493683
0.020682195852794065
0.030866317025521485
0.04692162910434327
0.043943260502152054
0.037259587144250546
0.0484109277379496
0.03830546012095805
0.04416451292893419
0.032966374358326556
0.029561195702023518
0.03717618377738632
0.04051751210973463
0.026662510986870693
0.025912044597488297
0.029734731730942293
0.03546137714259733
0.033062859440653306
0.04324331809563185
0.035632685305243224
0.04301708901029916
0.02885761388842362
0.025117463962129702
0.05399117585865307
0.043133259615703426
0.03567054007598568
0.028562466417310712
0.0422391236341559
0.0333754028190164
0.024658272865534517
0.04263246524787303
0.03083848218962796
0.03400092772910762
0.04082633717727442
0.033757811198726895
0.05250887111062755
0.04845620023156997
0.036470212521325034
0.025667890832632795
0.028196757829560708
0.03381437325696358
0.04745849015982284
0.039960260251657075
0.03460360147679719
0.05665200062516184
0.03579161758184451
0.040163631805845604
0.04058102472985375
0.051892414441828565
0.022536004294363154
0.030152313204057125
0.04894141664084214
0.05673245884093948
0.032510693122930076
0.018565494376515963
0.02625501946506821
0.025923884008981202
0.02364344516326092
0.04925219643107304
0.03313983542538246
0.04711733487899004
0.03033897172161576
0.03747542995676557
0.02070213088602771
0.04683556310646854
0.022997991424524442
0.022414396844191196
0.03331776413589304
0.03869128256630434
0.035957393260114164
0.037807464393159226
0.03640522997043152
0.025835232717271
0.02422139551675105
0.024624616567798775
0.03421358801156348
0.024095028560541992
0.028335794720537544
0.023806643278452763
0.024400036249973008
0.020758378067688918
0.04045346827950954
0.043539797656052565
0.03489593534540415
0.0422154063568622
0.03803211253089287
0.033096014421679226
0.04429409028798316
0.05880499544800592
0.03760360141625038
0.03356148762946156
0.03426693812372212
0.025647120317017234
0.047277061748801495
0.03206866913456965
0.03453291122700928
0.03690966013444169
0.04938117434772083
0.06004255477714679
0.042719284654123085
0.0334045074409877
0.030209366632442523
0.02775391630823376
0.03172449675285991
0.032859323197534034
0.04033220360208455
0.03543785341191593
0.049517777633896226
0.049301783154026634
0.03214341643031275
0.02939482191739832
0.06667356879850929
0.025870955662458447
0.02015500461975195
0.046079893181733875
0.04631144967240813
0.04912304000896349
0.04966318881286731
0.03731599046159701
0.030363269944725164
0.039175095866755875
0.03340053177085094
0.038163904791307726
0.03526655224774778
0.04431738901244235
0.04439162754890075
0.04538435795527106
0.03885738407812998
0.021364390403972047
0.035430608759411626
0.032473745537741794
0.04149261354854822
0.03429169318694541
0.02967044237136512
0.024915962615610524
0.034527184884319835
0.044929088810314564
0.03603135052187744
0.035677550367011326
0.029020649170212284
0.024374429598796987
0.036243987761981
0.019531101886876626
0.03542888581567303
0.0353647290046863
0.025283064501405317
0.03180766790375586
0.04056993100037266
0.024936310749142054
0.031412526443482705
0.025465527169096627
0.03378332330937257
0.024538077057322787
0.06611588456468724
0.028081130533858505
0.02063286648367926
0.0253326832079079
0.04802099768601237
0.03535134065350286
0.02543687825448187
0.0180200516277469
0.036193979891694684
0.028982622460752235
0.030241653028379393
0.031420648418874104
0.019254913985670138
0.021336436994610828
0.028536005080151687
0.037664781212379365
0.04148277873701812
0.02511963409864878
0.04590577021294457
0.03253598318743928
0.04114250139829276
0.02931666917558379
0.02825539912632847
0.04325762861587601
0.048646756069542794
0.034623057393303666
0.03918977882509678
0.03520141577419006
0.03339346033240042
0.04440122405376342
0.031851395190605494
0.04345996343539144
0.01994344451749046
0.04361737384918998
0.05540482467183398
0.026233188430349486
0.03581317197934621
0.04070246378392381
0.04086239350416088
0.04445427778473311
0.04586734443963866
0.06753969323294262
0.04646482844780135
0.031293572737331646
0.049729896090782336
0.06360711843393894
0.037407204982797065
0.05783156237105971
0.033533899990242075
0.02617093928984013
0.02930657982291119
0.040532040566774646
0.03212278828011179
0.026552297747401598
0.024972007161353057
0.025324223515572248
0.01784108925735441
0.018963436543927265
0.0463347941426311
0.03456946438983396
0.025502555942950773
0.03803757473953349
0.04113883351473552
0.029916123246138137
0.02466140423513813
0.042734970044712835
0.040957641818586105
0.02541677256329851
0.03481292967707014
0.030536154751130674
0.025319465529487162
0.03989255798366405
0.020860545686374847
0.022480950535953764
0.024460199383386054
0.02363758926653335
0.03548580915045476
0.0284704218070702
0.037351381819828645
0.03496701133440809
0.03854396163668182
0.025281264270359965
0.027777758933782492
0.04382330307405848
0.03629700364511563
0.04273509880766193
0.025286537071994124
0.022302334443555945
0.027770099741774856
0.022548774146256587
0.026284060031628486
0.03946917948285726
0.021940528172134374
0.031958567948604265
0.035687951388502594
0.029072171496391953
0.043364914618507396
0.04526902999150023
0.02391425775150789
0.0251443372771419
0.037200363817617765
0.027099879773021546
0.018322609767306583
0.046262619096268186
0.039714539563968955
0.023945383166124115
0.0362548832013675
0.029545364064416078
0.045046999228650055
0.03391803923342273
0.02835869104877733
0.037809621795627656
0.04751129058195114
0.03651937419191661
0.021716461874091996
0.023400953766032725
0.032919776995481306
0.047457905883134976
0.07001340164793855
0.03537971725006356
0.03966447740838148
0.02390888883375801
0.04348143753189395
0.06415367027693426
0.02907984384866261
0.04531275407367907
0.03726266613925554
0.02693418429918058
0.02237478535666134
0.02684641104764083
0.0484710228087359
0.03428445722072903
0.056850269386757864
0.053269080906553024
0.03801208863816348
0.03892035938478246
0.025106886757222613
0.03618942583438174
0.04385341289367721
0.016976743549796478
0.031782194407561
0.029714532161142164
0.046180102221868496
0.04850609542974984
0.040419962343809776
0.04123135440874017
0.017779771469794724
0.04406324281616894
0.037040026497620684
0.041365681184709145
0.023887982076628678
0.01840901975180165
0.027263237182452573
0.04169848058832606
0.04662593299278308
0.04482278729807107
0.04529839252304658
0.039503930543885124
0.03081216662315595
0.0363000806241053
0.03184373409247879
0.040475156326265214
0.043089646309989606
0.023293119310693954
0.026295764447699356
0.04564299444998222
0.0726886185226731
0.05673474268135884
0.058729988452096024
0.051603260390636875
0.032420000107235114
0.04872158383601259
0.026266154438043005
0.053933830159715486
0.038585233360704276
0.04118056843989472
0.02970880413076225
0.03217311639494222
0.03035875770588194
0.04205236966503131
0.04865750397708433
0.055006173125932145
0.022119950577602045
0.0428035527004217
0.028456636628776465
0.025177213995109887
0.04480097257645097
0.07356986667256317
0.05552187954361376
0.04067657816621876
0.05935025010244032
0.023610444295110212
0.03699346050064119
0.03682695029307871
0.024005493327049113
0.031551410074472014
0.0417466208469485
0.04466236268627107
0.02486451604864517
0.023144766075004295
0.040307959686952624
0.04676926486401091
0.035243560284965475
0.03272393372679318
0.03277506997894896
0.02598343186211802
0.023701218548139433
0.018621171281336925
0.02377297925750531
0.03063814429577764
0.033111797442737706
0.04685724450717909
0.0179863326167399
0.02561448511639022
0.027884445173339895
0.02690371769022924
0.03780042893883604
0.02154232017577394
0.028318135912442397
0.041213421197954535
0.02671599394869425
0.027856026015478208
0.04315563364022007
0.04618746866629518
0.020691904138790337
0.024644724867859683
0.04852952161561044
0.03327888167535835
0.037354880246762916
0.04006501424325843
0.02829793002245141
0.01668607558548287
0.04422352482999164
0.028267146599453615
0.03748684382970243
0.03705764339961907
0.033032331061779455
0.03106361358766804
0.025457415691241454
0.018199556261379327
0.03592333463606073
0.03957499238708867
0.01629519065808478
0.033990325832773366
0.028642381616899887
0.030229453868500115
0.028403348890970962
0.043394847388383694
0.02231873791981371
0.03511308684965067
0.022142578995129617
0.04765643212686512
0.025451500887854205
0.03154081803889208
0.03791802560870617
0.032324100295184156
0.020324764473146743
0.0447307859295474
0.04318850908879007
0.01824130008159142
0.02227214686553587
0.032205509815005966
0.034869881446760224
0.03120844770378684
0.04303631944648604
0.03191503641946256
0.03968532353257317
0.031827779587091
0.02863446776371292
0.020769957411821756
0.025320547646350576
0.026371942679041808
0.04271155846123503
0.03196918450980918
0.02654345919430997
0.039536844947948575
0.03293625819479314
0.025984412844062475
0.018004861749679423
0.031547350658265305
0.018823324334452725
0.03063063007840354
0.02218602039323159
0.016625977953157754
0.028941409169120382
0.04051197826164993
0.03469384129528612
0.024132153705976794
0.02792218865439149
0.02475549046227476
0.028903855763991557
0.028619295064693698
0.03087518526260207
0.057350733764220695
0.047443261997803486
0.027086905734182737
0.03956199274707989
0.03194729576603046
0.0439475840820541
0.04209098824117112
0.026539199414702296
0.031105522714272582
0.039566833586509
0.022189849305982744
0.037693638589621534
0.0367897530570674
0.02188729172881426
0.03218110931372969
0.030739794728383108
0.032883100907311044
0.028499601987162313
0.023586303146529826
0.02392056542902871
0.03111271394462393
0.023469619021194155
0.03282278776460044
0.04262001858329016
0.017829195822208814
0.03516445251102301
0.017486331122082536
0.024120277983472785
0.02332335388737113
0.019428237965508976
0.031137614259926946
0.0227467137602092
0.020119665940456236
0.03435659536209898
0.04112450677135838
0.0316564166264123
0.01889061083948552
0.02462521288120047
0.02872266987164588
0.03489507769585851
0.02278957561400976
0.035988677222843164
0.03475888274419941
0.02660839298393459
0.03600768907778202
0.03937197852127836
0.03626610287686009
0.030185120260237477
0.03135840904588253
0.036031377880952606
0.035219046150879514
0.03768169202842415
0.05446480809550331
0.04840590086704306
0.03653884426743684
0.036021588790612735
0.03271290075604731
0.03259241403394347
0.034419071023053464
0.032584502086243285
0.022196595036676692
0.04394119404613396
0.046883850200548756
0.03489864969172241
0.02773566310389027
0.051479028154773857
0.037078512780315286
0.030660186621523748
0.04576942796985234
0.0444933058556004
0.044504963685863166
0.036272680385289094
0.03887849980850597
0.027516215175101694
0.03720813966325104
0.027743442366320373
0.03277566050535831
0.03287035834247178
0.03493460266340524
0.038879701671469924
0.060743086952343844
0.04426471257469083
0.02633498145475373
0.03811522151477011
0.03111073577829136
0.024527341468836117
0.04535002456479794
0.026357302157573436
0.04400365003610499
0.023082029499428773
0.031421805074263315
0.02183697704201138
0.02298593005876998
0.02904004320007804
0.022448067400211675
0.0284378567307735
0.020212843216353544
0.01410814087287513
0.024636686179129088
0.01861387693060685
0.03098506581537843
0.02672624329920686
0.03476643680414196
0.02352644589723567
0.03400961597025825
0.03368362897109251
0.029699259962497376
0.030535169468010864
0.02823975173956424
0.04334122160061177
0.021597746615998857
0.02887869380366006
0.06071707829979187
0.024005103409223173
0.018573444250685713
0.02820369153339881
0.027967463703382215
0.035872369734007356
0.022774026519016957
0.031997667021831495
0.03819696878287594
0.06098923674430645
0.0396087015551997
0.024244117597110027
0.03689426190056519
0.020101047847203273
0.02684236817048753
0.018248141948032794
0.0283308120054631
0.030853106327604976
0.022274766714899807
0.02672861485782844
0.014256360473837628
0.020338796796707952
0.022930595514871987
0.030598009321595482
0.02823865968581737
0.0325795665545223
0.026707474248565236
0.024690585667190856
0.04515651271123582
0.021639849423286103
0.03413205542448328
0.03920241118718198
0.02697376076166429
0.03904689518454061
0.03401467821007573
0.0235452490261438
0.02833695258872457
0.03375056149784182
0.04111478172191622
0.03142921623044396
0.03834684410534986
0.02010947837878117
0.03933049098956178
0.02954753311380005
0.035524493522955385
0.01845316921290203
0.0358942853591551
0.029056940079996325
0.022472890673480957
0.0288437973639915
0.035798110681640606
0.036222642120468
0.018288442285285672
0.027996661682690032
0.017808396414139182
0.03844960339246854
0.02751634366305479
0.04673044580356571
0.036272831517908846
0.03955187616591995
0.020040819913505387
0.026968598000014804
0.023150892865814992
0.027385134202127688
0.030974444646729913
0.023084606520844743
0.020771821379401888
0.038352637957714895
0.026562555541118436
0.033765021126554565
0.018449823248174714
0.021982923536741562
0.0303404890698881
0.023313663123203588
0.02791933811695553
0.02362473373865251
0.02974455509650272
0.019307275813364555
0.0422504830334814
0.030224233514773474
0.03005392514610187
0.026793296213792072
0.03246239240344981
0.03923918183796014
0.02224382176895177
0.025016692298454577
0.024399254719947645
0.029809420412220344
0.02656540447414647
0.019597557753171378
0.018142344139853953
0.026817731141085578
0.032830114628188564
0.022251367221414155
0.03234907861709505
0.04200764738446773
0.03221446726239622
0.023253991071426873
0.023982860882536792
0.030137441424662962
0.034889946265937485
0.025939053670479183
0.03954151949432393
0.02272404129013047
0.030586000227046495
0.05293622994757473
0.028872111778592703
0.02520569312234393
0.027747508836380354
0.04765359609095623
0.02633958912612988
0.03140503954881286
0.03768816162437483
0.022136362365523816
0.02057887237489512
0.01713062553249135
0.026312398676764544
0.039485011175887895
0.03684948207064792
0.04004377536097214
0.03961402483575103
0.02571458855072993
0.02509409698182686
0.03585016442392164
0.033272830507187066
0.030105129400522807
0.019024574975541445
0.042040209126204334
0.014482925590731477
0.03108908279947322
0.026330975042080488
0.02386834510392365
0.01665097344835367
0.02642923960734051
0.031629348563675844
0.038973293676567815
0.03407297408504273
0.03468471799894963
0.033191930885215
0.02882810029814667
0.03418249086703602
0.020696735094104947
0.02075254828796793
0.025972353861846986
0.03552395308890188
0.04342751266789293
0.02345682422313383
0.023877194101328172
0.03928235810082967
0.02436177189206711
0.02581239702804317
0.030257167161958032
0.034586650631059944
0.04055774709365031
0.021968762747743998
0.04108955342129086
0.029363322558366333
0.0348964732924403
0.03335667696339071
0.037404345994984226
0.03501421941154763
0.025818363624559953
0.0263871280800412
0.037002783837435944
0.025042872106316644
0.03387017944390767
0.03120081627237495
0.023261027265459342
0.031842469652267086
0.020974218920697126
0.029492012351746276
0.02517228801306114
0.018280322103896986
0.016964841815133382
0.040194303868831945
0.02184174363827214
0.06281978867073562
0.055822703352242854
0.0
0.03655641378592165
0.023401016239898643
0.021163812215666655
0.02147349077933068
0.0
0.07103211529597656
0.013055646154059186
0.014249940219172875
0.06564282149527084
0.0703211391524625
0.0
0.024868158204820908
0.04578618485659427
0.03184938605722607
0.0
0.0
0.018101145729514257
0.021292007375127937
0.046211756224827226
0.026830590733901132
0.05680229340374505
0.05835804132828196
0.018828251206630987
0.0
0.06430240301646085
0.05581461136349663
0.03080148555264833
0.026322477633004104
0.04780139190212175
0.03867101200799152
0.0
0.0459221111931931
0.0
0.05723474168838197
0.0
0.03567321483298078
0.032606533796924846
0.01779516311389146
0.05094352263141235
0.023505898395721876
0.03420967350490951
0.02218342635843261
0.043209807495665845
0.038603901671204206
0.03902983693278779
0.04193427905682441
