0.03897566865686841
0.035952499370413595
0.02259308390901951
0.02181730900088279
0.022628593231548665
0.02213269787621934
0.022612494169890564
0.012904124168480243
0.01912776716092344
0.013850296174631084
0.01703768000755967
0.01671884547075551
0.02233174567023372
0.018354218849150138
0.017085427210345033
0.022641230069552317
0.02179701697392566
0.02518485452902992
0.022635105717809113
0.03126312117099798
0.03194138334807797
0.032822128940446324
0.020726850967766476
0.021814398689021835
0.03991842986888631
0.029436611360684827
0.020927630048756203
0.027862080406092306
0.02476345033210485
0.02751063562275102
0.02067785823145135
0.03107370980695209
0.026176817967160034
0.024356481575182828
0.02626027459184097
0.023007380055707675
0.01743997292887808
0.034575340491156785
0.02578477124949709
0.03384195307662985
0.025501880040172197
0.026417670471864083
0.01736796872636518
0.02339536843565408
0.025623293413632692
0.0168682191376268
0.028977168009198733
0.02139744064975993
0.02303658435631372
0.03525814428596319
0.02988025159696319
0.02108869487679121
0.023876230423907435
0.02465842428647056
0.03183207104129062
0.014206861307911139
0.026677165877956408
0.017822761542477108
0.021593336476503598
0.014009472603385215
0.02404827542922775
0.020142149865083878
0.017136341700462236
0.013011204445058482
0.03653698458753818
0.02024639629464958
0.02499065168217909
0.03558793484630712
0.023686881343055688
0.02087927599606848
0.014315849223849741
0.021121185226568168
0.02276860554535566
0.013657883543539473
0.03307050748569048
0.026687486228614672
0.028994615912614017
0.017274721706103786
0.03167035188990498
0.02723710312367304
0.031179854284808853
0.02607858569735713
0.026583992740835633
0.03401867674996814
0.018253525031804992
0.031302820843336146
0.024073395801641723
0.03178305167938107
0.02995242372405871
0.02433566974959574
0.02350744786769002
0.02044819251205348
0.03262768420716097
0.023696043552458277
0.034498342606743344
0.02512483018469491
0.02266229396169768
0.022034835170847082
0.02356146963603933
0.02251476744374045
0.013050502782992229
0.024351128027404197
0.025367969821250055
0.016020970230451053
0.024118414011704857
0.013191038801482702
0.02452902623375825
0.02452212170184867
0.017012000165683057
0.020970549014272376
0.028000567282467654
0.022385328102746217
0.0336874072465559
0.020336089114773272
0.02482835521105355
0.022631899266301075
0.020759871755865918
0.01277054825674207
0.01111199416734008
0.012707198231273737
0.016714587906227287
0.012809187028587394
0.012773899456835078
0.0222712269433567
0.02055511057140042
0.015751272350723496
0.01657081056251892
0.008057328548181074
0.01270792649840599
0.017002425815159376
0.012683818374255865
0.01269322414348167
0.013636905640210265
0.015681652386009104
0.014906236321856225
0.016710662852798205
0.017110894700965697
0.019860486274572913
0.013028766996321817
0.011767218867472442
0.01967035619593603
0.01455391341916323
0.012716255183382034
0.011303547952413055
0.024625044327089268
0.017014506435392103
0.012965253410558519
0.019609947403996315
0.027054854326719224
0.017041574051712482
0.01372359999462603
0.02091867024263254
0.017637568095781642
0.01141532215106082
0.016799755885503177
0.01282008236236328
0.01699760112133475
0.013114944287592923
0.012847951099083599
0.014289318472835745
0.021959556543801138
0.012689093343848103
0.021730764728412042
0.024602970119191544
0.012748190160175714
0.012784806900075617
0.013157665264906773
0.022028195815403166
0.022282123717178668
0.01711504933793649
0.014485383229936484
0.021596942243997785
0.01387268732672219
0.01576190174877784
0.012941023406250085
0.024125921779741905
0.014318342672709145
0.02623645754308306
0.01939077423511052
0.026560760046022744
0.018066053981864005
0.021019342367564735
0.018017715893602192
0.030385278657276804
0.017612318928926545
0.01813881012463609
0.018688467452231718
0.01263930369407706
0.01282380442168217
0.012950289138532738
0.017737347150563437
0.018949878461205095
0.014625926029849336
0.02666002271942019
0.031078352912598188
0.01914806314617743
0.023362584597599583
0.022871112125124122
0.019470958518393446
0.018562137161437002
0.012707834831752843
0.014053378863343374
0.012420196135014175
0.011624401146510728
0.018279651682266817
0.013072881723459252
0.015196907123198178
0.012852200373649791
0.016700653046737433
0.023686995145860073
0.011754212218392178
0.013798676388063445
0.025067787553618128
0.01315153322282657
0.013591893192471559
0.014685243994823493
0.011705410933623862
0.014104466057876078
0.01476951637664548
0.017935157087686778
0.017193898699829544
0.02582749076933339
0.011675919859372958
0.013455558103954195
0.014064386429027027
0.02309231677939658
0.020358422367966016
0.013306183733721557
0.014461684579432635
0.022206584701952723
0.013103300101713122
0.013274976580854022
0.013115318905768157
0.01697817905798498
0.022291132195617576
0.01970025637206279
0.016795979470545962
0.02280434595093666
0.012914141280007698
0.018033372107167187
0.019400639138779055
0.02227384211828757
0.016704689481923923
0.019234772392222977
0.01662672053059468
0.013763369909279365
0.01927600010292911
0.02204309014668764
0.022322250913104653
0.013862954817967253
0.02222905758236275
0.014015068865777972
0.01674512999725586
0.020259582687377035
0.02255081213171708
0.01692800327305321
0.017513814421764314
0.014344501827791005
0.03168184439014875
0.022003738969036124
0.016174060377012793
0.03653945832578859
0.017152385724860584
0.018258110978411728
0.016941751425841384
0.027957156761134798
0.024871294559301795
0.02456990980610227
0.01667597591222177
0.013664966743487746
0.0170480622329812
0.023105230634650743
0.01736451094661175
0.02322930392607582
0.023520439351338625
0.017799840902659778
0.01642635025081654
0.014239826385879832
0.02232793986197552
0.012772806813261104
0.015014561561660323
0.020096500165175248
0.017181721490438628
0.014230268778206562
0.018367516935476023
0.022272371934753586
0.013980929035207158
0.021551317272674973
0.01613818233259248
0.02311412576083078
0.014838064742832831
0.020933481510224006
0.024438832537696176
0.01413012222611675
0.01750954784182045
0.015211655091573675
0.02241545473730113
0.011459710524812572
0.018782213054435875
0.018330246658460468
0.023609973937300376
0.017815234578304077
0.015145154697542672
0.01784697530227458
0.01721407260971394
0.012822450453208949
0.013125716200565107
0.01831892454028069
0.012853567256688746
0.013530471335306623
0.021254990237588908
0.02284924100489994
0.02104144632491902
0.01674996833392525
0.02600326258696533
0.013333523611142237
0.02508398190191415
0.017232211741967405
0.013254801063094943
0.021838795744271274
0.02122609462147955
0.022221237287783944
0.025692651013957277
0.01406310462922391
0.01423993241293647
0.019115586183138602
0.01779236009889886
0.025258574122903825
0.02695105825974192
0.016961944106734902
0.02715124589171221
0.013220429507962232
0.017592199913953343
0.013157365550224004
0.016047885869328676
0.017906538575615333
0.024573915231399315
0.03242339795674139
0.021756709201531284
0.020052176703851867
0.014213482644619016
0.02085207214835021
0.029304101465873807
0.02167461422124976
0.015939408920032073
0.020456907210307036
0.03624325713670831
0.025668330085708513
0.01825908632024071
0.020294036280641647
0.01824761158857504
0.018677997850947533
0.0190272924029537
0.03331106955071005
0.024801816171737587
0.029947561650938027
0.026396603588340693
0.013841023756391712
0.014519682878385802
0.013989443933035932
0.013892956331357275
0.013582532037715036
0.01763097071384611
0.01788523756870146
0.016866888350848822
0.028984514314759513
0.030193287424416727
0.024583172810693103
0.013590309631825533
0.018893790933614176
0.013432013227112826
0.015200111261873494
0.020135413631708673
0.016003188247287695
0.015813273825913875
0.015820441422272475
0.016709826371778997
0.02326121170518846
0.021226965086938287
0.015209446721765474
0.017448498181664676
0.017118831067623193
0.015376742117598319
0.017662403524152652
0.01996048369629347
0.020482100762388256
0.020887142137075577
0.021754769155291048
0.024221099104706226
0.030421104006922474
0.02092400220034394
0.01800065304370929
0.020882134286514024
0.02029033269811023
0.010574476467208986
0.021142927507797928
0.024396312660819115
0.03606077308559622
0.01690708994955966
0.017328007162458726
0.016133153671089872
0.013115789784327385
0.02646443643101266
0.016064600078018423
0.014640350595377
0.014349654602889231
0.027883233174257314
0.017283496656637448
0.015212169722517122
0.013312163005646045
0.01868898329230356
0.012932145808883473
0.013012213446519295
0.015415231219659186
0.02045012614569896
0.012809312636602368
0.030222072104341195
0.03040883092063888
0.02148491445759095
0.017684260692774192
0.013289592105604034
0.01742471153913956
0.020915166245155683
0.02437026784378415
0.0183952000021235
0.012318313176188823
0.0175040472105739
0.017477918312990125
0.03463240593079772
0.03022534820829197
0.0193919520887532
0.03242146236773566
0.026323425316151346
0.027810530501552615
0.023971766962668693
0.020337317208083742
0.017457712790912815
0.02587926015314742
0.02151825913097057
0.01791603173899009
0.03082740354883144
0.012994450695927511
0.022561154457163734
0.01931289199925798
0.019808234454955807
0.019846045549690765
0.027453367727111395
0.03687020981171658
0.027896381477935387
0.025830398986707522
0.02382752600066779
0.017550814624968204
0.022679219064156566
0.03852471346540859
0.022429892143916247
0.016354840003623736
0.017780622588755325
0.021919856479961263
0.01262033285271563
0.02375403820281354
0.024824123642965698
0.015825150128584025
0.02246150332112701
0.01789325655535139
0.02273029617083222
0.01959166334286091
0.018321402675057375
0.028017289136702716
0.017752200978417437
0.01198640502248796
0.018124812872551244
0.029902104384201347
0.020326796094574284
0.02032241051942409
0.011792340994317047
0.012791479114108224
0.01918141073528103
0.022019881153403167
0.012828857708567294
0.0149661852601122
0.024129797381528095
0.01823298130614958
0.028249730633448523
0.01325672265514956
0.018552838731579605
0.023313395109839753
0.01321541813880033
0.02420266640484887
0.018548863590301157
0.015623512470412201
0.014080951394170755
0.012265359416258462
0.0185923855103373
0.013750557797534379
0.02006182208894295
0.016312631386520685
0.017438669492148774
0.02239332990425104
0.012531279249275952
0.018808842019018595
0.012848887565336801
0.025993367248965615
0.017576195752014294
0.012968574612200924
0.017151359683440785
0.01143252663207593
0.018852232727517983
0.01261404918444113
0.020451439366914393
0.025543916986472855
0.01892017737159195
0.017758824338664887
0.020407850695543628
0.02355584530670915
0.01807085921506017
0.015323986003892724
0.01882739580685879
0.012368529695292535
0.018341608009114163
0.024685307606752662
0.015834289185182916
0.01713885782075342
0.02047436146696645
0.024103418909461792
0.02138402780488277
0.019755596446576863
0.01852765188805642
0.018217541220483097
0.013163235675336223
0.012876177676624355
0.017990601863195115
0.024589852749010127
0.017771623117734624
0.02341510879144063
0.01719719364287089
0.0283310432933487
0.016612805863923174
0.013125531063626432
0.01689364034609252
0.013510268950526321
0.024522401260422762
0.016626212447987804
0.02054998615599534
0.023295357763572718
0.017206855297584162
0.019216083605016893
0.024830412772444996
0.017171590421961504
0.028164711478634454
0.018714900126470067
0.012880569370068843
0.024287325610976823
0.017191000872840406
0.025720178760304944
0.017442414296535903
0.013922180460041287
0.012272895146267991
0.011185719644513271
0.012556356124686628
0.01566984484858498
0.012247956487331546
0.017591571435303276
0.01925138927742907
0.016870366721989206
0.021007092161420143
0.012351523060240614
0.021333006946457417
0.012830783547087929
0.012879987599243532
0.010753672095178688
0.01221719537391644
0.012241379529602737
0.012261176751573788
0.01234234630134086
0.0129180284995643
0.010806834504839973
0.010815008777186679
0.016617019725570496
0.013183672218821808
0.022101409672815504
0.01687670997980356
0.02196368455257451
0.012261488046363355
0.012425734143301108
0.02193717065758479
0.01689511850986552
0.0168809174750782
0.02368842623997258
0.021967062022799137
0.016851934889283687
0.01264500706709043
0.012522300409891019
0.01679767948114338
0.02466957681080893
0.012850581319146619
0.01286311542831802
0.013760601713406281
0.01265148277866628
0.015672295461278983
0.012847732568001587
0.018683431125665863
0.023906892637824598
0.012439448228206194
0.02446292010029329
0.023191506151229165
0.013721581152057533
0.01688006019302065
0.024412163973906355
0.01276487968781702
0.01392887442284909
0.016853746932952336
0.02493007126234966
0.021825653384034128
0.022009898232713394
0.01684722410369141
0.017537701214494706
0.024408415769156325
0.014528118105504912
0.013051570169481101
0.01460528698365767
0.020140757965876097
0.012436366828334143
0.011058950009494568
0.015553407944482778
0.020629269230876796
0.022631967689531553
0.017042703435781577
0.011275263173203551
0.017340875929433317
0.01341403203117295
0.024744295418540407
0.01739502335037234
0.01356000454359153
0.017617857900437312
0.013475647735411043
0.011946877264582607
0.02590286331431333
0.018148487734863702
0.013683252979869633
0.024201972300620527
0.022127489957968562
0.022328753112522942
0.015863684459323995
0.02581587072015973
0.013219505710880432
0.012429918020646772
0.017291831163876187
0.019409015065492096
0.017308290633874457
0.021198872779617364
0.02637551018790727
0.024918688043425487
0.0286314852402667
0.023080511031118855
0.017968198326296494
0.02349550475968163
0.013970353640751419
0.013210023082829538
0.013288165815282573
0.028059113097733308
0.01218411962415114
0.020032343903063982
0.028725704261659483
0.02098033220091004
0.01813861666860582
0.013094861867669038
0.012519824767543694
0.013635771038949935
0.011304146960297353
0.01763288035284589
0.015098532938004288
0.013024633611566762
0.01908885239806207
0.011349362914388613
0.014784895231620672
0.01600609389039451
0.024607322243893184
0.01695351031070556
0.022272568796077395
0.020558407312824607
0.01362681234047419
0.017682550073762286
0.02815476038197921
0.017011331727116455
0.012465714803233493
0.016687779722374663
0.017155850869674156
0.0178097910195488
0.022418583901903023
0.013821886641603368
0.01457278930704412
0.022640353751653308
0.024399921452514788
0.022892919544649146
0.01940172881955367
0.02754348304953451
0.014890455791798311
0.017018460482664137
0.013881972550357844
0.01385777952792023
0.012084184853042437
0.02355794275557605
0.010189573701692413
0.015220154965948973
0.017369145044086074
0.013986841411364706
0.01410663323877579
0.017918191628900536
0.02587395143822796
0.030267803051812883
0.01313380139182863
0.015523670446289418
0.03051797876294423
0.017920342632396908
0.014147254193737474
0.013951595340876075
0.018902843352588503
0.014538615301633384
0.017155318762412972
0.02197839095374365
0.02006696502608343
0.01389355333722962
0.012482979407532846
0.013545756982251734
0.012432676285096478
0.017999805278082565
0.013999013401744479
0.017179640182041024
0.01710296266849694
0.02757425697095024
0.01555299394007468
0.009337887388959519
0.01253730391892751
0.012762089000891132
0.020762891015222322
0.019005227603962015
0.024226684914585885
0.02827799305964937
0.01361817359415239
0.019493629390633694
0.02210363252941982
0.01701628955190822
0.01876518486493007
0.016638460821279427
0.013642913778336535
0.010890966108445374
0.016666259362486145
0.026081558725346458
0.01307996224259757
0.013893778180898068
0.024037594523440425
0.012422560659452565
0.017657883327158893
0.017671426715463595
0.01734541090557202
0.02215915257408112
0.026531897210985585
0.019197639373110458
0.017972185102541116
0.011450805207195009
0.022099279781816444
0.014010612953519687
0.017097771813967454
0.02136712489237614
0.017450101512956916
0.01788689679625843
0.01804465518872553
0.016359250764093634
0.014281406883164531
0.02356357871919189
0.017712704025328475
0.017009730043713214
0.015851195550336254
0.012433440790420303
0.012696380647867976
0.01233476930829636
0.016458629726411326
0.012676282188051514
0.012681522986043647
0.012592042216371786
0.012610889368628137
0.013668854841085501
0.016874648005588185
0.01576617315251223
0.013022596681665777
0.01704839832286301
0.011496507157067322
0.013433688870398487
0.013273443834296472
0.017081199663958012
0.013628990877078912
0.012764998633807664
0.012775268381655751
0.012667566836259895
0.01269834078964653
0.017579943185903626
0.012917938292501992
0.013757090125297376
0.014087467696702126
0.012684708630166535
0.011468827644532812
0.012747879871657881
0.014014422055709398
0.019825261335982416
0.017635367146022266
0.012674197454320814
0.012824027743090527
0.010556661388273627
0.01167719282761629
0.015553343041860151
0.015775088686359302
0.016295558394083916
0.013415372600118124
0.02471673770949559
0.01723194608162407
0.016432697450510077
0.022457069712286643
0.015694872078343133
0.01782187747012081
0.023053322337843133
0.014368173726059417
0.013678685666231073
0.013502669670188277
0.013177549295845751
0.012766626292364346
0.01596045456158752
0.015980350326651245
0.012792141224639007
0.011141185375107082
0.012908835369664867
0.02264413420635907
0.012866399699691505
0.017184285340286914
0.0247848760722979
0.017469211102427662
0.017043206712719864
0.013681640422925245
0.018011117803669645
0.01704932855987001
0.024845363491267494
0.011596153389405676
0.015865296975553302
0.021783134794064858
0.019648116954367367
0.015437807151846426
0.012695184261933537
0.012768916042048729
0.01682933336313417
0.013202703064987217
0.012764869566988295
0.017357836395289192
0.019593394522644646
0.01278917640906648
0.012773643733180639
0.01580492825434527
0.014936445718257233
0.01745462830655522
0.022972154910160268
0.013320539746530104
0.013124526107846857
0.012619597290634024
0.013375669374735043
0.01846843639077224
0.014803357535116801
0.012802184145249912
0.012789208115525495
0.013076560884099276
0.01308714980004769
0.013046640549965287
0.008641209997576877
0.014680807177229709
0.01282022550070353
0.0146317780228895
0.013890132080805466
0.012667231300189503
0.01318376120249625
0.013608329026331268
0.013215236105848942
0.01706154001372673
0.013685145726500593
0.017574695906962902
0.01870383702612919
0.017220995698274826
0.01699052130233203
0.026534489403793018
0.014676223163107426
0.013583507311769254
0.01340415609262875
0.013103973428887927
0.018015702249981794
0.013062640540445413
0.014524469349170786
0.013621688898387175
0.014605988589159775
0.015286749807840148
0.015469552144634146
0.014096681668481418
0.01121214808812297
0.012840652410735745
0.018339037197555697
0.013509767644652374
0.020912663579754683
0.013951220770957581
0.021182379625528467
0.022532418468509032
0.012863150240555822
0.013093645591999523
0.019901393335329497
0.024992778733866378
0.019631734609045694
0.009090623551525769
0.013602676803564093
0.012108551858546448
0.023151210055632077
0.028839384974756712
0.018317674182057122
0.012751672761729059
0.017750236563564448
0.022937267863457483
0.011674193663268578
0.014209428599036235
0.012832924404740322
0.01521047502362915
0.015141059952988718
0.011955817229491301
0.01416269367818927
0.012862297405811914
0.023685072756321035
0.025583775944140828
0.028174944449319218
0.01620902377728219
0.013169899577782982
0.02445528517601051
0.024135777022342153
0.020128277644757477
0.013954363435459576
0.013416920283317198
0.013522328505927635
0.017744815662296586
0.017174328815124047
0.013731229960284868
0.013999185889027765
0.013886614789519448
0.013412631828077474
0.015103930765054402
0.014570703273654612
0.0151084542521361
0.015095467185733503
0.017780298707417697
0.01760817155115776
0.021953253426715568
0.025735640984758827
0.021414153284101685
0.011239794036396904
0.01222812518399918
0.013182189483626186
0.02234771040596528
0.023221047103660068
0.020436277464000153
0.013612099168134337
0.016991484568877405
0.01573432090266777
0.014314193415862137
0.013839358287186299
0.015781142725564024
0.014596457652457916
0.01458565368951023
0.012686617644423892
0.016723231063150684
0.017599677441998775
0.016414500273606258
0.014888764541275922
0.012744816424683756
0.023899210225189094
0.01673102746510582
0.013584972363281043
0.023468662024542817
0.02663428425085895
0.015764296347548546
0.016483076442217894
0.01817847252328971
0.015947829002371575
0.013946868198830707
0.016102398862436612
0.01535176236218499
0.01643030813390309
0.023556570655339462
0.01420281271438881
0.012601483050121437
0.013580841808305634
0.013734235981662792
0.014094778268722232
0.022639791920145848
0.01599132407136924
0.015970867571926055
0.013880779836702196
0.02435324279356855
0.039107005151464445
0.021102744427562034
0.019511655960818143
0.018926819742431655
0.021059702102000408
0.01884010404842699
0.01749135193618707
0.03059485059069039
0.01639409461513513
0.014609360646517053
0.016730832746011174
0.02100789895937953
0.01950265666808305
0.016136695864602108
0.01286350129872205
0.013100017435603864
0.01992778050392215
0.02393926887067558
0.023657108162770037
0.0186790550906625
0.012973244010184105
0.015619869819159794
0.012439316038003616
0.012531443485222797
0.012259186579686105
0.012249923227922692
0.015388752284993387
0.012377359585774189
0.01713955686052006
0.012605775594279531
0.012735223590760663
0.012594425656879581
0.013728874710097561
0.012388015092246754
0.013220186377812563
0.012351603878804112
0.012891477117863558
0.012765497313766421
0.025433561623817044
0.01386708521396079
0.015525152404450203
0.01693558645896671
0.017002050525161835
0.024915678452002838
0.012401809605419149
0.01568767710815344
0.01079244591619645
0.012480781691936971
0.010816450521110223
0.01231623761819241
0.016591577977181676
0.013257241800267758
0.012371340217526072
0.0122333671252939
0.012635149829828779
0.013031178555722086
0.011650465081918375
0.01393376457865331
0.011476106846291573
0.01696506394240822
0.014280312366487108
0.012296874242623173
0.014082768313616479
0.0177470553566162
0.015029355392115158
0.014844556441777729
0.01869474079614372
0.012765034599596192
0.013920316209590947
0.013299675605901926
0.0093978749193634
0.0175812390170602
0.017694192335339864
0.014801998270926087
0.012652352118435904
0.01137151394727742
0.011473452654725396
0.01810379186570224
0.013461857141527258
0.02026536603003724
0.019179800913004807
0.01762623357070047
0.011072283732929712
0.022257810571678492
0.014460701965480282
0.01250282834228586
0.022133401798752048
0.01415290370992198
0.019890260785791956
0.011345954608463209
0.01729188553326458
0.012319809042111822
0.020088040396579833
0.01298603741583844
0.01802927064591754
0.014066601634634468
0.012909942895131449
0.023627139773988733
0.022789325324590586
0.025647890523141228
0.01282577783387913
0.017857061199693505
0.024176907201863124
0.013494222777873769
0.012930522671570521
0.021507490173658175
0.017040245598582165
0.01371507325299426
0.012522192091731452
0.017528528793459133
0.018646753683191054
0.012934069549879175
0.019935613683744472
0.012617940760898987
0.0164736510548087
0.017851358273251947
0.016909698027865572
0.01708519928258375
0.012820371969859336
0.013014396502692285
0.013063601818256545
0.011683185547401033
0.016494901566090042
0.01692568602011746
0.016916522114820153
0.012406771729535897
0.016662351112649906
0.016980183555486188
0.02157827066137496
0.015908343027972026
0.01254998293637618
0.01547588247501981
0.013059019983010449
0.017374833249721413
0.012410917936147065
0.01110690819951706
0.017512269712182456
0.01089512562539434
0.012472585822960331
0.012507195502323173
0.012874067316206696
0.012470953982087031
0.022097197409173874
0.016072769840809183
0.012952161591367226
0.016688205260546294
0.01284336225016212
0.016740218787100677
0.02202213775244132
0.012529471794311435
0.022598643737180294
0.01332561153068281
0.012692430403809832
0.015738618200941277
0.01803805786995932
0.016997049001517835
0.024682049544602694
0.015218428978133736
0.01707643752309016
0.019749038158540795
0.017001388838562604
0.024336528887918676
0.013753394098266165
0.013773779574249084
0.01795739071559395
0.021505863815248133
0.013895784260782931
0.012094873836671466
0.013482492058633373
0.024388734396688493
0.020009261827463765
0.020746162994404512
0.012238800610558197
0.01863573604230321
0.009960824982567087
0.0078115782229542805
0.012449340548398545
0.01247077781143668
0.012605400721956896
0.016664893402036817
0.015904933274557446
0.012463839198356993
0.01289573158047093
0.011148287287067939
0.012715823957617181
0.011259706041603984
0.012598261532943973
0.017149345109744737
0.01395906326449675
0.013855401836909064
0.018480885398962896
0.013738583993669482
0.013733447022830393
0.019592225112671627
0.012893109130486137
0.013934064239697334
0.022406740439633397
0.012667489018261572
0.020942265984740638
0.02099810807102629
0.014028721190472071
0.01912619543598842
0.0143008957018433
0.012538718333404112
0.014045494283458542
0.011880020007348427
0.012924551601936165
0.013576892256084702
0.012726053356315123
0.01262540538266661
0.012710551803914815
0.014356921405719278
0.01306042559759522
0.012697582540419448
0.01924476284167725
0.01720879560611741
0.015335056063660974
0.013015473780423387
0.01294058087142926
0.012757260439321063
0.01282016468519633
0.012825906409381835
0.015709501291018082
0.013339287524701864
0.012862838126427138
0.013255556126478552
0.013055598513877203
0.012799073304128106
0.012779555652160452
0.01277505310708691
0.018676994013357668
0.012806538460229324
0.013195333404907403
0.01949496568758203
0.012835200942027431
0.012824299530362059
0.013641142095391707
0.012835188528243556
0.012747153329273097
0.01261191412415262
0.014024605936234634
0.018263480949014067
0.016960543149321595
0.016751524413766063
0.0250458056618269
0.01221400081077261
0.02036881300863219
0.01395165355334267
0.022967165197437855
0.01363610450238632
0.013216272398659006
0.018349726113844986
0.013950598768511657
0.014709962470682528
0.026944874795960735
0.016864603026550167
0.022030440982151397
0.017672521295714977
0.01771219286881842
0.011147364561887484
0.01303508407086213
0.016341361256199716
0.013109073215016637
0.01897345332835132
0.013659670889519998
0.013881195694690953
0.00820409354472661
0.013351553434754772
0.012766434076384293
0.013510383424487491
0.012999206622895217
0.01564001811278128
0.016707470356550073
0.012726604030097288
0.016380060674948693
0.013934485305439177
0.013934933699997772
0.01937259046701035
0.013526181027137272
0.013698343024857645
0.011116532897670927
0.012785631028836794
0.01584267626201851
0.01154442736033819
0.012385915186031092
0.012488109244886591
0.012944233561491533
0.010829215344303582
0.012396949401241138
0.012655234497570127
0.012383934878239987
0.016762245213294825
0.00859310461041618
0.0100469427765677
0.016869194516188367
0.013203280169042155
0.012832607382064721
0.010333367209621941
0.012600549922920012
0.012644263418465918
0.009881213973101806
0.010415624773280719
0.012612712483267379
0.0083741437797976
0.012590598518824337
0.012852714233706937
0.04165041816902098
0.011697067185837655
0.026885717976696123
0.02080957366434097
0.00977124606229934
0.021879193434859487
0.007184078315970714
0.012212247673954244
0.02819230077875875
0.030613129026212143
0.037349531140029146
0.023145747954838047
0.023559533821493065
0.04009211666265841
0.03099536786758495
0.03462320534526177
0.040306179943527226
0.017733744970159712
0.032536094511839246
0.033666336613287544
0.02556649364185268
0.006419516434280682
0.021303769786380766
0.029128240425959507
0.03957840443651996
0.038426258818918396
0.041257543818737225
0.024831754098679486
0.018041896164822088
0.0385643420047634
0.04115176975717625
0.03891421573219714
0.03847973522600347
0.04055840534223853
0.02936040519273589
0.027641484932016798
0.03836184722246831
0.024088739595042742
0.033995014748652026
0.011996403489055634
0.0
0.018681139085067203
0.039001050844262475
0.03559212564062536
0.031581984520810645
0.02912311956161293
0.025429653764519403
0.03150187796311719
0.02836945202617253
0.03492417935605959
0.035078824615341744
0.030375702442317208
0.026688992094119995
0.026480209281335626
0.028256016098182346
0.02708988536890195
0.027680626155489964
0.029610362449203884
0.012943130649981956
0.03770393230285513
0.03492951495427372
0.029855242898251762
0.030921664551896242
0.034660950029374187
0.03417503949178851
0.03982233132665643
0.04074146766343065
0.03754058427789757
0.02969845431626895
0.03607533452693138
0.029305840424038058
0.03476846719793533
0.03198512200107437
0.03686393854528291
0.025822489951518045
0.02716116870755012
0.021659602896938406
0.0260577243245112
0.03147301533059709
0.034111070535987435
0.03049162851414212
0.03307382086664237
0.03566937093457144
0.019266055024608694
0.03340910472365804
0.02790431920787575
0.04020674734210945
0.04164550095794412
0.027347848394018548
0.03598035101756393
0.03141331383681116
0.03286169424315505
0.03803352740967135
0.02885970198410072
0.02101030135417423
0.027447471932030423
0.02463629361244096
0.014205429607489254
0.031084984402099204
0.034590847435257414
0.03719319279935509
0.021436957149103455
0.039778596845204746
0.026043940164818397
0.03237499130938456
0.03966532771256242
0.03785754268131344
0.037184747684011185
0.03613339306481706
0.03021036896442904
0.034923897201252774
0.04063137605351222
0.0329847215441821
0.03327982180433231
0.03786485533405282
0.040291890624120925
0.03847550238662326
0.03218546605895434
0.03775202826633584
0.03462375909617557
0.032253731647154706
0.03927934539316595
0.02424028898012564
0.0353541664565399
0.01889969597308383
0.022947594786818126
0.025599807822629356
0.023260541247464527
0.025063810769962825
0.02905866158684442
0.02645967051332026
0.03114086519302245
0.028077075834922693
0.023197809612028428
0.02793322464887865
0.02290170877176346
0.032596567005130965
0.03258199060063711
0.032135472845247724
0.030832843931701635
0.03000139202758092
0.030169243457700366
0.01613844209488643
0.01394230170649741
0.027397291129781353
0.021717809209033892
0.031220292705095562
0.033057858940046356
0.030303987079484864
0.0353916414123045
0.0380528648834749
0.02533685596438522
0.028177699306801
0.022547170796896908
0.024775264359083997
0.02443089988393686
0.02130309110707085
0.040446058347013945
0.032167428767507916
0.03142645034705206
0.03594530470854295
0.03726231215637676
0.04083897231962151
0.021634076642244295
0.03286419908427746
0.03392575758182347
0.0
0.018703751004143503
0.02571278729764786
0.020859810148905995
0.03389031277624523
0.041829546374026895
0.031130391072136294
0.03598080128346224
0.030719715822975842
0.0234758373982745
0.04053769883922481
0.02993522325242455
0.031144622268917923
0.04062265751417076
0.03737128653689231
0.035150810768227035
0.028268423561241894
0.036795951939391836
0.04139128931875333
0.0393075384480836
0.03539890508501824
0.024524562966431133
0.030686628323291745
0.03293044735255664
0.030375584341480896
0.036811629293607706
0.03515252221909019
0.033237167380208495
0.03826820424454277
0.03744278249097774
0.03160288091168847
0.040278953136718955
0.03462088180089979
0.030799672164110208
0.03568466547790527
0.03626597301373756
0.03229672944161684
0.032176833582418
0.018929227572724625
0.03513902722586624
0.03122617035555392
0.015638530991192834
0.032752334737925624
0.035773899392993275
0.035196593981757264
0.026594381917678264
0.03731932723616545
0.03430326765183968
0.04078276884110089
0.03505377605009718
0.03642432307538462
0.029115404814396333
0.035026253046886606
0.032304116966609696
0.027953217933540307
0.029033639474084282
0.025087545615616227
0.02386383076875967
0.03354046020840701
0.024317280081357702
0.04135400949210671
0.027665553716081828
0.03749419011199579
0.034347639820563464
0.02862127387505234
0.028984227876396883
0.03440603480118233
0.041336432759830094
0.03939472039485533
0.036703237452880136
0.03602675106084357
0.041521532726616475
0.027353544570196373
0.02167432109407086
0.02953679663402916
0.035313078120313444
0.020445364820051562
0.03468395826831424
0.020916548450449438
0.02596414335115225
0.03245062554479527
0.031439730681545715
0.03073448865588584
0.018354952226851476
0.02454218451406132
0.015230386005905773
0.03172793729153386
0.0231499601655525
0.024430577069295373
0.02353117461770433
0.0
0.024497327593797795
0.016103775618022773
0.02723308449821547
0.03177821524347093
0.039421896606613535
0.03961858629548136
0.01881208933401899
0.028456598990159294
0.02293862580536155
0.036816188505883404
0.041815277691386335
0.033058735849526205
0.04154304098011068
0.0351379407243399
0.040546294695989395
0.02953172340462878
0.02110079117669404
0.033934589497931336
0.027795479844174957
0.020943851984414587
0.027406876455792283
0.028119174143433977
0.022818530717300823
0.016445093634044797
0.024992095926590633
0.02339849923160884
0.02492830219030394
0.03828393949808331
0.03564217162071357
0.033031879781309406
0.02234885787707287
0.04178479865047075
0.022632401703948434
0.020251407846184444
0.023333146861501678
0.02278329289096782
0.02711133917222812
0.025064739330429915
0.03298243233298724
0.02927812066395802
0.03633815840329353
0.028523895466575407
0.03250465941768965
0.033398531715863
0.03275540831984855
0.023561504486476363
0.019438700553987612
0.024045067549915616
0.02852895469053663
0.04074688195250103
0.03955996971133983
0.037301020127748656
0.02534048655483295
0.038395316239212544
0.030842239564136672
0.0355987839387809
0.03591489510173125
0.030448080585543498
0.023571766810812866
0.03797474876842099
0.03877795523888386
0.024860372314969237
0.03018126540025278
0.029335862018981064
0.026291192585568092
0.02185766236540394
0.03181511141339759
0.03409312337554299
0.03842899034237942
0.028046235756372617
0.023068908001054354
0.019900203857310075
0.025786026379974656
0.039962578702970444
0.029787531399713203
0.03326335818040633
0.036390778900842344
0.04113628872368442
0.03705787268772999
0.02382011565533071
0.028850193309577606
0.030816347526741204
0.03549088024826771
0.029589998933423477
0.027711785048242593
0.021078420948448653
0.030211929073557662
0.021468740682029416
0.03208845062200704
0.030725863301134474
0.02238609467082445
0.03051241198721887
0.02784294050102875
0.022525473315837343
0.02995106960119841
0.027622481355571663
0.038576245076948255
0.03435774695793942
0.021627373307558404
0.03813706248754477
0.026534202612107483
0.031485867143479805
0.02130650640555608
0.028272197936287914
0.025788058889057806
0.026504248685614327
0.017816420971177742
0.02559511490031254
0.022176310813850495
0.02481851787455886
0.033961074103374234
0.028664100444430518
0.03297016754020068
0.03581588495098761
0.03156189777990451
0.02648053600383275
0.03371785294066448
0.024498720862776317
0.02723222044440191
0.022630454603729092
0.03860119368562721
0.036580372039119506
0.033747060217812645
0.03163222825720041
0.0
0.012134364322040106
0.0098597155741038
0.03378546581940824
0.026518934894052586
0.023534691398868976
0.0
0.03726561387190611
0.03958928757650088
0.028364304670996852
0.038023956868048714
0.036027773907190155
0.023797308933230486
0.02630094076739462
0.02788262042231664
0.030273335893158407
0.034734523982010684
0.03956218932315818
0.0338500395604628
0.04075599950544094
0.02432607071997998
0.024403339188634743
0.03493305632592145
0.026430174764525055
0.035510334136124165
0.03741564263701526
0.03375223706556351
0.022866293049061615
0.035478097042009216
0.03803060647688914
0.041609123714036585
0.02774996060607817
0.039443448629612396
0.03522329811937338
0.03581808547760829
0.03947734044974023
0.03684055025050793
0.03872016162196706
0.026610897290340108
0.030558568299669322
0.02486287760741681
0.025622040763366057
0.02833550501396034
0.029093773815357233
0.023902192117460863
0.022676950950030726
0.023334199506488813
0.03042731173069576
0.02323817593275345
0.028022908416264092
0.028088792993714695
0.036239054405069714
0.036430149858367664
0.03321325212405811
0.03621827130670753
0.021306695227087724
0.03965151179906108
0.041803557938170054
0.04127627914903304
0.03533544762157801
0.03690251227175375
0.02606959901518428
0.030690803602473938
0.039616760574213275
0.028745577419078856
0.02499313138657631
0.028623190384980058
0.03990452890158939
0.02668070631434067
0.03579967487972246
0.04018774003426582
0.03909282906981929
0.036105152889396024
0.03044545946710712
0.030065994043715478
0.040745403232523576
0.04128693614059283
0.03825021997465813
0.03244501875941476
0.029735032443559174
0.030708604877135028
0.03605072668094893
0.02856230901495231
0.025349517810995908
0.04054932564722184
0.04125046268250403
0.04052712071433415
0.04089985602080405
0.03562208232133633
0.03682838699178653
0.03679940772732405
0.039893137085083734
0.040639981876995274
0.03581917920199775
0.03141403442906888
0.027291931973265158
0.03500604919979014
0.03325173504548297
0.0392339333817978
0.03665444636407618
0.04076145305447815
0.030877741822549154
0.04186214307722138
0.03840722772594495
0.037715841892234155
0.04012244400345021
0.03921285768407453
0.04088467737830407
0.03480386423788154
0.039616824067956406
0.040490841446365645
0.03624507630204727
0.03874089235632335
0.03548108946972562
0.0400636134742551
0.03614794061887457
0.036050705528692904
0.03634604928942203
0.03057693837006297
0.03952503989666979
0.03528138463113372
0.03287996703777176
0.029163606228641545
0.03626785192719888
0.025434149947883584
0.03366513726483231
0.03285306701694373
0.03382962368845512
0.03979328560088983
0.033468803824245066
0.03609360191291734
0.03690561294241434
0.037525990748772046
0.035611696864628097
0.034709678448846926
0.0310629331769366
0.03556173628285935
0.02218963183677456
0.03827857834538898
0.03552935591707739
0.04091731306067273
0.03920940002610854
0.03543165178688728
0.037244327235770515
0.02819899076834238
0.035464076878769596
0.030220541726005933
0.03465018500378467
0.03440003782667494
0.03074456586003109
0.02685093907602287
0.033017774542739575
0.040594017834610405
0.022790461572291896
0.03862076640011961
0.03071952439160375
0.035244262536910154
0.037334821509308884
0.03937877483466391
0.0394927082979087
0.029371608994344663
0.03158350003482359
0.032775790174388725
0.031168458400440684
0.02615069510070432
0.03592152288278921
0.030383396585964458
0.037930050949784695
0.029748223342169845
0.03649976118338013
0.03870958316308771
0.03437554308995234
0.0384170020621658
0.03355892141276941
0.03980966871916925
0.028012164272410142
0.03499373517546916
0.039617431877210924
0.024039200416541843
0.023878348327381203
0.03492626223860772
0.04133097292977062
0.03687560932747721
0.04016231330009998
0.04035035842498415
0.03663180260084098
0.028539067691392476
0.014862649040463825
0.013028191336482609
0.038299741230767466
0.04143536103439934
0.03198617940090174
0.025663942852765218
0.03487764255086989
0.038658971145589985
0.03943137597708557
0.02924257828652857
0.040027846765470686
0.04165278958622159
0.0312664367707611
0.03962390889394309
0.030621117707600502
0.03593435805036871
0.04015396958190088
0.041675884921498964
0.038277420955494905
0.029020889574211433
0.03578879806506562
0.040977473476086816
0.04000692804344869
0.03234277114544147
0.03491601072236197
0.03861100366078464
0.023687374151885023
0.02653034085880617
0.04114375526957214
0.03988170083542929
0.03689308811850323
0.040466180626234693
0.031048053303748397
0.03522626653134473
0.036284131506110276
0.0378600282562296
0.027831856128589433
0.03343394691986905
0.03107342415780119
0.03747822187095327
0.03658848199152009
0.029705253472923413
0.03398876436485434
0.03271239297661062
0.04074164438841084
0.03696357132213294
0.022722157190480236
0.02836895767659171
0.03588788762039594
0.03140453881134252
0.031840409819127655
0.022389809227637482
0.022699437147482338
0.02212625370584802
0.022606391762508265
0.03822967240783013
0.023842436883225952
0.022490900296405516
0.03884824590969331
0.030539137236605906
0.03983661128815405
0.033581148890132466
0.03981428811532359
0.021441120540680706
0.03927217243959138
0.03841860217928288
0.035684303911664106
0.029237505958742385
0.020943739358231985
0.028723739663386448
0.026285158351350285
0.026468917374388844
0.026932649295665943
0.038181386979178736
0.03400622283836447
0.03892721002676472
0.035456565875916446
0.025410607560998257
0.03195927560803939
0.025530826932575273
0.03713720585881499
0.03212583419117321
0.029521302031569916
0.029609776951240986
0.03833018720823016
0.04054311902146781
0.0370287977733739
0.018567415837668154
0.03142061142337542
0.025786275776940818
0.03221548110654822
0.033993153606373686
0.041297704734816504
0.03778255830160937
0.03586792640074492
0.03294031629942633
0.028681467254614987
0.03875198515096517
0.034031621619908525
0.02821180570298038
0.02948473656111595
0.03533161984481823
0.03132799481623294
0.021748335804690877
0.03344981671878038
0.02249283402552906
0.031341527242964025
0.02890518233967743
0.028799022734195757
0.03381231046471923
0.03139222742132995
0.04158192687910933
0.03677073282057993
0.02893599128116335
0.028142795356030103
0.022881806465866884
0.013873740960894464
0.038319491599635144
0.024338855548484518
0.028563439965162737
0.028580402006080904
0.03281218389581587
0.027726405566620545
0.01995012948980532
0.02848901583911609
0.03508591978666664
0.031677231923860114
0.030231626255648545
0.032465078943025256
0.02756672754086898
0.018306020940868046
0.037962989043672485
0.033543854395826286
0.03464449574593349
0.02712939231963477
0.03552847899247181
0.027710184530866832
0.027288351061078273
0.039074053645688334
0.020488138121544847
0.030773077471314962
0.028922667648015238
0.021511573849906977
0.027444791538650815
0.03083764761567827
0.033366190612010696
0.025927065095953203
0.024285035923497327
0.031336870139439484
0.030279627221739387
0.03598122827356048
0.036074706827083115
0.032124000201251376
0.0382447059842274
0.04027826570409964
0.03670870899254568
0.018936632185264608
0.02607250644587838
0.03775659945605807
0.03628567865411919
0.039047357264224695
0.03753534968759449
0.04024173878251287
0.03868768033013769
0.032171368791752857
0.026897490036971162
0.028216356564205763
0.03063674626740346
0.04112810751506087
0.038101254850042995
0.034681987634133875
0.031007608439000967
0.037847924043885574
0.04008178825941457
0.04055714446152678
0.036725314604349454
0.037599692713369874
0.03952358920528119
0.030652531237490063
0.041876785477096196
0.035848638403710664
0.02678159205411668
0.035293700734744735
0.028849194151079238
0.03165192557601231
0.02882864714151531
0.03461720062499438
0.024474818638564516
0.018207900086569608
0.04091610440278076
0.03614673004729355
0.03742927050129646
0.03207087568391316
0.03734337486396217
0.04130053073477501
0.03824621864852502
0.037279865363947534
0.02688823106357802
0.03589016641453108
0.037597718879932095
0.03730937348151471
0.03881889094849682
0.03288151280424843
0.029280558800683407
0.03811901474807848
0.030823271648288637
0.035954727740688586
0.03406388648018068
0.037429798277786364
0.0353788192924669
0.0380013637155901
0.038670940541389864
0.03894749493877048
0.04153271698148582
0.026586237756811876
0.010608068073405358
0.0
0.031637456717473374
0.036086555233950504
0.026799103976812334
0.025788559478171404
0.040945828044412574
0.04169958453324083
0.030047253862035363
0.024166970840979525
0.026540380100816833
0.020532666044785
0.020430898809863735
0.018690255682670655
0.017695951381318874
0.02973896896639119
0.030039502648701776
0.027773051343476865
0.03308544095576041
0.03592846723113184
0.0257345439552444
0.04099785526502981
0.03672125642719272
0.040163695341255155
0.030123360032300484
0.04090588712603665
0.039059040038222345
0.030571657007162335
0.03277977328299505
0.03674202971331057
0.03787638176387102
0.039475574483631995
0.039831155446749616
0.03897783627547506
0.04130708757656828
0.03816294001999846
0.040132691965852875
0.030551317503869132
0.038897764921871275
0.03194385086022661
0.02188454747548294
0.03517303246441058
0.03957373815368191
0.031410560647975636
0.035067166774833215
0.037768679350972154
0.02937375431552082
0.03692354792199037
0.03472714384499792
0.03227606787325169
0.036242306153601224
0.03725559759859159
0.03787588616986405
0.038961767269309625
0.03075178084402807
0.019702499949245028
0.02904671705214572
0.0371291765515912
0.023401692730790364
0.028024575339433776
0.032732172182919884
0.02576251345853267
0.029711557808971997
0.02870679954750104
0.0
0.033959808250965826
0.028620693773741372
0.03467715805530935
0.01977929342129184
0.03523328330509871
0.03409456581161743
0.030315970786630512
0.04022655842645168
0.0294060736915438
0.03892076909941529
0.02961875540798122
0.021476981807798348
0.023516394380043798
0.02978791769721879
0.03335969540955212
0.006824042945534561
0.03439061955189615
0.024219171246290465
0.011524826852170092
0.028012982150301853
0.013171572277067046
0.024878872413920304
0.027529407807370006
0.03434806805016475
0.01919289309060779
0.03732153317293092
0.026527884168918
0.032591930489616616
0.03932900333074816
0.038531103796283855
0.03345064031607701
0.030427524913034472
0.03920873047856492
0.039635633116155825
0.0376142710147193
0.02741016934866002
0.02903590399350428
0.03388706866638067
0.03582059373792921
0.038225947856189754
0.03048430614266952
0.027193268143570388
0.034907511547033136
0.040380432482486656
0.014012349917919614
0.03816221193851312
0.03069266756581368
0.022908758898726938
0.0
0.02499492318729713
0.03979326513318563
0.03303623910162276
0.02476125992997914
0.037542391120566475
0.041805571871536176
0.034437245397679554
0.04152142416913301
0.017550678378785118
0.028354140235874268
0.032801338740648604
0.0291541114669527
0.023385623653866497
0.02843038858423821
0.01708278117156441
0.025985337212653434
0.0
0.03455101168335502
0.03262864887991454
0.017330083942471985
0.03437336348821659
0.028233225917350602
0.008032635466644811
0.037869087632076304
0.03998608210609444
0.008579211283678712
0.0
0.034331380705826
0.03221466730109122
0.04048140267584054
0.03377523534886342
0.03296323782549282
0.02356140884010576
0.02794397807916563
0.023723388093609257
0.03708061941567322
0.03224832048561377
0.0308047061184956
0.022732276406295982
0.03190234166586254
0.035408217755368177
0.039694293230256555
0.031122816497596423
0.03411143750698427
0.027305129987330295
0.03280932776562104
0.030301909035106593
0.03176768973266104
0.040055737396595244
0.04130053290034014
0.03132127845799169
0.03314929308642952
0.03754331429656121
0.028929353528790627
0.041819109258359764
0.034380166321684204
0.02961784254094144
0.03430115291590068
0.038927698110969196
0.02808125791596336
0.041899616516182236
0.025427633292837145
0.03242200384928897
0.039059292987690244
0.0388894348374979
0.03561611496518125
0.029096740276040492
0.037362219098423216
0.041908748320240045
0.023955795887681302
0.026643662576159115
0.01327884322689458
0.02229885272833557
0.03364228432404676
0.021458228817868397
0.031429757591088216
0.03745534350923857
0.03532901757246517
0.03958073106309292
0.035466158892809366
0.0297104156315593
0.03875290107781289
0.041676456066004425
0.03246160720531323
0.026812616835736023
0.03318561695957538
0.03895922685897379
0.0414383508395537
0.03879801655368471
0.03647516546281882
0.024928392855275237
0.029757449485464948
0.030776157308925096
0.024788916840394717
0.030997834599998924
0.029964992970443853
0.02897785681642906
0.030670954799614514
0.018980881211366374
0.03867289854314512
0.03134801315426533
0.03884085992741708
0.011240874120814672
0.036422158880824104
0.034603048053362825
0.012971870694410283
0.0329272460523474
0.03623645980900999
0.026813513000891527
0.04134476130697338
0.04118860686580029
0.03342816861600417
0.015586238990693056
0.0069814615411101745
0.021844764188244322
0.022010358545921076
0.03532406626970406
0.0417016194360099
0.04111810888754001
0.026235357632877817
0.01857029126218803
0.03968580727237387
0.036273752777255586
0.026467505715604453
0.031753561751390866
0.018472842956320745
0.02595550581925411
0.03940747031298111
0.03874242511664651
0.031878025249477575
0.03044868772146319
0.04164412979035261
0.040188179950158665
0.027907776017169234
0.03052714874806589
0.0333736264614019
0.025534755281380737
0.027722089731160256
0.025719366573039255
0.03816721849018836
0.02840594986496646
0.0320561953055904
0.032327049993514455
0.03757341597755287
0.030583101205851344
0.03788923135184552
0.031236367911298524
0.0316006811173721
0.02381195251392936
0.022430001329515014
0.03999797940511498
0.03451591651688146
0.0326415239382648
0.02967278843410502
0.035405582653728535
0.02537210484804135
0.02657483026634323
0.033308811550188805
0.0312771793262706
0.023196120604753696
0.028840019067461743
0.03380330485950273
0.02672057796248485
0.0187403042488916
0.0343623792084276
0.03016026809383227
0.03441310330090495
0.03211985464503479
0.0354042183756702
0.04037487211202658
0.03699006735766051
0.029056288066005517
0.02699072241335386
0.034475277348504745
0.029893158067524378
0.03207556699152279
0.03611041417052319
0.019369135778885417
0.021616927060329364
0.02877045691286734
0.03697435975016203
0.02383469851082748
0.03275784360250433
0.026870068899055674
0.029996795705963423
0.03418265174479274
0.03437679203360359
0.035909079218872014
0.03708897437481627
0.03701030383660913
0.03719199237309765
0.03871529374807836
0.03845546594048765
0.039561295764821855
0.03324511404795794
0.0349093202224486
0.01837773394472568
0.03026790766062959
0.032462798687349595
0.02411440139563059
0.030082478266182624
0.023708272158016283
0.021587304841850945
0.041703217829258225
0.02882359144977782
0.03396011278728992
0.03726268566752877
0.03944919089366679
0.030271960511154532
0.038134978542992456
0.02867811776801344
0.041399514223702874
0.02854497249204195
0.028110138375126346
0.028548877193693846
0.02797363458725695
0.03535736508439829
0.02786459368371896
0.018276937286737384
0.02551682950133504
0.02773807705098261
0.01814591630579446
0.030748200505011994
0.03411691325218744
0.03637045549048494
0.033228297780782415
0.026776143929408296
0.02020471492399726
0.03483013895622014
0.023536375936071434
0.03845378749291358
0.037750517557414924
0.03097505920929817
0.040751095949770985
0.041225470543746125
0.035760784936240665
0.032033627349825705
0.034389504178746116
0.02838530334570647
0.029837730372015356
0.0276874485087021
0.03542716411692878
0.024172269404022097
0.02774439596098649
0.022421794151035013
0.028295846886753018
0.02737749768738007
0.02366954508125582
0.028879338608740233
0.030241187079358352
0.03333731183377066
0.02689656655377046
0.039083947939110866
0.04076512478518498
0.03860633204694471
0.03714236085125644
0.040620014991737736
0.029255115598643678
0.019507746604874705
0.028178548584206774
0.02180214831983314
0.031235572737915683
0.029324154224802484
0.02718480871593325
0.0407440110043029
0.02398555363245873
0.037124444501298634
0.02881167375370256
0.024528609971215243
0.030249313548685132
0.011764018807363384
0.01727351639553073
0.01967632810703028
0.02340428094091152
0.02087652501764842
0.032182792874016916
0.02804251535722144
0.039533945338570214
0.03918083914144926
0.025739435698585784
0.041419915370561736
0.03258181419263408
0.02287962116119935
0.030098440635179403
0.040374614996963924
0.037702985083170985
0.038691256677187306
0.03915578932410536
0.04070912438759967
0.03405739639953101
0.032258223783422794
0.03671024095130188
0.02954554497566583
0.03196905761435573
0.04117459791260747
0.03169061723860008
0.036796273477673655
0.020697986316547862
0.03192015755996615
0.030276128597099872
0.0407227372071531
0.03460193785011865
0.036918892734826514
0.04160268746217667
0.025633000291101268
0.030459590466216078
0.029407027479671582
0.03153241497232892
0.036533346054124456
0.031171550002468656
0.03428757026695831
0.03345024602977487
0.037605347037293776
0.035053359225454404
0.01658117214267431
0.024064819810555176
0.025543769070863444
0.039263457751069146
0.04030845929334694
0.01909468919374241
0.03548018275368237
0.038392751100041145
0.040881746563431
0.03436757959751806
0.03883640679157773
0.03385944046208538
0.03424499556344876
0.02537906681778096
0.029499281551744427
0.02403559224547033
0.028157595341024577
0.026793459877496806
0.020403892249534764
0.02872344897256229
0.02778216012851142
0.030298442551391958
0.024746845211393496
0.02049061339369806
0.026128674336508888
0.022022958503570715
0.03807987281989778
0.02747411741075583
0.03285634622854474
0.02879701285305929
0.03743576758357488
0.03295998688514226
0.03030862971297317
0.035947983354146576
0.03468730958804374
0.03396248044436518
0.034128762170638434
0.03234382961029811
0.03446815857206638
0.04062808748720234
0.03319856447032951
0.027265483256307815
0.02483956366923089
0.025356821808933425
0.03130525827104234
0.030498038126135423
0.028227587152803855
0.03355060378787915
0.03597940613534459
0.025028682516265183
0.027122574660971985
0.0279811791724366
0.026858798279730405
0.02567059146903318
0.030667700010606563
0.027687372381794674
0.03142890402936023
0.031064762372592192
0.03088959799964385
0.033471715813976406
0.029351036458250566
0.02439716689638369
0.015113534204517198
0.025662251878434645
0.035699947029994954
0.040346590265035245
0.03598751133564723
0.030066666580004155
0.03318338296768429
0.03373220463135589
0.035089825775253686
0.022643480626166997
0.029986959782026913
0.023476107280861084
0.031976515960459403
0.03584794149037583
0.03410603615216862
0.029913223001864962
0.029212441021804106
0.021205360159224234
0.04001994589277591
0.03254601838108311
0.029369671766402212
0.024239327387994936
0.03403502934148986
0.03174880466324197
0.024197030311564602
0.026349001735655
0.03271628758519748
0.03950209435706554
0.035694074203542814
0.024774433471256827
0.036612596446607325
0.026262707432619357
0.04104768652613597
0.024068943699424104
0.03218242784728267
0.033998836974695926
0.028064632613286643
0.039462007491763505
0.03855118541068349
0.02253984310653341
0.03320917374351465
0.028899465735221553
0.036453655165977455
0.02739733635766727
0.02827734671051975
0.024551714079622016
0.030423580666834833
0.025452065204525733
0.02946699407809153
0.0335653450065038
0.041513395346830184
0.017437859510630857
0.018614537524472636
0.038328386761432534
0.03876319619711975
0.030319739439637422
0.036188127682406646
0.03080014562433113
0.031645882079071444
0.03628259240308125
0.025549430350797965
0.021253526219131087
0.04185748514103165
0.033078822120196485
0.03000694395282463
0.04033942316691513
0.03170756945389338
0.03283247223605643
0.027100292853502513
0.032926057963265906
0.03467787126929794
0.038414222960094516
0.0
0.026632262730098565
0.039031792950748226
0.03908468784243703
0.03642493790523322
0.030533661323527406
0.03464750595024566
0.03515398245063439
0.023358368157292836
0.020438794490334408
0.029156183827601444
0.03199324871034666
0.030842191951543026
0.02317357351192308
0.038485285317800114
0.029905663306710305
0.02735632947735017
0.038485913633676205
0.028528779635200643
0.036906956783474804
0.028821527072875597
0.03895127777033901
0.031706872824873514
0.03557642902167855
0.030614267863009966
0.029283364934496747
0.02799832432350103
0.025657268423088155
0.036920493567159735
0.04017666832118647
0.02607581604935888
0.021308573038099007
0.026539333393451207
0.026288631911446262
0.035588203509144274
0.013642870995800109
0.025491229974704703
0.03242799951078706
0.030569618479791377
0.03235949417565699
0.03268056176625526
0.033377696176676165
0.028824111602142693
0.028649100601012105
0.03821005216829839
0.02302787832297316
0.03160800410255193
0.02485208016444497
0.02716211923506707
0.026427476622901593
0.02652008770473385
0.028735899085052596
0.023836328450124643
0.02878189758419245
0.025208827784228643
0.0335878966926412
0.03322631987496629
0.03190607558622505
0.02632383148517707
0.029679657874273947
0.0215882042723428
0.03330587128905774
0.022001610930193274
0.03028784572804466
0.03259812275558366
0.02749458702443973
0.033063709798314946
0.03885654146096881
0.0310581912400808
0.036120997451572004
0.025867827806713022
0.030926948375735085
0.03287374317485163
0.02334801138749727
0.03293895746011333
0.027754414360631557
0.034304370309077445
0.027056603629575366
0.0389983571600613
0.036930239465932595
0.0280662951954831
0.019890190738971136
0.019295717368110494
0.02891131012709918
0.028450226100774408
0.022103768300893875
0.028949607109781745
0.027958178428386028
0.034417103398634546
0.026778870779582735
0.030315927701560587
0.04028533924031445
0.040931214205371144
0.02685158942764434
0.02281530580227037
0.03879462616919553
0.032370348764792146
0.041047203990797185
0.022718051418104172
0.024491242074322423
0.029037032100254913
0.034570761189868425
0.02600422679967588
0.03998576784499105
0.03821908068188458
0.006793246360172747
0.02339593524914194
0.025559709522957302
0.025566903641883177
0.032918628312669077
0.03533086748542591
0.030544162828599564
0.03233518353977626
0.029823904879222245
0.033662968909618146
0.03212305878959841
0.027574962585131976
0.03675614792016428
0.031064605841550776
0.02892976932745924
0.024502951627190555
0.02804408057479704
0.03227844921810249
0.034382241981387215
0.03178206792840195
0.03565893399423125
0.039032105795572265
0.02722144917831053
0.029195786094110665
0.025158429369895072
0.02860451345504779
0.03240730924419649
0.03422954707504852
0.028113375050320712
0.038121138175839286
0.034808518269199895
0.024173419313628288
0.031080665931069545
0.02299321076415601
0.03155810741109748
0.03778374839609625
0.030146415720042525
0.02808176268968883
0.026518327624878664
0.03322055045052853
0.027635708743678527
0.03452132947208143
0.03449095040504077
0.02185046958305476
0.022626147763873863
0.03299937589337174
0.037966480844614625
0.026743111736365816
0.02344739217397104
0.025186107570554794
0.028097719977221693
0.02463361250811574
0.03630962981288516
0.036067597118119715
0.036960490562897026
0.032640684456709375
0.03583993320977987
0.02767222278346596
0.020649457512547376
0.02786241609393978
0.03430692440255998
0.032340579050575566
0.03676004236271878
0.03190694180832753
0.03880118865709037
0.035634373036316516
0.03748685337732163
0.03139186805749063
0.028120508288218243
0.03358942762115288
0.02511368370751531
0.02286018822837489
0.015501008838136954
0.02433252321608323
0.028120961790829953
0.02866785386243832
0.02430119279931292
0.029679415246041136
0.026630504467806626
0.025696179352434883
0.0289220820255713
0.026128853607330995
0.03044339367387801
0.033806597661468867
0.04101388708083126
0.041800934290994025
0.03031865265989096
0.04046146428127794
0.038258234843861524
0.040900799537711766
0.023352486072260065
0.03014787492271016
0.02709743449037198
0.02852658689279303
0.03659000664813003
0.034794842654215875
0.04041381086759624
0.030119145661362364
0.033183434283009634
0.03289965291158079
0.022034353490856064
0.03519371763553844
0.036474732123759464
0.04031103399442882
0.030847589922546357
0.037223796750734624
0.015008988467331733
0.030123953080874816
0.030687388949208444
0.028239877259659502
0.02353010820204614
0.03017528962781389
0.0089109139542473
0.02716977109086487
0.028254634699461444
0.02991882273231186
0.017229460939042797
0.026081584793231583
0.02885890705359687
0.030743337818948696
0.030141165641859313
0.02676184551916853
0.03010914799709728
0.03507903353255518
0.034799813073761496
0.022111540398624552
0.02967768779260099
0.024734371762230378
0.0304685118409931
0.03340431651748024
0.029316674033856665
0.02396220535682187
0.03948090820687243
0.010180847422980107
0.03612799215879611
0.0
0.0
0.039829008995449035
0.024013457364436303
0.02181991547207279
0.036253285480341846
0.026809931164692585
0.024625902877413015
0.018900235478030436
0.028513701004955455
0.031920702240816626
0.037345610213082636
0.03225805311468751
0.03191566466501996
0.022943187555884387
0.03578793104263639
0.02372735423865598
0.032738815982204766
0.029635371914318892
0.01709410547162387
0.037785320818259936
0.036639708676606215
0.019726438401292845
0.02375182511557772
0.017714334961017077
0.02475230104042694
0.028528537757164765
0.02496628378106634
0.03780552511119927
0.03985281918377993
0.030754522088791977
0.034430110151863376
0.038884956431761576
0.04093313211096924
0.036635540586096194
0.03716590675622408
0.03948692166647642
0.03057626052820863
0.03273029597189977
0.020314977294405723
0.02425113111506348
0.016404446636337444
0.02848407153650749
0.0333997618549706
0.031002488442350106
0.024273351182727138
0.03316409609791489
0.03714036125810645
0.023802716130027404
0.029101959842079302
0.03758647943816423
0.030750595431352563
0.03942599657659708
0.028967291926077842
0.02933064929227199
0.026747590385991657
0.034352630206115654
0.031685080477011775
0.033287632114983444
0.023517751769939685
0.030824584462422068
0.02507169526688529
0.032320499059265775
0.033597661909176395
0.03393899314786195
0.039493418599653975
0.03913545261601051
0.022023794301088744
0.027160231522597642
0.01942350259672541
0.02774848576784262
0.0289190766308967
0.021623771329899295
0.03516294959468499
0.039846613905120044
0.04180222163429238
0.03212475921838944
0.036396606907444055
0.030185111324854866
0.039373661530502604
0.04070649667126784
0.04141981856945456
0.03766777838362691
0.04012387590351553
0.023152856042397925
0.006742307728070548
0.012094499472900914
0.007942986670642267
0.025415909263031857
0.024764161547296923
0.032674056998156
0.03608962690691057
0.0368192449833352
0.03272078035581908
0.040602748400351225
0.03552877253102371
0.018151712445937513
0.006730951734338909
0.024191897287337946
0.02401814235374995
0.03771182396251869
0.04102007450822282
0.030313567745813095
0.020988573489401245
0.01804251728941625
0.033519590530436474
0.034466914341437574
0.019341485185993403
0.029900538953192078
0.030374728120923247
0.02526367997862739
0.03413825443165804
0.02516584218737779
0.040157240898474424
0.03526851664714571
0.035792632245793876
0.02901737256853631
0.03652529314528654
0.038064834572618576
0.039969893957702674
0.041854181535173327
0.025175533506428927
0.023414938543587775
0.031836707955279375
0.025554848611308027
0.036896420713668214
0.041811002895713
0.040522197698792145
0.03732069616280473
0.03514169525072284
0.021038178431603837
0.018762493881855517
0.03939302393269833
0.022158793248956487
0.03870552526731489
0.03078457640559997
0.0
0.01852333749924964
0.02370150420039016
0.011163253882717158
0.0288609266165635
0.02849198461994769
0.03142869334128647
0.029567009670302364
0.03376349560870053
0.038111584035542566
0.037578937624849706
0.034895095232492374
0.03867572119820625
0.038706366928255166
0.03280720308865098
0.02758885180053483
0.018629590992893578
0.013194840077343348
0.020070178337269328
0.027624068342929006
0.021216916779751297
0.01923377658411104
0.027879087920260687
0.028962904144961093
0.03065606017726085
0.019345535676222533
0.034970081101416896
0.04182286460910555
0.03355183172999677
0.03606128930375191
0.030014589310866802
0.024374603250617213
0.024034829766208576
0.026851428503404978
0.028608080545359807
0.03960191933553039
0.03451459044692555
0.03043758959623069
0.036454809193301255
0.036915849865274825
0.04037382064534175
0.03484203956519337
0.0
0.033293014906181244
0.036689034393610584
0.026851591660987204
0.03269529142583076
0.037998500747277134
0.016053114523010458
0.012445515196246445
0.01284491706863068
0.034390008563714394
0.03240907521113218
0.02926059612223529
0.03217001655718034
0.03203215842441048
0.03586929619081612
0.03068885137019433
0.030657194661123186
0.0363644528876253
0.03288862989484359
0.03568992489358861
0.030405633933834768
0.028653575632200005
0.024299668604850354
0.021408888982668416
0.038619121172030826
0.02238198856642321
0.01968395694185715
0.033346575876747754
0.03564004246989895
0.040671775775591584
0.03571067965695936
0.0375062098076957
0.03921473093111826
0.01825149720399671
0.027500968161934747
0.041827761282736825
0.03826773612453728
0.03940653088490173
0.027377895709004466
0.04130004937924165
0.035108950723017285
0.027212813580064343
0.024942954476790697
0.04189227430770352
0.03527513261956831
0.025061038015383917
0.02778807255859277
0.032498093240041076
0.032887842850474774
0.03007809024531904
0.03190166558080141
0.025042733884367847
0.02066205353637433
0.026981855278070375
0.03430476924589466
0.02325045989931793
0.014356357180667025
0.018236959457376654
0.02463259501006337
0.02486191784315923
0.031112384073960355
0.01704134464816672
0.02012728123189459
0.037529248049969106
0.027819525459992774
0.02649003258579823
0.02285948889696841
0.036739862142770564
0.029729667985574058
0.036524273549001875
0.03108735060361533
0.02853401662006734
0.0329774694906163
0.021773532949052276
0.017644093784103004
0.030281677609193956
0.018532206040296487
0.0241320754623892
0.03812491138370437
0.024745876910040484
0.02446310961182164
0.03227293005838467
0.030310693777793742
0.027705918820441582
0.03107558190949752
0.0265865877565909
0.03511183093899262
0.02786161328308907
0.02137749209935658
0.020811678237028293
0.024518579411619886
0.02118532660974073
0.019986744863293767
0.033866606726848485
0.02383662563365692
0.033136105908165694
0.023237330146599865
0.0251644242538505
0.021922644790832137
0.029525036052758122
0.0306404630373077
0.028461124381535287
0.032491430067211696
0.02980404416061895
0.041514701492904635
0.0379686229766838
0.0326794909983859
0.03878125796132071
0.03173479808587275
0.03585948022417162
0.03464076101974055
0.026093817396918913
0.020178789213995393
0.02594150576447182
0.033669709212881524
0.041714502152540536
0.03998837976594934
0.027924807850543833
0.026453388634539783
0.0350739822935168
0.029574082171139427
0.03725797633338246
0.03742214450566371
0.041524482967318414
0.04098785074076482
0.0318347632271452
0.032321187894417645
0.03204720391566942
0.023495794144258845
0.03288668115596472
0.033097145408441137
0.03398614565019468
0.03391289924387181
0.03009487344997479
0.03171951639895123
0.03210658780163174
0.03627587478563125
0.03304146727811318
0.03252586320073801
0.027334919436704287
0.03049245957928686
0.02360353584917597
0.03059475349612088
0.028189459178867473
0.03186362333814068
0.03171992325425184
0.031856042595245854
0.025174232116139804
0.03825916018642536
0.03141881499200333
0.03292649420674714
0.030509292052190298
0.04094204067070713
0.034455228468296406
0.028459992273253954
0.03780726059296959
0.031189893261991817
0.027801078668384688
0.03269599262065609
0.03588997313740786
0.03623186303496818
0.02683050695337305
0.02817917494716847
0.026603138736101165
0.031959818849298806
0.026292299928817115
0.024594346584462638
0.02246658143916209
0.0276112144919817
0.02564600819111789
0.03009656381200362
0.025085273832270605
0.029623611858036972
0.03727489944869069
0.027739756753619928
0.021173261153634243
0.023602604687203713
0.027049243782751985
0.03668824655951236
0.039142912020320414
0.03650455009836856
0.03321583533520761
0.03584953036346473
0.025373642556466642
0.0333923023416927
0.02610102210429483
0.029450933145835845
0.03595891047595937
0.036882790946790964
0.04146844847278229
0.023715821087277374
0.03174541704640214
0.03704105898114198
0.02804970675673613
0.03040641641835236
0.027122253625431327
0.03725538981019681
0.02812572628478914
0.039341898379557705
0.01702676621610174
0.023190572937295026
0.036447978566299784
0.030028873518353143
0.04013469995678678
0.03039071762992332
0.03949291868057055
0.03771880330161828
0.030500280555430952
0.033867561780887796
0.026903066041287452
0.024075520889458787
0.0403001127838726
0.03832565428025986
0.03211077272590712
0.025115907001942862
0.025932384838056523
0.0317757380099671
0.03387301122322534
0.03787587120596534
0.019598912452962507
0.03261551114462342
0.024749154588257622
0.02990919467494486
0.028795351758948876
0.025363267343354163
0.03573233260138487
0.029500835029100482
0.028897039815989196
0.022683190454754493
0.01979803935631067
0.02553600645279281
0.03436905181427767
0.037027376868399124
0.032420840364552395
0.035325476234149056
0.03136824547059899
0.028658892341276665
0.02703333215880349
0.023376394900979314
0.025903855007224405
0.028543907851774856
0.026744950720007425
0.027077482363984207
0.018210168594771474
0.03356371734293654
0.02255711725642265
0.026340776258018724
0.030414165372867424
0.03481265588739083
0.027053202517428165
0.023295116427268576
0.02118745177693623
0.023808983326055907
0.032823962653540054
0.02366016055804893
0.039798484643909976
0.03421011046463455
0.02902750332440762
0.024191258970014062
0.034907894090860765
0.024689067763137132
0.02530620882582814
0.03341303116084283
0.02260010448732068
0.024710456073003477
0.024637654534179123
0.03633029176645612
0.034933593051945086
0.03009941786360403
0.023437655638149903
0.0267933863502005
0.029892619784718515
0.025216286960576206
0.02350909019932509
0.03104182511716943
0.026264781614262434
0.031975327488658264
0.017653514968979968
0.03172950420505758
0.030547067169308578
0.027939184983031128
0.03062008627446748
0.024923036676649114
0.02680596446137314
0.02401050548994454
0.0219626491489529
0.026474126237942226
0.025029065021989906
0.029393290049658145
0.02721141469199261
0.02244932934766648
0.03538868886348295
0.025210894628334604
0.0268618196238239
0.038540997070771146
0.024769689911828235
0.03339508527047404
0.021463267453022954
0.0299813681691864
0.026072974700294998
0.04050326636616014
0.035025152574863945
0.0333190560195372
0.03406766757009742
0.03587302360850461
0.026031586749608624
0.03282462574816784
0.024704826923768016
0.0337523194213718
0.024067614509050362
0.032137032201807296
0.02876066364599438
0.03212062454712747
0.029404814627295772
0.027570519636387184
0.022896194799087843
0.03553523823026986
0.0345268910313075
0.026315712979513864
0.03922981003478089
0.026282176225131914
0.024661493423869477
0.02859363434364545
0.021558042817067125
0.033650046386037843
0.02426719393280657
0.03218440079097149
0.021882055408633316
0.036590314249435936
0.022916830965447395
0.03365075428783149
0.02262292527698615
0.027049190750737303
0.036981998007863205
0.03776793640898492
0.04035123188406993
0.038218838759494826
0.03093148843024214
0.03606033411631121
0.0312789979565629
0.024354104833627935
0.02754222677269346
0.023608560546547478
0.019519397850484795
0.028798233637962363
0.026056962992430467
0.022033010610118694
0.030112989982093115
0.02144403328415948
0.0280606425983489
0.023015056896274994
0.024293903398846798
0.02531550665353153
0.023102176636845297
0.022558163823644832
0.023442123917954232
0.020798612346745664
0.02937869721729523
0.02380646743219165
0.02545852110186054
0.03100362956211412
0.027481039749141217
0.020320390067614418
0.02599995962196376
0.04122385844907134
0.032632854508318904
0.02358004745310371
0.038838315556263964
0.02514309168166275
0.034565264467401303
0.025713621889050575
0.019546280031312927
0.026976683423491007
0.021809208450789576
0.02958444429192019
0.025747078715630724
0.024312503917842333
0.023312854968402713
0.025093742277504133
0.021780341843334324
0.022143388625802857
0.0343099491189574
0.031098290494479215
0.037804676132813776
0.03194249634890809
0.03385909665633027
0.030237531460091036
0.01757325079659419
0.02592485032502602
0.02711626278581048
0.02272186780532137
0.0329598621582341
0.024918039338443537
0.027818079219259082
0.02776413410519246
0.03428282031408013
0.03503949161259534
0.024181508469430686
0.022270037823048327
0.033177585396900314
0.03636025059496833
0.022312838103880954
0.02601898942618645
0.025771157456362444
0.025723615824337822
0.024874676772975408
0.01953159028503564
0.01593501146061728
0.029717921633565843
0.0
0.03071134514685352
0.023167315859983665
0.02378002922407692
0.0
0.03881182468626017
0.03313405504157094
0.027963833299860703
0.025755742165868324
0.032706343694359936
0.03920183611108039
0.02887365557934755
0.0
0.023314745807750097
0.023060198979458463
0.023635914277218156
0.03528334404758142
0.030074526185222366
0.032083197122532964
0.03915625866733854
0.029608250094753413
0.028882204215745062
0.0271375176941445
0.023204673106941128
0.026986127254270263
0.024676580764865036
0.024386969806577927
0.03162229988819203
0.0349048286498312
0.023452062651550323
0.03400542420385248
0.030743276910128455
0.02709547808685246
0.021785381257980144
0.02851519309524762
0.03045236964507034
0.03715037931521646
0.030763454094306537
0.028060208178130066
0.029276011184500458
0.031970380762794404
0.02625148632029614
0.033778162509823025
0.02050299114357061
0.023853479406577123
0.01986317382326719
0.031360505977114414
0.0318995940621507
0.03240952719928586
0.02681945991253368
0.03645809861257777
0.036348531252967324
0.0
0.013874639490812007
0.03721833154804224
0.03623585066572536
0.030613647466811653
0.025999956468177106
0.024597176829457237
0.03938604118250525
0.03188044688123023
0.03344105484558151
0.034520997231983666
0.03441912657433367
0.028681226645985217
0.038201908541619034
0.026631046140677177
0.035543167507975426
0.03034709418371147
0.017377917692673422
0.02260518827184502
0.02909647890344329
0.025536498131889504
0.03458684153571499
0.035158096986760715
0.02913450393755661
0.038996326574229474
0.0352800888191909
0.03529393339434471
0.03145602572286881
0.035280608208738504
0.03006757471651703
0.01855964964947104
0.024211489906080127
0.03537351039511726
0.028769521693490476
0.017873979426964594
0.02511878726794937
0.023177946422125815
0.031984814452646816
0.03689353132595181
0.021106757810658
0.04040898609936284
0.023158023928678575
0.029823547771685405
0.02345090730327796
0.0159168193570337
0.027742274346034285
0.02235139947706476
0.029326494061737512
0.02595332766537359
0.024110550224434976
0.031960671544297936
0.02305540531102316
0.02594343485893881
0.04068238287791162
0.03098811911801408
0.03694640350064743
0.036551423240426956
0.031603021016479826
0.03397182021548285
0.03019645646408948
0.03972962042886243
0.0237352318926949
0.027852433461999344
0.014674652187104743
0.03464118775157687
0.023802981277445928
0.028314086390029327
0.023012469833404003
0.018015617770886082
0.023223567574728085
0.03138458094813433
0.025353577238725167
0.03142333647744941
0.018694590042977702
0.03030209914191167
0.035866244401290784
0.025649402565227974
0.030276984094357817
0.027987148200359493
0.0139084634225992
0.030323779450848173
0.03234079770245703
0.03124458678515378
0.02892367353570431
0.035584215473669634
0.02620393988612314
0.01695430141645472
0.017395273372025524
0.03399741600548489
0.029168127162570428
0.02072694162678134
0.027126616318491056
0.0352028167703652
0.037639670980691715
0.037865382254718034
0.029333951493486516
0.027425314506127417
0.023051650052412574
0.02082798425796404
0.03521618736745943
0.02824818160851241
0.028713139685952155
0.02969321321368117
0.02706042136515955
0.028367180488587454
0.039154913078089895
0.028595746317743698
0.025634291556553706
0.030657979242548622
0.02826556215631392
0.03408984962778463
0.024404963965138277
0.020972362519209836
0.03456297830159706
0.03851393862048534
0.02958941666514591
0.02673864508916359
0.02184161714984493
0.032573874690330275
0.03906259036698907
0.02976995608172195
0.030000517765267444
0.0383898948913174
0.027821280881528167
0.025834733883210916
0.021318599950486718
0.017579723985192496
0.025673839886156503
0.03345989394962276
0.02955062712903071
0.0260111791570591
0.018864348933018263
0.0205458001655921
0.02983868334752023
0.03660811917735088
0.030093984132380958
0.03121985530761758
0.027381021550767774
0.030271386078100506
0.015850188951915554
0.030376388092451204
0.023507876520434522
0.027149070379845278
0.02081342575852313
0.02715632393689588
0.022487009775090157
0.027589293668751808
0.03479263805867029
0.03007068591103298
0.024323155140729625
0.017415330769540435
0.03084937348294132
0.023434061163883926
0.03258006759631186
0.027991948426543716
0.02744608413041371
0.022169143924232443
0.02339301292052808
0.02641722925770835
0.02587228852923533
0.03536676017483732
0.02631537186761032
0.03576845037040319
0.031715410901552714
0.02212930337370695
0.0245544258196242
0.012608427959206556
0.02712555563500882
0.026062140287945835
0.03284111908216099
0.031201493104129372
0.025288625448125067
0.025677929328997658
0.027047276654630126
0.031650365188730364
0.030885185932521143
0.0290319556254828
0.021587085014990876
0.03122713062086397
0.03466890091863657
0.026018611219770168
0.024502113301713445
0.0233188217125673
0.02734677622111038
0.016333051995876334
0.02971631031731557
0.031167441679312256
0.024131265334429268
0.03020124930985518
0.025489210741453265
0.03225651166281104
0.027930067054957906
0.01841760604693238
0.022772838838186146
0.026081274115200396
0.02510675719850525
0.02861772890809375
0.01770992493553327
0.023404035038027578
0.022326713874639102
0.034674150095478196
0.024732529516433337
0.01730921329491563
0.018021777638457404
0.025621849457835667
0.031911141684835095
0.022894323946341104
0.03702692271230786
0.0
0.02865063024682005
0.024664622027942194
0.019746923757259047
0.023205355773429366
0.020824434669697526
0.02284269792384442
0.023363651102444136
0.011566123864545147
0.03005563657211587
0.0313860685281903
0.03746974603692199
0.02386151787528409
0.03555777148164533
0.04100122095900193
0.030415342885640947
0.0233567000461443
0.03156185144141564
0.02857766424490366
0.032652894325159
0.018776187076690716
0.023073486707474396
0.02994948487140459
0.027518491708637773
0.030600814354127905
0.03527218915488195
0.0217838404878479
0.030184961678220296
0.03599605511247234
0.03765087227280489
0.03255326332247132
0.03128563949810772
0.034245203327765504
0.021174584477754495
0.028253140191136394
0.02614346485452914
0.02972105573848272
0.03452680251319421
0.02145114042552411
0.03093465336735944
0.03596857789132691
0.03422152667457691
0.023785479602480227
0.0206225503711956
0.02657907090522886
0.025075016318262103
0.027181738960904957
0.023383142832391006
0.03427485539260039
