0.038410156461287995
0.05096370834087248
0.04752504712429719
0.03620682043514037
0.03173401794844923
0.044285065748088284
0.03647563425959858
0.05251834557217973
0.055026269333950856
0.04166536884368121
0.029289461225650584
0.028431203427865426
0.03908971381386666
0.05759766685216078
0.045401571348771576
0.045965768604201554
0.03835510303278867
0.04959196393741632
0.03670429192495607
0.05171460873109264
0.026860529899319176
0.04917032948524443
0.03403015180042549
0.037828964414409604
0.061072174761364596
0.026240632957304943
0.057908785480348134
0.04083219617410537
0.031722352986271345
0.05824799735777204
0.06932254961089888
0.05170584732576793
0.05747065920667344
0.05299492443195752
0.06515496259666047
0.058964594892780754
0.04955494004009691
0.052875998433626774
0.0417020677603833
0.04326501687757289
0.04754532508448007
0.04987969624812833
0.060469159751235256
0.04041793417679824
0.05105371252389215
0.041876872414522835
0.06438678802453691
0.036331137025972626
0.037697953398029484
0.029019617311206714
0.04316806274391405
0.0266154218389766
0.030578367842788622
0.031081137870633598
0.041561777358048585
0.04049234155837381
0.03131227625269366
0.02078775557068794
0.032475370443529106
0.07513562301344186
0.06255836902764682
0.04431060064413985
0.03367053565404956
0.021005415300742493
0.050023936103210216
0.03241153414142292
0.029451039705246405
0.024763478407273484
0.021035690541447806
0.020816678718971658
0.02926356957084669
0.032468152351633556
0.03771477244847167
0.036820027529898776
0.03432246135778875
0.031723300446384786
0.023010014919136627
0.036542918001714116
0.04892202299706134
0.03306010713269094
0.03188014177007377
0.023022846204006416
0.03374256322332369
0.052331125048154244
0.047322904757867754
0.050724262403311425
0.04215134658027672
0.03880324679301969
0.03515434637868407
0.05091627536767458
0.03505224920410736
0.03548167577465553
0.037188641620291785
0.05495953177164452
0.03575872203606416
0.03826371576505462
0.022576197066822404
0.0643630350031173
0.04598842578595613
0.03764768822749943
0.03720438791164287
0.03589074374055239
0.028478143293488172
0.025806631746994803
0.02921585048141676
0.022748420098987084
0.03525105465542837
0.035652322236286366
0.03836038983378557
0.04709028436949603
0.0325625462357701
0.03893447412214687
0.04839327588336286
0.03296364203516083
0.0449374476573826
0.040011607300274823
0.04752152827116992
0.03611071936419989
0.026124807810244698
0.038431961617018714
0.04751038047085075
0.062363406987416325
0.0627957718799005
0.042217551985217004
0.043085783362161484
0.0642561987107129
0.055556152683068356
0.06204135813884317
0.0206644660285611
0.036964991992186357
0.036413123373697655
0.024573899638279308
0.050103306135874486
0.055558067807300715
0.02475227254305257
0.058762203519269064
0.02989967248252898
0.038640595094402944
0.024171674322759587
0.03350694951149013
0.029081918948802514
0.036847591451193415
0.06837351509668545
0.03491694067125578
0.05367547303522868
0.045070022580147424
0.032494175359785646
0.03006276869965389
0.03738895938642851
0.026491884208312996
0.03604626280515255
0.03307376444851048
0.03917803048513852
0.029233556111704587
0.03115151390620082
0.03648126352936386
0.03155555859369311
0.029042584859880066
0.03080551763667871
0.04600592302016778
0.039967202393024724
0.042975875371458375
0.03941055163125732
0.02426875321529723
0.037763438776679224
0.030409485415281618
0.02434637114871766
0.019665368637955122
0.01838215201100121
0.05307061372537065
0.03469043758617062
0.03837430070372615
0.031065661547760418
0.040661965798058725
0.02238356239396325
0.06527930139741381
0.033015925712033246
0.025698894066131
0.022793329945402896
0.02504110550879099
0.0519210482680194
0.029940533421475634
0.03241553600609591
0.03999666816279826
0.035645129206667195
0.048685006342073914
0.03047292872591088
0.03929505776898826
0.025294788695808965
0.025894930470846962
0.03283932484646303
0.021254887535644595
0.051929917379633414
0.03539903972200373
0.029458845738971215
0.03792888135269306
0.0394996889780159
0.031333006105782456
0.030351145072669353
0.03589265306176882
0.02339309769521296
0.03520301865696325
0.03529381500918397
0.032151199473308946
0.024793439795415463
0.03215154789776412
0.025460751933122507
0.04211697180519986
0.021722950497879714
0.02461143200547261
0.026607497103970132
0.0309414809025037
0.03151205050805523
0.03105701216408302
0.040189791723078155
0.0343444865143505
0.04351190206957632
0.03854011636062809
0.04197403178515575
0.038326939178402936
0.06604561983508062
0.022325884735013582
0.03869779232078362
0.05260101680119893
0.060842542570474466
0.060554912423622966
0.04721223709166939
0.03285843362536476
0.03535910278564242
0.034616837538721315
0.019702813574518294
0.03904306925470386
0.03932035554812296
0.05773937004788614
0.06186146164908424
0.06376216321350464
0.03334045897977743
0.029633584574829976
0.04907617078542295
0.048479246769420815
0.04544981821410758
0.04293876374114187
0.06404088313359381
0.07021554897832903
0.05709708200166103
0.022280634010029592
0.025370275216393623
0.032409722403624525
0.032303184143556214
0.03776563175444705
0.022253915871061146
0.03070613577146358
0.04636905240063138
0.05538924886085747
0.03112550083432395
0.02065325835366742
0.023265349945645226
0.032801720089459696
0.03368987797069026
0.06508603814957703
0.03927232712271582
0.056662637833251484
0.053280743458589234
0.042158895067500264
0.042681530239203
0.03734872498493086
0.0460704098804601
0.06222727025494278
0.03166477791014626
0.04398345169919025
0.03755663374658331
0.05315112466493629
0.03535209130426375
0.05962852140913777
0.029585568573485387
0.02924305110578625
0.04817147343140338
0.05320344288614117
0.02597233826379304
0.040301337524206324
0.03359564384057103
0.06923388450953771
0.020269709883907482
0.033407765085951606
0.032440705505086945
0.027041496623754088
0.012479878569565951
0.01827250207620731
0.03116996663337352
0.023153568939582533
0.03155888521285337
0.036469034175593745
0.026494618239685384
0.04501372965573946
0.035738625299806925
0.04069992251049134
0.03313727959899879
0.02228101016560967
0.02727775379659219
0.03149693343307417
0.027432332857414837
0.035096569513629085
0.037522911342605034
0.02491875661469131
0.029747814280118905
0.03672791202940891
0.027863142139552207
0.031547214576814135
0.03880617049588323
0.02765052551037683
0.04360264003156488
0.029209183415708516
0.036040007998827665
0.03762008322662894
0.03159097057704939
0.026549153535894487
0.022007005243280576
0.040975242510298535
0.04311083673581968
0.04169751878949155
0.02174190370127593
0.03945356455238093
0.03684072417261227
0.020620690617812888
0.014606450968284139
0.04838139572397637
0.02603578959176514
0.03713471202958227
0.041562677881965174
0.05417996159444001
0.03440967938404106
0.04295462144077165
0.03236957515457225
0.025909069739721968
0.03368986957588286
0.033400473945926344
0.0538970217926891
0.044634557125446186
0.04481671819820813
0.03350495087972073
0.03579467623256151
0.02603914654054544
0.03629012871119366
0.04199732178764496
0.037435864551528655
0.025575117677583088
0.026904302764438195
0.036398250632047324
0.05049326610573626
0.03200568772694939
0.0325105890047862
0.022563668760100943
0.04135091702281974
0.04839886383688179
0.040037934389755926
0.0438583544795693
0.039553636124012664
0.03692065870837431
0.03883935044005756
0.03755827280531059
0.0673749361812033
0.02550188561920456
0.04133221798891998
0.029733115806888158
0.021910460670774498
0.03264870207221108
0.031244015223399164
0.03965740302579077
0.03139243844551662
0.029230875795599687
0.029914347413239666
0.05593317231686904
0.044347975681675665
0.03866102040759743
0.03831300940738015
0.03992910997550033
0.040441303624821484
0.03683641699948568
0.04777513994617562
0.05602466025332058
0.03365194358923914
0.05197575720622069
0.043789553201458144
0.07472730834268049
0.035189616090901064
0.037127158823595775
0.062469749588561586
0.06569142838887096
0.06176582488279827
0.0735286999529435
0.034845815449092626
0.042551062766719966
0.04369667803486344
0.06981336451690318
0.03981959945979008
0.039887478050299484
0.039070968195323734
0.040704746865199835
0.060579900836737
0.04854872168773962
0.0373676458669796
0.039726832581739986
0.05312899107997747
0.035981014233203525
0.04885686337768354
0.028042851944063467
0.037171477241999644
0.04652266490109956
0.04721660042890104
0.04073869861154743
0.030513483184989296
0.02114645574988238
0.03092244166362027
0.051472890303925996
0.03914752256928273
0.022655553805242177
0.018972953641668202
0.020245892351906852
0.022255927572471825
0.01808949969518846
0.022267075310621467
0.03243586589803877
0.03252069712967417
0.0554468489979869
0.0420355597550455
0.03797005320150341
0.018238341484661153
0.0242672031763036
0.02907295488938128
0.021468946447265522
0.025851806767129438
0.018274734793637268
0.02213794892386274
0.019381910847775248
0.035098456837302686
0.04962887368820696
0.039549928201707975
0.03394573938259263
0.028742536965658105
0.037215442023526495
0.03311921503236453
0.029498040726693462
0.024029379057497222
0.024169154814441554
0.04441142530996384
0.06527740051168167
0.02807154281276484
0.028961845038602066
0.05830983863620811
0.039798114921307526
0.031615910306679436
0.023140274931143043
0.037798808727921566
0.01935534460211616
0.025046269972370895
0.03813284444953589
0.029503297096351046
0.031041086928255263
0.023995295408243918
0.02337304263224814
0.03094868163769039
0.04400925218951127
0.050590060260143975
0.04334369919968182
0.0436636205616936
0.04686823228277872
0.037105466229534236
0.054951686687489315
0.04671058082698648
0.05246816042796279
0.03717280494154596
0.02963724740742453
0.03752440141511257
0.043640655988710815
0.06098482254524487
0.03535810721125356
0.0335223878596454
0.026344252530591153
0.024907669396058214
0.02541234288532071
0.030537319501372215
0.019017156584399075
0.027643750028261294
0.02368663064543651
0.032824319506003834
0.03677155327403236
0.027803794339801874
0.05270666844501601
0.05549143446339767
0.033095030180187175
0.031174210944946185
0.03935759967528512
0.03354362592122571
0.03246499556637889
0.0318479422822219
0.04476729114892366
0.045764704930608524
0.026121599490491317
0.016216897555739015
0.025583422788117274
0.05848637500778294
0.03332720572126472
0.019673709510127663
0.02944478319008501
0.01734805988935433
0.025021322620225325
0.024352257670833464
0.01945272109888774
0.037559693346059145
0.031209505503576644
0.02249302272310733
0.03974450377270915
0.06945951958808934
0.03249653235424703
0.031347503310896474
0.042758766383907756
0.0491183590446984
0.024157225847200554
0.03424775556582362
0.04045898821999383
0.035153321700465215
0.0645883878738642
0.03602763090323865
0.04141091747546776
0.026895890072235504
0.03597855156374424
0.03670007742072895
0.05372840429009596
0.03284217468724478
0.03502323170500543
0.03247540228850139
0.02554313119890445
0.044036337543442494
0.031060775499655472
0.019969914752502642
0.019915812709726113
0.05404307836706652
0.052666057318829194
0.049574945011366375
0.0437456607873537
0.049025735101178206
0.05184777383308175
0.049105699260269094
0.02633775464571301
0.03746393103966067
0.053428152368131004
0.036008768825940264
0.0490799096307237
0.050884226850163465
0.044780227686167455
0.04537641398133567
0.043200808315585995
0.024766947302133704
0.04110665072575106
0.030747437880049463
0.040719288696144995
0.04946862059111306
0.06796679936887551
0.04141764234724673
0.04275925224427571
0.030310054809953753
0.02405148898529984
0.027963205984054617
0.03593453393524582
0.038246929821087614
0.022298731665475705
0.03852885314383091
0.025358586280846272
0.04325412772797787
0.02363117695978579
0.03430767049382871
0.02730669980999398
0.051735677593559806
0.0402223653826105
0.054190405019967545
0.07084796211121368
0.0345986156785933
0.024587724115459626
0.0323455639084929
0.021273859092009302
0.030640754541768223
0.025067721666539818
0.023819888137331754
0.03238341910125457
0.037319702594816546
0.0431187751490276
0.03018733436865535
0.04067695407857377
0.06104194834070583
0.02673546815549211
0.04306636146460484
0.04808592167477402
0.03205686145254242
0.02512836474982008
0.030546892282376465
0.029993829775765594
0.043442866777095884
0.029035664090691908
0.02224905386003338
0.04144776903511364
0.04375842528473802
0.0433197111116868
0.06925715529228932
0.06529202976292356
0.05112342529088033
0.04808875243121205
0.025462608527014666
0.03352995512142012
0.028283747252304155
0.03870492087858476
0.030920810644630748
0.020497646968615692
0.05269041431866905
0.04761635231945009
0.05316586827704292
0.05380687696746614
0.05366861210055649
0.06524407927732294
0.03310571437917564
0.03146554464456144
0.033283222696928384
0.038119120882949165
0.03328434646440422
0.02302511359605228
0.05267288935344258
0.02670154148484068
0.031633867458390225
0.040246275164603794
0.04237570773969448
0.03867886405497627
0.045626782915739315
0.04331266453221278
0.03470320425373811
0.034751766590707264
0.03906499657273116
0.030473687707010963
0.03610929840730469
0.02653986391943676
0.029513092802442
0.02682194274429287
0.030169046853105598
0.038341561862078
0.017685444725504897
0.022197640524989702
0.0528818445532743
0.03709654808261361
0.03068439543456445
0.051534241873365125
0.02825454179223033
0.0252111347754651
0.04805415880256591
0.03043765185793738
0.030547472936603128
0.059353746735577084
0.03287966308708167
0.044428444134468614
0.05016086046829738
0.05820657136303427
0.06171078382265894
0.04184630609892585
0.047980246051917086
0.0323242474605193
0.03056605918909258
0.039393334641281655
0.04057020791548347
0.038004879596243935
0.0721206646653753
0.045744160655350315
0.05797646597351183
0.040886293050850224
0.04928967653266186
0.05755257789718119
0.05099484522380662
0.03774454025501562
0.043166524700976365
0.02473791129690081
0.019498400062569247
0.022350325898792215
0.04315737858121711
0.030002732585143382
0.023830831966639817
0.03127921992846585
0.030981553717942825
0.02858474463454627
0.025314960715782278
0.03702662331761297
0.024005699854189485
0.01917301588620058
0.030440557773059953
0.0732476719880229
0.05582304577169867
0.057904437413918486
0.04508459068781844
0.03826298795343875
0.06092728258744028
0.06678829460067587
0.045263535867968954
0.048887810986925295
0.04564735343361246
0.04480261725447928
0.04308243018526369
0.03188396884949478
0.04228467931547431
0.058839480035891435
0.04055891382273442
0.04984822326393809
0.03680540584316366
0.05643183480831839
0.03494158875733066
0.02866591559481214
0.03062553478172526
0.04006693983432601
0.054078592094099494
0.034963959863837
0.03493437415434188
0.05316611281340303
0.04069182538545068
0.040758585527059986
0.043004566104949786
0.03610991212343923
0.03684512005510361
0.03229735564036172
0.042257816690406326
0.05203629935499355
0.02774315120689956
0.029175501673302746
0.023293177060151257
0.02245405554559008
0.02095036522885033
0.03177748130850684
0.04036778896347928
0.03155190651925801
0.026927523946233867
0.02490284455416469
0.03449194784616001
0.03179384584601259
0.05415642333965973
0.031293615495177285
0.022295848504947157
0.03431191677545216
0.035038127925652626
0.025267033209742325
0.027912530507521748
0.02278850627448459
0.029455723644819878
0.041521875542629254
0.049220795759471435
0.02467077341939471
0.03741034922165797
0.031079529742259724
0.05069162585295916
0.04083112457141476
0.05958106681335758
0.058364859924327085
0.05450275041814728
0.0636451341660539
0.06353843663312193
0.051178048814625794
0.06403874777393083
0.027715921622609427
0.03354500033034916
0.03252024775366885
0.026841308855816436
0.018719011122415363
0.0394292400783036
0.06870961587907184
0.024414546733908922
0.0448986189700318
0.04834464083083562
0.041324059019082995
0.026478838561098457
0.026037630817734247
0.043913583427618925
0.03813507179603718
0.033708822737529065
0.031772405623522175
0.03338019473543596
0.029247853771003418
0.04016286384678023
0.0371942349140293
0.044407029223160935
0.04774035652887809
0.04168689553991264
0.03241234656994165
0.028947546115776386
0.03538245588021836
0.04551992560750183
0.032550751276685747
0.05453202217158746
0.04636111770654369
0.025022101066435005
0.022547720027163147
0.038372259797932115
0.03803592799358698
0.025066625369203618
0.019328549307522598
0.037119080811794075
0.02474918012783458
0.026364664955622397
0.025335367098189048
0.03959297308008074
0.03438188722368946
0.04148140430930729
0.027009891005169054
0.0461755763359809
0.02478144559723844
0.03325322438668339
0.04238229047683124
0.04198287605631609
0.0428760844615038
0.04339600684883799
0.041567966965018834
0.06735180335071465
0.05106965228846775
0.02761450518889485
0.03895917325600472
0.034217018862104286
0.026967207732128594
0.030753277132707386
0.025151967772558546
0.02292250005998475
0.0423788047347964
0.02602919163383894
0.03263532010025949
0.04100245447061675
0.02308844540462824
0.026980236212291113
0.037942649053538675
0.032134905565249436
0.03140261469308729
0.04306450494461767
0.033911397659335714
0.029450616942911807
0.03094871045673795
0.020364691094038857
0.033930865386925003
0.04149793697216284
0.03529976465563368
0.05191597061264002
0.020198304073582224
0.026395202280801795
0.024940645469260298
0.021378518394527615
0.03089221778830388
0.02491254307954124
0.026384861656386763
0.030745465728593612
0.01966656690147017
0.025224436253611322
0.0227860700634867
0.03452183378636384
0.037066333359094164
0.04439069739440223
0.04767672115666094
0.012846816834444896
0.047642109180010044
0.03789837932138397
0.032171265795565
0.049883306206418745
0.03798494583548854
0.03192865403781793
0.03245023476321092
0.030860084886827947
0.019972511403871514
0.035425378238100665
0.02223021029040329
0.037231552086607646
0.03082463467772169
0.043860061823799326
0.043077431913241995
0.02370613513886697
0.0333714958360175
0.023271060965165374
0.02792040049657033
0.02906663127291423
0.04880930705222484
0.04006554525224886
0.031459409880034366
0.02251583800103578
0.0399825332473444
0.03711071989061923
0.02204095147673987
0.029763530075622806
0.03467689056580046
0.044877366602330986
0.040924095063299804
0.033413887953776
0.06279564286481629
0.02834637088103167
0.03677557957225147
0.03447257139001961
0.022580719166193593
0.02647655458031591
0.024407854926744358
0.03725159578041592
0.03277513610288288
0.034733768975194985
0.03257201621407548
0.028041501265485425
0.04486375763979763
0.03119717623247336
0.04131625919054145
0.038469718869196375
0.022547642638545518
0.03127832252885197
0.03979570815564518
0.03291202518267838
0.02712911397993823
0.022639189154517965
0.026714067513250395
0.02771092011383879
0.030910597365880137
0.03262212260469264
0.0394645791286392
0.0342921714335065
0.03043630345097774
0.03707216980600137
0.04319615382360447
0.025320124692513747
0.04084523675649883
0.039137304318418525
0.054408577031158936
0.03381081220497377
0.036675627517637636
0.03869328781119535
0.05249120560468519
0.05289932890256029
0.022290114213854257
0.04195597097777023
0.03210394567996614
0.03823026571481028
0.026990820301771093
0.03189389074361458
0.037337301812798436
0.024952791024029555
0.04564975372945622
0.026218368496628452
0.024926217386964752
0.028234440474160082
0.02971094159564788
0.02459951290001743
0.04042847863533977
0.02691622858867944
0.03984295192254833
0.032694609697893666
0.03970106763910767
0.01807324797102677
0.022244991441271057
0.018028681599668417
0.04044113528080048
0.038639122916776694
0.02222257173086255
0.027059202076701733
0.017392354947856327
0.037755263617309055
0.048921639673819184
0.03150720037282482
0.02433396019968801
0.02498474380855024
0.019771579000732915
0.025298963048578354
0.030947287915300395
0.04091055832621322
0.034217511691140456
0.05436612701576639
0.056078149924656207
0.051037576632320676
0.05572703078523827
0.04511490695546207
0.03325828228757461
0.032549218420916036
0.04654240087704973
0.02610278842065212
0.037454469868895494
0.03894986545387545
0.02497741799884228
0.04298878620640503
0.04236371681993917
0.03329446070211146
0.04955398995666245
0.026423112393424698
0.031761803657852944
0.032547805947559696
0.029536233737563776
0.03403317977126634
0.022963864494364963
0.041377912377407386
0.047292326273667265
0.035008901666417486
0.033636157132243855
0.039911475399438665
0.032543892695482135
0.03956290942645302
0.041552390582719756
0.030549948925962054
0.050325431323702166
0.04133789211976827
0.02922353046775829
0.02549136829521902
0.025323127316962832
0.03526944936249125
0.039368813305853005
0.015977224414772423
0.0250790680486238
0.029400922693381928
0.03004946022601736
0.019830028223210696
0.03528547474705427
0.02514556601735846
0.037660373498413426
0.02246094198331356
0.03410161893059476
0.027413603445896856
0.03735459932692359
0.05320431973429302
0.030459198766546652
0.04010986143082523
0.037433287523439614
0.022363549150906242
0.02862760565336271
0.04838885010401557
0.02520000415784793
0.029943117788381494
0.038729887584654836
0.0722019582629169
0.028301997356635404
0.04422766055097759
0.03908454551513931
0.03108476061814699
0.02305626503008794
0.024068007315391386
0.029348228979313523
0.039510560494948666
0.03581575655156692
0.03399273027290393
0.03240652873145319
0.04052461023488282
0.03303015944557341
0.02615840730158388
0.037646468685389275
0.03263784290608843
0.04450043791498016
0.031195422325439214
0.044847291843482066
0.019368403375945444
0.031085722878164808
0.043164463641824614
0.0346532351842018
0.03237673701933099
0.03559925311857853
0.025329976923356607
0.022713295757257806
0.03268325484196765
0.037811969041139926
0.031605812679632105
0.024918761778605407
0.027844827289502428
0.02955848146327886
0.03229570430917443
0.017170891344236022
0.023093105832693805
0.02155504061956533
0.025711820206537943
0.024154855004601718
0.025239541337713008
0.020174859950525925
0.02215351459803962
0.02300195608692274
0.029253292199749183
0.023948182603371886
0.03435646432462007
0.02345134967449762
0.024038294011847053
0.021448360636654718
0.025647940905005686
0.021968737660024953
0.0334224200167758
0.029553162225987854
0.03692756497035784
0.03228260260229607
0.043890302047263144
0.02347659917165736
0.02241097653680738
0.0325597630030149
0.02770910782877479
0.05047905810141029
0.03277073881444312
0.03665511812375811
0.019716332068166812
0.02111812481909793
0.026721609257537294
0.020273268316239042
0.015849602550221914
0.030173218039991907
0.020829027752420685
0.028073844424620156
0.029801248229562528
0.045863940752785284
0.031778646551182774
0.04131608291741711
0.03275960651595194
0.03117564437890577
0.02925207998302572
0.03215474838900159
0.04141458860461612
0.02993909421851302
0.018188943216507488
0.03964702521451006
0.028519874839993343
0.02661654460836133
0.02830091296451404
0.03155510607922452
0.027314588170701003
0.029910328595096833
0.030744392852825844
0.02916503206276692
0.014355969714528013
0.026286542067926782
0.03318859600157193
0.029525532141220032
0.03570505468505124
0.031930906388834335
0.03255879501762926
0.04808580045143857
0.030349605141125374
0.03111370905601277
0.03312309877814383
0.02565703335669704
0.027722854374444647
0.026646715732587735
0.0384504456743424
0.027799198858535577
0.04110019154721941
0.029997436934261587
0.02571250218279045
0.03121389507895473
0.02345531236601858
0.024489665201195963
0.027246557731614864
0.021811137881061256
0.026140437686550767
0.0
0.027617506526658085
0.029304958765457342
0.028829443448840995
0.028203894859575696
0.030557608358026053
0.014200052209411071
0.0493892444694723
0.02110990675607071
0.06311144124897243
0.027824412311853106
0.027795315563058455
0.027617077568745853
0.0
0.04372640036849033
0.0
0.006769360494167838
0.03864121582497962
0.023239922757509347
0.009856360596208924
0.05079299128980076
0.07169132040786054
0.0202226769555863
0.05652472005397108
0.0
0.05279271978028799
0.018775506744160064
0.05302108803447925
0.020461996365213266
0.05259827338473722
0.025609258618759363
0.046148279635389755
0.021442406616329252
0.05176853536611309
0.04690951030500816
0.0
0.045792666031254425
0.012841449694251827
0.060333305069832796
0.023308690160538846
0.04982617707872043
0.0
0.03296528423725667
0.05187836130073894
0.066270611211129
0.014745329235388419
0.04326938403981183
0.038927062708712754
0.05191844060051193
0.05522512594160039
0.05600931857503713
0.07568292522967122
0.0
0.035949042696263575
