0.038409888585720975
0.050964062415168015
0.047524646383920316
0.04428506890377955
0.03647547418965244
0.04142206849414631
0.02955795410935311
0.0525187699816826
0.05502675190435214
0.04166529050708755
0.02928932994377914
0.028431386277609966
0.03909005792423435
0.0575978605548852
0.045401205743460134
0.02573955439896625
0.06751923929673212
0.07057429011219316
0.0308500909326951
0.044308829856474455
0.04336775772068461
0.049170202296462025
0.03402989320665579
0.03782889263489249
0.061072013824573
0.026240493753590496
0.057908715174222095
0.040832290551145026
0.03172235462549396
0.024190358891108307
0.01971377891292743
0.022300333947457666
0.020398325261457666
0.058247825785710194
0.06932230218114827
0.05170630660991098
0.057470679997104604
0.05299506589794995
0.06515486830557374
0.05896447001966676
0.049554749953278944
0.05287607903177392
0.04170219476670265
0.04326495828772856
0.04754528926922671
0.049879007131145764
0.06046909018495252
0.040417741531659036
0.05105400254985998
0.04187698247778182
0.06438692470846483
0.03633097345461589
0.037697828676463645
0.029019650204645815
0.04316831214922006
0.02661548289164715
0.030577995401559234
0.0310808337625589
0.041561914507989704
0.04049251695906301
0.03131215782347973
0.02078768180918695
0.03247576254685955
0.06255846193386326
0.05104000962602765
0.02574512182110106
0.022646867300553746
0.030520770943893258
0.02244258237765383
0.026493210773915483
0.022131380697000276
0.013378835744895321
0.04882571310053248
0.025411539659943628
0.04615151965168646
0.06301554106044505
0.05751157588139196
0.03554630086689752
0.030039259226700105
0.03581705482339697
0.036468227197383754
0.03654298956243185
0.048921980866222035
0.03306016485704507
0.03188048308118931
0.023022935133470705
0.03374268318581751
0.05233115048279584
0.04732271793074125
0.05072448130692691
0.042150874034359194
0.038803142642322125
0.03515399321044482
0.05091624582337121
0.03505219913294777
0.03548138947236987
0.03718863621481869
0.054959636573297166
0.0357589729068957
0.03826366365579245
0.02257608023511219
0.0643631073894675
0.04598834941558444
0.037647586873828985
0.03720480707919342
0.03589068170762608
0.028478077942398684
0.02580666679125764
0.02921592320811076
0.02274868694235144
0.035250956332701075
0.03296365023212085
0.038770316438223686
0.03000806126693291
0.03131583369180037
0.0285597085364592
0.03285701863347655
0.03448662832053026
0.03067229754512042
0.04842368158883197
0.06294907847910713
0.04260688610714588
0.041036004359786986
0.06425558389527587
0.05555347808143416
0.020664869376064817
0.0369649018249474
0.03641338625036297
0.02457359155202095
0.0501031364535523
0.055558347974505554
0.029899405214610868
0.0386390390269944
0.024171629010267388
0.03350619717818388
0.02908008997522092
0.036848835275949586
0.03491588977299593
0.0536764595319857
0.04506968791285886
0.03249420631820386
0.030062807871373422
0.03738897389011302
0.02649195780097977
0.03604633539322165
0.03307389989127043
0.0391780499929489
0.029233401268308774
0.031151680912082817
0.03648124785617036
0.03155513043611133
0.0290424191410694
0.030805538014514917
0.04600598444221797
0.0399672449474254
0.04297590561588699
0.03941038506028583
0.024268275868404868
0.037763345504867554
0.03040946862957871
0.024346219211386574
0.019665465347490155
0.018382158345647156
0.053070585410493636
0.034690543717272565
0.03837407288724817
0.031065765954181836
0.04066191242274515
0.02238369078145967
0.06527926140360342
0.033016085930762606
0.025699079458221852
0.02279342263597598
0.02504146938580086
0.051920973893625114
0.029940136084662786
0.03241604435788705
0.03999670966073334
0.03564510334283797
0.048685201551498164
0.030472791205726105
0.039294874991657645
0.025294828290037867
0.025894687837834374
0.03283916594080152
0.0212549706690135
0.05192957818419954
0.035399261175340896
0.029458956526411503
0.03792846800374507
0.039499931339180804
0.031332432747474326
0.030351308478108987
0.03589269166519144
0.023393353185704485
0.03520270148546837
0.03529436806790144
0.03215140743614503
0.024793463753354218
0.03215179707090865
0.025460315231093766
0.04211643731086475
0.021723097860725654
0.02461135130607649
0.02660772519401086
0.030941204767106212
0.03151361445470839
0.03105661915677379
0.04019007813060822
0.034343683796215024
0.04351154844167696
0.038538482213636226
0.04197047983120127
0.03832663017126604
0.06604684468138043
0.022327675651058854
0.03869764984550095
0.05259985245870434
0.06084292584955463
0.060554296933928956
0.04721236041697552
0.03285862467260312
0.03535812353520227
0.034617091327262046
0.01970260702154811
0.03904320451448639
0.03932019529158535
0.057739153924864374
0.06186149352675798
0.06376230507345235
0.03334068863682595
0.02963357429403342
0.049076055989453846
0.0484793755000516
0.04544994282812689
0.04293850385155496
0.0640407795159253
0.07021551924177469
0.05709714779496436
0.022280413005373118
0.025370094834579502
0.032409535918238634
0.03230311280733058
0.03776547137234786
0.02225421027331436
0.03070604182327604
0.04636908099680277
0.05538913022667534
0.03112579918789237
0.02065324558441119
0.023265456079322615
0.032801462383674304
0.03368977417983684
0.06508634156198573
0.03927230923997214
0.05666204321579741
0.05328088437521991
0.04215863864693095
0.04268170007673077
0.037348899764584775
0.04607047962105019
0.06222738397842509
0.03166459939197784
0.04398309827294456
0.03755694464909249
0.05315092103999715
0.035352461396803765
0.05962829765841044
0.029585579533152637
0.02924332586356245
0.04817135710108234
0.0532036317604248
0.02597233605417717
0.04030139877919873
0.0335956417151094
0.06923392883897321
0.031065513837694687
0.02720594970263346
0.03308744009801904
0.01949470278477381
0.031476332461073085
0.022836415358905307
0.022317757824954848
0.03400753603737461
0.02649514793315937
0.04501412341254687
0.03573860287979932
0.040699814726359654
0.03313735572666526
0.0222811070694434
0.027277794764343104
0.031496902143712965
0.027432076261194652
0.03509709067892945
0.037522879064185895
0.024918838637642975
0.029747796679119334
0.03672783270234712
0.0278633330163098
0.0315471982996201
0.03880600839646703
0.027650650394701423
0.04360256054853763
0.029209066141097344
0.03604002428590878
0.0376201336018066
0.03159097277064376
0.026549111050372266
0.022007364913692967
0.0409752462261058
0.043110710776151674
0.04169778007635899
0.02174180067440498
0.039453471480832863
0.03684069016301808
0.020620429742800643
0.01460654755865784
0.04838132476937771
0.02603580191881085
0.037134707859796105
0.04156305020482017
0.054180006968091984
0.03440965836523955
0.042302956778309204
0.03236900600207703
0.03369002125149817
0.03082404382702932
0.03340039429715809
0.05389696221530917
0.04463457148787062
0.04481682452813455
0.03144288762539683
0.0322317078641611
0.035657866413660325
0.04301116876459713
0.020722843454640972
0.030153723697507507
0.04960341956716963
0.034738239215632405
0.035905745491668896
0.02281190346921731
0.033504906967944635
0.03865298627730589
0.03579468994225956
0.0311189775538979
0.024487767769507552
0.024492540733501326
0.01944745579258233
0.03180050645967136
0.02351300679153751
0.0325625628905684
0.04419559119118219
0.03451948081301339
0.02863235242839238
0.04442977894063044
0.03789973742247729
0.0322873431371937
0.0337938311469342
0.023089789071857904
0.030210107714357795
0.02673697394135367
0.032957307714340786
0.03596620152941824
0.03008344413032617
0.028812196664429
0.03755753539977859
0.06737577350548227
0.025787475128793133
0.0255033663748043
0.02973371667879284
0.02191020273756298
0.03264890994436955
0.03124406031104143
0.03965793396976196
0.03139246280735415
0.02923057448213346
0.029915190918334444
0.05593324275219088
0.044347909272873264
0.03866067612613622
0.03831300309107081
0.03992930846382167
0.040440992109045795
0.03683600662929682
0.04777513503631417
0.056024604587329926
0.0336519320726496
0.05197572882960278
0.04378958937294786
0.019680559163804175
0.044932724199629875
0.03598317206425185
0.04885689670205859
0.02804034035181379
0.03717033592685168
0.04652266012923162
0.04721783613807919
0.04073944563702973
0.05160870329809799
0.04151185784953498
0.05065911732116941
0.06727243804346997
0.02216366134514385
0.02627411601219386
0.052729506915299366
0.045040776356405854
0.027568721014493997
0.06405022135366227
0.045332031282159256
0.04882888036181951
0.04693204470891927
0.0423080329814564
0.03508494792375358
0.03880951901917877
0.07106878913939638
0.06572058919944516
0.03051338624715594
0.021146426178318318
0.030922372562272753
0.051472797038824354
0.03914777143800778
0.022655112094183038
0.0189730583869748
0.02024576879560269
0.0222558219948549
0.01808982196951891
0.02226687347708352
0.03243574970101149
0.03252097438208142
0.055447105562669075
0.042035693390260594
0.03797020898842941
0.018238418465182565
0.024266876997714862
0.029073077890034302
0.021468891359877538
0.02585170449167712
0.01827485539690469
0.022138226208679578
0.019381765491191798
0.03509840158696686
0.049629042400706376
0.039550058197175886
0.03394556157750959
0.028742874342077323
0.03721508585990377
0.03311951307431906
0.029498456882352347
0.024029112572044778
0.024169519181076887
0.04441139549921286
0.06527715468197896
0.028071224433988143
0.028961715799463397
0.0583098294921459
0.039797989965987
0.03161620500161903
0.02314038127326822
0.03779877089923857
0.019355135086098253
0.02504647646764796
0.03813261925422248
0.02950359640036373
0.03104087470779453
0.023993547953471864
0.023373155019285597
0.030948022821426863
0.04400885057349271
0.05058925216510915
0.043343894772649334
0.04366533651536429
0.04686835708996527
0.03710630899037102
0.05495175165251778
0.04671095753109997
0.052468024503027365
0.03717216738398957
0.02963595750249344
0.037524104183624736
0.04364097107595702
0.06098299000028615
0.03535666460545309
0.033521398713070215
0.02634415876339786
0.02490541885857592
0.025411943146415747
0.03054014903361723
0.019016977490886548
0.027643399915260082
0.023686766169225274
0.03282474754916888
0.036771348590818605
0.027803803474824546
0.0527062849775897
0.05549138591259005
0.0330948704012419
0.0311739881600029
0.0393576231020116
0.033543469089563537
0.032465066383922575
0.03184826000937882
0.04476741381434719
0.04576516017277774
0.026121804465916134
0.016217089069524473
0.025583783956943384
0.05848546231504101
0.03332670918910235
0.01967350103283325
0.02944495558759693
0.017348211108545685
0.025021522429450594
0.02435257240258887
0.019452995711857782
0.03756017194865459
0.031209642179941786
0.022493047822852157
0.03974419053565496
0.06945962202207107
0.03249622841673325
0.03134727771097339
0.042758539925493236
0.049118405491857114
0.02415710829264338
0.03424771615217574
0.04045883241469039
0.03515317461681088
0.06458841048150807
0.036027505742140996
0.04141094108034737
0.026895761659083407
0.03597856066725706
0.03670007278858585
0.05372852714005854
0.03284198105607356
0.035023156600312286
0.03247505894990801
0.025542765627255153
0.0440365330320179
0.031060458220058512
0.019969815936947237
0.019916101540099516
0.0540430849544036
0.052666333583830036
0.04957534978837769
0.04374605458876639
0.04902593473038019
0.05184803444413309
0.04910593991972859
0.026337622992382823
0.03746381319056802
0.05342816649197725
0.03600839713344662
0.049080145656262994
0.05088440340451426
0.04477990311721876
0.04537653965378353
0.04320058181421169
0.02476709701286057
0.04110641941684215
0.03074727610800761
0.04071930372470039
0.049469001151105974
0.06796665796625624
0.04141791558432228
0.042759606227957686
0.030310027470188558
0.024051708094742916
0.0279632291780156
0.035934736870249936
0.038246927092817753
0.022298692562168296
0.03852879612682269
0.02535859828896798
0.04325411496420958
0.023631215143516338
0.03430762604233387
0.0273068061298484
0.051735669978354076
0.04022243924251806
0.05419040898293836
0.07084762434830669
0.03459836705774565
0.024587524842669458
0.03234554258379349
0.02127319922134685
0.03064051167798749
0.025067385847395856
0.023819722938669883
0.032383507822269654
0.037319743569575736
0.043118842199581384
0.03018742294043997
0.04067677832462153
0.06104208458446437
0.02673543269903151
0.043066143291917866
0.04808576584148888
0.032056833359870404
0.0251282469057345
0.030547097399843924
0.02999359978091322
0.0434428999341377
0.029035950576397476
0.02224911530326042
0.04144762837063925
0.04375837180380457
0.04331971647460313
0.06925730352069781
0.06529226376766425
0.051123486480449176
0.04808871800235889
0.025462638339775842
0.03352976110197555
0.02828372829362807
0.03870506031473803
0.03092084322964395
0.018272390271937625
0.05269023991521584
0.04761609639368289
0.05316603365753457
0.05380699164656263
0.053668661461228916
0.06524360561373042
0.033105756130920795
0.03146588702777091
0.03328324147208145
0.03811922272146808
0.02951463768518089
0.023025184397862213
0.05267297034077351
0.026701670313962613
0.03163418632389646
0.04024665143446724
0.04237595464836162
0.03868042549497398
0.045626357470216754
0.043313041188538175
0.03470294229006782
0.03475151191311685
0.03906502864535617
0.030473650401023605
0.03610901265766091
0.026539338629455123
0.029513511587444485
0.02682191032096004
0.03016919639084302
0.03834135259095014
0.01768544985712517
0.0221975981680952
0.05288172357619306
0.037096376589254
0.03068450868949274
0.05153452374049846
0.028254599981438557
0.025211218250347712
0.04805412395992206
0.03043762393095917
0.030547711662455235
0.05935382031168545
0.03287982179087961
0.04442871872122356
0.0501608127793002
0.05820672994285109
0.06171029678898588
0.04184630565533831
0.047980130046353604
0.03232435558006789
0.030566306348294367
0.03939331176583154
0.04057010672965447
0.03800472418907289
0.07212056936018144
0.0457441070234736
0.05797650808636966
0.04088638710818068
0.049289679691707305
0.05755249451129129
0.05099502972800386
0.037744543894614686
0.04316656372239982
0.02473781923605137
0.019498157810418904
0.018420397736989533
0.024202716003064628
0.022820614869527266
0.02249903591525869
0.038063884572999994
0.019601524384423512
0.022457975334586353
0.04036228494336336
0.020106733857259515
0.022373506893570958
0.02184323781903428
0.02509755401154462
0.07324797767670793
0.05582314793719585
0.057904178224912235
0.04508435148613794
0.03826294719683129
0.06092731999300985
0.06678783294882382
0.04526371063921865
0.04888767737129667
0.045925095652792326
0.03526494186246619
0.037470625670286334
0.03188305038097135
0.042284064207157315
0.058839693161183704
0.04055889787112062
0.04984796872491405
0.036804422759228336
0.051502724398812184
0.03494155973908441
0.028665732953786174
0.030625548430463518
0.034754517219888155
0.05407877148678585
0.03496413732555123
0.034934381805194564
0.05316557436560804
0.0406921308471307
0.06096976117732794
0.03209873633026697
0.03308474160961515
0.036845063586422214
0.032297370452716426
0.042257688040876075
0.05203591900372755
0.02774286947427511
0.029175344067284684
0.02329305047290571
0.022454068600020916
0.0209499967806945
0.031777424302679116
0.04036763612301318
0.03155179092293245
0.026927260008446904
0.02490268687422219
0.03449200082627848
0.03179355836329127
0.05415651566041393
0.03129380247525057
0.022295300507032635
0.034311808903482025
0.0350381799831898
0.025267301852174254
0.027912593143597366
0.022788339124039346
0.029455636366795098
0.038372111855124985
0.03803631029249116
0.025065453533499153
0.019328384498796907
0.02790007090156763
0.027916091259741663
0.03656427939177786
0.03231091371444809
0.03827457400626572
0.03249114513698307
0.02362796424922172
0.07393481872587347
0.02279418548909158
0.03909415080529954
0.04023617207811896
0.04648066260419496
0.035875623921790785
0.05269097788312537
0.05228552479627817
0.04327709944719609
0.0353842037841746
0.02746045024313261
0.029261893727166824
0.03126816721523672
0.026050293643045296
0.022721965740776014
0.0359456784916104
0.023977806537157066
0.02965436261702863
0.045655642152093286
0.049307036002427605
0.03899597137365602
0.04728216752249209
0.04227162030014935
0.034097197143790225
0.064719374280427
0.04406174497603713
0.03625521877633617
0.048751657894601036
0.0447359747594707
0.049228006446195585
0.04421429019912562
0.02830898494073918
0.034127718856671284
0.01978211926069706
0.02739209071976805
0.04136225492145586
0.027243950990184115
0.02244468296600426
0.036157608460122996
0.01541887438246459
0.020620778145679544
0.024027826537394388
0.03442871618286108
0.0204148099972109
0.03875968636302429
0.02782412148757898
0.03659919419574403
0.03711926968738744
0.024748854159783274
0.026364460053050386
0.02533549738564014
0.039593321795474534
0.034381769764295106
0.041480979222681104
0.027009572790319306
0.046175638435867875
0.02478157702362334
0.03325199700602796
0.04238292188266986
0.041986938911999776
0.04287610884061782
0.04339612321901581
0.04156808194083531
0.06735134546787719
0.05106968266802233
0.027614809516362745
0.03895909013739076
0.034216697197713336
0.026967270456775713
0.030753147830949314
0.025152034468828004
0.022922486138675674
0.04237919137752037
0.02602958365441564
0.032635487545284225
0.04100245627543435
0.023088576723112625
0.026979872450310066
0.03794262859821919
0.03213499111624309
0.03140256921341194
0.04306464138134384
0.0339114310715428
0.029450500373508087
0.030949095756176825
0.020364402958962493
0.03393102043576792
0.04149768459034792
0.035299717141218004
0.0519157291178052
0.020198742430601425
0.026395237792281995
0.024940625079041896
0.02137863593345
0.03089188570094098
0.0249127297291074
0.026384647493065672
0.030745379093857415
0.01966679933853564
0.02522463307711335
0.022786572496209304
0.03452148158594717
0.037066158286569166
0.04439049917650048
0.047676667936869276
0.012846608190491361
0.04764191613466448
0.03789862469552812
0.0321713274012994
0.04988348796271836
0.03798529886917596
0.031928371837947264
0.0324503000814323
0.030859901155598873
0.01997240688772603
0.035425499336636065
0.0222301165364066
0.03723167243833617
0.03082425106348901
0.04385986943451269
0.04307744289161088
0.02370602882062804
0.033370908991049233
0.02327096227060676
0.02792032770820096
0.029066407735849738
0.04880941973175895
0.04006555999626615
0.03145905112987989
0.022516068990340584
0.039982674032291846
0.03710878970001572
0.022041132812690663
0.029762940623575804
0.03467641663472455
0.04487617018997952
0.04092262353687299
0.03341455619655153
0.06279645015392551
0.028345853671315372
0.03677542086349933
0.03447254218069795
0.02258057976447912
0.026476812526351427
0.024408067633981168
0.03725196256826615
0.03277538717773795
0.03473401824496247
0.032572229848637925
0.02804100811383207
0.044864208775172054
0.03119712620029886
0.041316039281012386
0.03846968178921062
0.022547612053868012
0.031278143709475834
0.03979580009208617
0.03291216694880302
0.02712922911465832
0.022639177189995214
0.02671383607912759
0.02771078818198187
0.030910593879121748
0.03262170508535073
0.0394645917618012
0.034292041935775716
0.030436289950649367
0.037072322965556105
0.04319570246997958
0.025320418245185276
0.04084488434920582
0.03913741593890683
0.05440849602109746
0.0338104575443753
0.036675627312290134
0.03869318181282076
0.0524913950781459
0.05289966500676664
0.02229008968129113
0.04195595460271398
0.03210390315141698
0.038230078953783234
0.026990771177385853
0.031893717744692705
0.03733723809295484
0.02495247154536445
0.04564981715757469
0.02621831514418877
0.024926522605895614
0.028234645530309414
0.02971112231135002
0.024599660854737984
0.040428555762982994
0.02691577498820763
0.039842724448323145
0.03269486323354332
0.03970050015661014
0.018070954835499548
0.02224516103435622
0.018028570723530247
0.04044135966507551
0.03863912595342238
0.02222220466610418
0.02705945894640582
0.01739242964846105
0.037755243753351694
0.048921348896723955
0.03150715985648691
0.02433378542502401
0.024984652931572083
0.01977149146849808
0.0252989210903021
0.030947310892870755
0.04091050284767954
0.034217403378982464
0.0543661633054564
0.05607802326793351
0.05103771644442096
0.055726902908788636
0.04511490663849367
0.03325846442696952
0.03254956335632631
0.046542343348825906
0.026102847315953838
0.03745436573858917
0.03894985058860946
0.024977609537788503
0.04298857697659026
0.04236369306705917
0.03329439429126503
0.04955383307954091
0.026423184035152862
0.03176195521059746
0.03254800487526079
0.029536608319846027
0.03403304208019357
0.022963890070765932
0.0413777743716648
0.04729240802576034
0.03500914029538885
0.03363634659393767
0.03991163321839891
0.03254371775339377
0.03956251680297556
0.04155213910959743
0.03054989841483379
0.0471853611801703
0.03877632610015585
0.029223795397662594
0.025491496413019808
0.025323652262043334
0.03526925831844692
0.03936864991193987
0.015977256307361107
0.025079049420033913
0.029400993877758522
0.030049121406665096
0.01983014408251568
0.03528520597396309
0.025145758785307927
0.037660514734135016
0.022460832014370637
0.034101578147132695
0.03354391644359671
0.027881864647512803
0.05320480560218847
0.030459441804841034
0.04010968047142735
0.03743340866625691
0.0223632533439345
0.02862769491438508
0.0483888082776149
0.025199988877863462
0.02994276967446024
0.0387300133591508
0.07220193954204175
0.028302174306943702
0.04422773120625222
0.039084699213694826
0.031084745204651806
0.0230562461428602
0.024068012910646915
0.01717010296028142
0.02309354181969011
0.02155499383489189
0.02571451541228975
0.03930356036035407
0.01896638228843628
0.038699028900929786
0.025779229388879048
0.03210833839951515
0.04294364394412757
0.03157932574011037
0.03309847478661221
0.03410506706946203
0.03244173071254062
0.022388412779332522
0.029649244618445925
0.031968046252273535
0.019026048696458277
0.03167993991296213
0.019975144983481585
0.02508796546307943
0.032329821231720395
0.04022521864915712
0.048743740490161565
0.04078028720540791
0.030744488839465223
0.02320473506755795
0.041329102634372505
0.04385547945873532
0.038590188722329354
0.015221523784868976
0.0366301709392681
0.02312392289143191
0.02415491227252406
0.025239575152129615
0.020174855158505315
0.022153704204940512
0.023002200075934755
0.029253197335932356
0.023948063837303284
0.03435631620079329
0.023451091531099384
0.024038040969818382
0.021448487791813076
0.02564725288516398
0.021969514521547797
0.03342232666280961
0.029550521884844267
0.03692747434255425
0.03228303374710422
0.04388903569993755
0.023477926889456407
0.0224123875866301
0.032562174117371154
0.02771127268381363
0.05047881688335546
0.032770638578463455
0.03665603115664144
0.019716338110111104
0.02111824794017011
0.02672147592644353
0.020273337704044273
0.01584964383055837
0.030173106981051898
0.02082915070813553
0.028073964019670893
0.029801522692641035
0.04586410777299062
0.031778599035947215
0.041316285834267434
0.032759544505990904
0.03117599230882635
0.029252218244472057
0.03215469008755437
0.041414507278121744
0.02993895458470447
0.0181887988791637
0.03964737376018748
0.028520074413569674
0.02661657951352878
0.028301053418998353
0.03155518041118166
0.0273145719282309
0.029910342681643314
0.030744333380315764
0.029164903375270872
0.01435570968484509
0.026286376570805993
0.033188252481529866
0.02952559205916861
0.03570497317251478
0.03193052949275195
0.032558796848505066
0.04808521935902506
0.030349629353402182
0.03111394579427189
0.03312301787277242
0.025656962548638133
0.02772311508270471
0.03076796988245254
0.02467928257922017
0.01876005691474427
0.012887806252423278
0.026532359892109884
0.018054714333565737
0.030000419778313345
0.025715791214981305
0.031216149994015816
0.02345459555982579
0.02448966703870566
0.027246016895441108
0.021811296217021717
0.026140406991220826
0.0
0.027617523010038426
0.029304815687755698
0.028829332760922508
0.028204046217519933
0.030557203933769903
0.014200090932807441
0.04938873366286514
0.021109639736681944
0.06311147311521496
0.0
0.027826076484118355
0.03472858445862723
0.017713744397007087
0.025279411625322674
0.03301098920908766
0.0
0.04841302363029781
0.0
0.006769327625399756
0.009856378947285898
0.05079314577876903
0.0
0.03962649818303404
0.0
0.06610573077689166
0.0
0.053218808441752974
0.05301804711944783
0.02046183463182126
0.05259812770458436
0.02560946771215679
0.04614786399903534
0.021442484062020442
0.051768458770761194
0.04690952528888062
0.0
0.0457922873825083
0.01284173074394572
0.060333155417336415
0.02330891918343706
0.049826242151701436
0.05448719229874109
0.0
0.043669410375199155
0.0
0.03103411607006074
0.04821962259537091
0.04326924170943746
0.03892705296909721
0.051917885877872307
0.05522600384853241
0.021272440874286213
0.04869075305188867
0.05600914053830854
0.03541133918764584
0.04918271949803323
