0.0960540720520571
0.07012884450851
0.09935697886057511
0.0486693107839786
0.058553901308452505
0.053194171857685685
0.07528728711479432
0.04740200447267794
0.06882391763129163
0.09748879137679077
0.07283091371271647
0.08784724970541531
0.08202245377016695
0.06585440990958775
0.06988857105882891
0.05104867884120416
0.05763448843460013
0.029710470620641548
0.0788482332400773
0.05197571314553339
0.04476957176136937
0.04740710399091626
0.042287010980192115
0.05357296391867707
0.04674710678234536
0.08951948605228183
0.06663986682519704
0.07174942814343345
0.05877904996400596
0.04839266623888644
0.05548809073605346
0.04818845983539624
0.08498692604412622
0.04612991282082746
0.05464264032755944
0.06859710348953411
0.047710932834292584
0.08222460031851785
0.0548092763412869
0.04153832524163676
0.032139964118873925
0.018186933190862255
0.06197294580450005
0.06463837274062181
0.06200598933514159
0.03174190453781093
0.028410912060529033
0.01894150507630149
0.0245719168541831
0.03649359972804969
0.04248992897522892
0.0342475160179055
0.04997030310650072
0.04610394885761205
0.08026190242021453
0.019987872992836834
0.019101812086815235
0.055297333023141625
0.03208616792153414
0.039694247694544285
0.028780502855665992
0.027845510736519086
0.03459336942666323
0.09597305357526548
0.07314378075882082
0.05168651866209799
0.033924795831367975
0.04879583930196988
0.0524102104608541
0.04513401928946967
0.018605835565488664
0.055342950035191074
0.04098426408242068
0.09898008048129348
0.0600465589213464
0.04019897922289197
0.03249176313025351
0.026952940054019256
0.0738894081751384
0.0469736786828539
0.03587658404478088
0.057679679106596944
0.04234842432724033
0.0412603218932244
0.04396285324136276
0.04788306682993475
0.04976916648757598
0.03377500666674826
0.030094937393078804
0.0512886984905754
0.0404459444402856
0.03149150003175457
0.05565309735428036
0.04810965577054156
0.05135464330360009
0.08178693962215078
0.042494039770837974
0.021488265785048564
0.01754564086236553
0.032160764929880015
0.023606951247931655
0.027857264075194094
0.026381173108866847
0.047882421153870244
0.05399561229799142
0.05759346007698175
0.04481960670534964
0.025668199129575762
0.046794149911889606
0.02789557904543295
0.0240770484799667
0.03173895055761752
0.034452812602691514
0.082656347750687
0.06517126275208951
0.04624661906667514
0.021069945816256878
0.038429881876183576
0.03568094376617975
0.05916431189556274
0.0577407542171108
0.051988571935488496
0.04279672176229146
0.04576236511862122
0.021550353255676457
0.02645337718387238
0.025962586553779657
0.023114718997498757
0.05214151336853495
0.025039993272013835
0.04887178833228753
0.03298806229244149
0.039291700038278886
0.030176693202338373
0.03045500746471136
0.026288058279131343
0.013828738131604804
0.035054734869201326
0.03031170323753517
0.039928768562779396
0.03948414439841644
0.0279403078273128
0.04208354216218814
0.02574094385140356
0.021964672560414712
0.04934856104281802
0.025631617350952037
0.01945080772230293
0.031746441520822434
0.023744020580322912
0.029980837708234565
0.05256462074144506
0.045551347667995755
0.029516896718544534
0.033799529908446965
0.02476090419391019
0.018963135676007464
0.02601620647094594
0.05493992238648818
0.04281561341473462
0.04883007844660955
0.034269065194720345
0.02805852871182344
0.036451500225946995
0.034339850402508504
0.023580100480701926
0.023198994454980623
0.024313290334197914
0.029327494486829232
0.037292440864403024
0.017667182492469565
0.03386177702398715
0.03729190224725968
0.02074167104735671
0.03450893478242667
0.019211722505369788
0.027658313230965882
0.022062872343636512
0.044778209940103716
0.01883761305355741
0.03210331267261303
0.041153918751438506
0.03159663023369742
0.06118353732418547
0.05890728964699999
0.039339409807910446
0.03644111061864059
0.0423350067402196
0.03180131315095334
0.024122567333884192
0.04699957085176414
0.035946403841923685
0.013407134437229865
0.017993397101159075
0.02980562075687234
0.018168389004746106
0.02854678696829337
0.05664020518909738
0.04052918165519753
0.03731768498061601
0.022135132303898877
0.021456028861656144
0.02439638873549385
0.035385865897452635
0.034217202996689615
0.031412403629139864
0.03283848683899728
0.027536232058144778
0.018214348245270833
0.03550025138502554
0.031033804361695682
0.03954027234115245
0.026366829895723136
0.03896430852459723
0.04206515774597581
0.036573589648278004
0.02611284207064518
0.02908429623255684
0.013053439177984277
0.023623487419280203
0.030732828683510394
0.027657741275245153
0.03218031914378036
0.04046625509795658
0.0305763831048899
0.026301250831213346
0.03576440379224011
0.02537686322505863
0.022357663749546317
0.047094420786578724
0.03766969738397163
0.013071561499385681
0.023738251449693777
0.03487211106283773
0.01981067304650593
0.03630272054074851
0.02927341263523097
0.062035013503576306
0.040991504760810586
0.04456317312836212
0.02429009040442331
0.04592081305973577
0.03383807733867288
0.028935589553993894
0.022675710602610318
0.018357155894041015
0.013996028717997124
0.02444602176925984
0.02375533590073327
0.035220982340543217
0.019815303227556223
0.012502937459297755
0.012642977238152551
0.02555261261838011
0.022937260211280643
0.022290388787827395
0.02351289892094688
0.021629731210124237
0.022242623029270277
0.01416161376162106
0.012990764180071293
0.029062707954707532
0.013889642495999163
0.029259638933178917
0.031610220781259954
0.024272633941219583
0.020630330559639608
0.03173807027648341
0.0243551354248442
0.032449050973218006
0.031513980001937246
0.038219258622035804
0.022971135947382447
0.018896718074840356
0.01849536380946436
0.03126798172052367
0.016063302456609047
0.030141102208777942
0.02470446094964436
0.03334614617871494
0.04071421128972593
0.015773654156359646
0.023837743913568875
0.015451851247630127
0.016054771967722058
0.024155761144543153
0.023890650309483025
0.01745777822884399
0.018110915165308474
0.016735461914748607
0.029297757767233663
0.020849048987603702
0.031003473418957508
0.07569305201029122
0.06578175469476491
0.06046168831835214
0.05523250321884751
0.07526202798029431
0.06891883139055675
0.0
0.06258802430532882
0.0775898917185022
0.08687679161272248
0.060568678494173876
0.05797969319565684
0.07620352488748915
0.0
0.03934675534660459
0.09718924048981015
0.0894703216316589
0.09215405272380305
0.07679100045676727
0.05813044867472647
0.08169057953675658
0.062484853588051274
0.04946421600978068
0.06211798516671556
0.06791795960520305
0.05186998694104242
0.03880830745871296
0.08608879059435186
0.0729502208807832
0.09128496056038027
0.06268427353861612
0.05775354773139484
0.049753794482843394
0.07261969411567532
0.06420972850628852
0.07588333835291748
0.06752321971660125
0.06351808509590008
0.08120884968527242
0.07807455220662679
0.08796648462751601
0.08073476807001706
0.05653104284857021
0.08150897023705717
0.05363182468900553
0.09432163936673348
0.0947834805205506
0.03988216282026622
0.0690877800416117
0.09133737126699067
0.09956630216519874
0.06530581820053075
0.08591944604933809
0.06739153333895254
0.0599805456008982
0.05026763389556935
0.032989557708500726
0.04832444673894361
0.06363127614362814
0.07719534386019583
0.051312023266384676
0.08396391562835633
0.03967874751311119
0.06810777442154645
0.04870761385451594
0.08719455289720388
0.09113319900141742
0.05661257151680674
0.05833157781708092
0.09695976043222104
0.06388260443750844
0.048319927617698696
0.09376158554097798
0.09518785969953053
0.08398117824926443
0.08571112940043292
0.07571946770805534
0.08090569909391646
0.05548062801935342
0.09361836301980966
0.07894577479809932
0.06900239530529595
0.09231273251639323
0.0752013945790659
0.06155539939687971
0.09804670038502361
0.07062569305300558
0.08277546136668808
0.07398444050113318
0.07804109812958204
0.08136676661805686
0.09337585633203051
0.0757489898665802
0.0692628587977712
0.09523562471190528
0.09495080793875176
0.044676792591694055
0.08835893715785062
0.09234965913985234
0.08528196058652128
0.08050259177084859
0.07949582397263949
0.07293750442083964
0.06192279225702161
0.09986695173540583
0.06005150433461166
0.0877418425771425
0.07973877602730885
0.08604523976888176
0.0986434829691859
0.09748400271628771
0.08675488448299433
0.07845733414191998
0.07883288349853898
0.06227905354716206
0.0849788152337981
0.06880713241540733
0.07828007321901032
0.07483393760746375
0.0794816150739888
0.08997701253934041
0.048168982008123834
0.08102872380260678
0.08277923804538338
0.049854004936514366
0.07153598372936211
0.09380080516546752
0.06258751770436762
0.0844586514648031
0.09526500226792178
0.08260935990286175
0.07343695323746084
0.05634706436208094
0.06162179267353071
0.05914255302223307
0.07326161172592373
0.08263928163252826
0.08432424338848223
0.0879012000878922
0.07487739117604579
0.07747860172002193
0.08156592719974262
0.09676109923312873
0.09484274183847939
0.08304672874933716
0.09728553338357437
0.09535974871579693
0.07501411974965998
0.06888616846094717
0.09958204409991667
0.09302639428925083
0.09277387224464445
0.06685720736523913
0.0974745734671839
0.0808713810599546
0.09005795301371447
0.07680816164982102
0.06403566940320576
0.06680466368066015
0.07043346148931867
0.0540568390641341
0.08242280836766154
0.07387238135221441
0.07492543992557468
0.0681173628637638
0.09832100509124048
0.07770694711943815
0.09738700388807589
0.08487157335524216
0.06284951003911059
0.058296000604672674
0.08609119026230291
0.060802153794884475
0.09700756560939808
0.09839287354624887
0.0
0.026177220557194382
0.07632092533809971
0.0992286243047092
0.0867206475466427
0.0909676782413023
0.07299747007999531
0.0470108283507375
0.03908120393808258
0.08408094727421277
0.08728283164356247
0.057164408910802676
0.02301438829297886
0.0745380017646778
0.07198753873237758
0.08298243119262776
0.08808359820206224
0.08217584713204672
0.07006467193182014
0.09622691444603415
0.08839911032705317
0.07246444591733704
0.06235594651542921
0.06304646758526594
0.07814607659943196
0.05737728782055251
0.05047135798214445
0.0633708881816702
0.05596671679013276
0.07817789289443233
0.09185193991360628
0.08400818479439318
0.094310776922336
0.07139443405991243
0.0916634933915385
0.08992080793428119
0.05158315156944882
0.0761086015043661
0.05353860429541307
0.06390580321010421
0.08749646516964461
0.07730237688550395
0.06374300819881794
0.05020604939420481
0.08058160961222038
0.09722826406409782
0.08402637119197817
0.09725700227926277
0.07202730796356785
0.08031853501858824
0.08498329478995945
0.08319733811910657
0.07039412034909037
0.07862177426981236
0.054868342846229254
0.05839462641908927
0.057486382316271234
0.05492703095811839
0.06493142257459021
0.04788470368035656
0.09111290123027145
0.08369572655595506
0.0818616616379664
0.08388840477238246
0.08023059318466921
0.06857794720650655
0.062442524339387455
0.06312578293860785
0.07237870216792021
0.07050210636708355
0.09695729472200172
0.05602848878374978
0.07849405702152862
0.08732657442358127
0.08205047218060416
0.06824317198496449
0.06414794449356899
0.09590916041864374
0.06809089556764608
0.09383401906210358
0.09443234227092899
0.07202272507310493
0.07248867422187036
0.06992564295857426
0.05356290857692485
0.039273338062386545
0.06807024116435578
0.06499820820607295
0.047851680302367715
0.06807592241263695
0.061433078420799064
0.06532225206213238
0.011440312004049519
0.07760155093366379
0.0888881665377594
0.0111044398778146
0.0808814395468453
0.06068916830952662
0.07993305827838415
0.06919842631124738
0.039789716971450326
0.07118228150589594
0.09434949160376481
0.07709185473189412
0.06332944404698337
0.06517305048565208
0.051769576431640506
0.06377853180295745
0.07314461039844206
0.0725159933264246
0.054784945860533237
0.0
0.046514965218638946
0.07319100402015163
0.05048189165063714
0.06718286815409855
0.05154134771833927
0.060347346732309744
0.053157434393160105
0.0682368847582854
0.07368879876636367
0.07432924140912624
0.09682682811873555
0.057495548423878
0.06376199231270897
0.06821387655210352
0.0922583709434482
0.07470837298307698
0.06378220116206496
0.09759716262279554
0.09669607863787867
0.06798885014331092
0.08088282292842684
0.05942697372841815
0.05569999948816356
0.06417387365590622
0.07035480142376958
0.08039807737269267
0.06601159580583807
0.06946125256608096
0.07796045078044779
0.06725810900098882
0.0720248658084922
0.07025244863704486
0.0840561478673553
0.08214022832871438
0.04848678123154373
0.05962785128257023
0.08570373294497124
0.09288115192076843
0.0864865814467298
0.05062911958010722
0.08804485234592603
0.09364397330284455
0.0877194404481563
0.0834458419665218
0.07122225550184554
0.07176294967537998
0.093998848345438
0.08566994675325004
0.08925960057754168
0.07513979218953994
0.09672103998606858
0.09521037689880751
0.07657210315913578
0.07001937569966157
0.09240644761150335
0.09817086182309405
0.08290859805079928
0.06911725803638073
0.0634497267374605
0.08068448835281036
0.05432411341302418
0.031162836779453428
0.06625626954680788
0.07589088203671841
0.06440118950049357
0.08710307841291805
0.07039970051131499
0.055170752203260814
0.08024978062095986
0.07272482032043662
0.04469170388583197
0.07557225324733859
0.061378033619177264
0.08863538268288758
0.07585483648701037
0.04729634234737399
0.09026478434755167
0.06164756399315389
0.0609947524870651
0.04934868796594286
0.06191892749225931
0.04639722729293446
0.07872281852641234
0.04310135493827307
0.04556464720033243
0.06377201679402626
0.0737652373986223
0.0640031172336614
0.04682177407868048
0.08155801528860546
0.08140024959571635
0.07251549736110849
0.06503740239897003
0.08352672758350875
0.06955635377182606
0.08480577309022404
0.08981600986083603
0.05397414483010006
0.07292141689551561
0.06825076439462048
0.0625738412559982
0.09619903096232693
0.06335302595889271
0.0759830298368821
0.05061733623967191
0.06159159696182557
0.066364757897798
0.0
0.07740337464921289
0.08008622884686986
0.07115307669934043
0.0646949827475696
0.06712535802659339
0.07268339958621906
0.0
0.07685259699116027
0.03691580095636559
0.05858266948162877
0.06265200862270891
0.08075824549598808
0.04148494004370739
0.060204707447279376
0.0908529633063795
0.07055014491051542
0.08704824664251268
0.05492098482920714
0.07826317663382032
0.0870797363396883
0.0731502053206962
0.047363976143056166
0.05001284488134029
0.08719155660652095
0.08508521229802797
0.051393449520991195
0.04594265591818047
0.09035441921998828
0.07504486416304565
0.04604395977999961
0.05507566914496299
0.055797550857004566
0.05999283736496525
0.06671048613132381
0.054181112449646615
0.09776617034129997
0.06700593972586963
0.07200859299870445
0.06349457447589514
0.07679037866213499
0.07105745292662831
0.08948241355679463
0.04147636688746582
0.06340634009602902
0.054519645364773
0.08577556281590851
0.06690959997257123
0.04320490287270645
0.0379998926602102
0.08584996897980413
0.08242276760967754
0.0733448735618622
0.09949138406257281
0.08959824481756809
0.04822940355136066
0.04886097543858505
0.0853311717716334
0.07849266135919968
0.04218747602665984
0.06432794499250843
0.03850728182362968
0.0
0.045124262278101096
