0.029218119252568082
0.02848593668583717
0.04734946613855514
0.027501004796916053
0.04956405036583416
0.03863206731241062
0.039264814798610284
0.035806019810082274
0.05323201386879688
0.03154811916464544
0.029155516205266463
0.049982518889610604
0.0521307934124592
0.022705308249663186
0.046948581018732616
0.05658064143736024
0.06088225323270613
0.036208574821442505
0.04316833848757412
0.026988519176864775
0.03721779815486663
0.026638370019558075
0.049189946168894876
0.033369790661764834
0.03589365126246025
0.05366966334010735
0.0480877371757603
0.053930076656149024
0.07067114711367559
0.04196626092565308
0.022970969696826073
0.026971501198023776
0.022316538620494007
0.02461191668684095
0.025680127770969775
0.022303626359356375
0.023112749841591763
0.03172378798665479
0.03829430815571682
0.030579446423301366
0.0520724372636273
0.024435884246761175
0.034299630955968365
0.03561844701682859
0.024023735317343517
0.0383739057966833
0.022368466098909336
0.021371937936592342
0.02735153484015517
0.047347880100228376
0.06344327164491127
0.03762400752870433
0.021794147318336003
0.054384337763734907
0.05693942858160765
0.03778605833009048
0.04682851082206757
0.04920314003841621
0.028298340165301392
0.03831983673295076
0.05653496987435692
0.04354232431370656
0.04135919352774309
0.05247857187179165
0.045843238740791784
0.044021462886799576
0.04554128872655012
0.05185129333083213
0.03821533439916492
0.05396528428466508
0.03824493684358751
0.049467506164580975
0.0500732470885735
0.04840267064699634
0.03116395408024414
0.05958206172192032
0.04102184435058479
0.05035374790227193
0.04674654750207662
0.03962146140246049
0.058943056756160864
0.06263246805383568
0.03939219395088099
0.02598189916234071
0.03949173084841152
0.03976989875364286
0.04105877715814504
0.045250029328029205
0.03260879989004194
0.05197182280674234
0.06961571746776024
0.024745348648584454
0.023656601513437184
0.02977279835980038
0.018111070126061293
0.034686654472033264
0.03407827080974358
0.02945882336894165
0.030271383897612282
0.03755988982595204
0.04620228047673214
0.031657515186770825
0.05278876621924993
0.04744189351828192
0.031965783599203546
0.048295223942746136
0.03702115088533853
0.037588477219311106
0.03983075735220213
0.04356358031818422
0.04519643076684816
0.0593992970941181
0.036815544086175225
0.05351836310426917
0.03292595217386368
0.05173425985800467
0.02712593013179456
0.04861743937027641
0.03262781474788377
0.055439195233432326
0.042544746763290224
0.04681105338604445
0.03584445515173863
0.05079556721590136
0.034174710849587245
0.04092957600294056
0.04329632275944441
0.05842008563816049
0.05837619156995078
0.03208080333920713
0.039571504204414604
0.0385326257807012
0.039740713407348346
0.049098961473869225
0.03893536431619712
0.03959901804098179
0.03967722371335984
0.03872077345035361
0.040166266047762016
0.04563978960436713
0.03278971542392862
0.03253441285249288
0.03949505647633844
0.06822122101540937
0.042623908829141834
0.05955029845046257
0.04728361586105517
0.03543043481951639
0.05166914150846924
0.05804500382270445
0.060434650514750214
0.0374660857192208
0.048704003897267006
0.03759211300525688
0.041903373941485925
0.03947521973339731
0.05779989211332928
0.061392788162463394
0.044854107433322084
0.05026664583240059
0.047533840338857554
0.032550859621905535
0.033053186965186256
0.058258901011872095
0.03888808611593015
0.05146464518185707
0.052384380602798895
0.04612601825569822
0.06620875364058737
0.06893883892183435
0.0225916769752835
0.014357305976014074
0.052164686608352225
0.036301358790684406
0.049323050092325044
0.063839262480257
0.049286592152521305
0.04211445763294029
0.04471332921721998
0.05224225106134817
0.05685686832107445
0.03265948335667605
0.03825366087491933
0.02369582066525657
0.02905536217896987
0.030607353555751924
0.05901889834798682
0.03802137598730565
0.03288521311952631
0.035911214924990914
0.052254593356310115
0.04071545204372659
0.03172968411440622
0.03413889703682039
0.041100382833527245
0.05007443158283881
0.04123790305338037
0.035976073572121015
0.03159193150750676
0.04965663628246373
0.046009523000376994
0.036793566911384135
0.04136681717043864
0.052254775585012354
0.053741289750319325
0.03592828375620899
0.04731401847993891
0.05453703829394299
0.029922685460825497
0.04254718139992493
0.04505201017157394
0.04987353920824137
0.03634499474022067
0.022698542089746598
0.03137016320221068
0.03731841271484567
0.06289284690160628
0.03996457520964661
0.03286505580590121
0.0382487711649015
0.0349132525233614
0.05334585632162537
0.04779289203754574
0.04515241745510426
0.05246217556845113
0.029661588436150133
0.04288141698788522
0.03136984331771165
0.03958660841219699
0.026120753111726114
0.046700990402778426
0.038477503168221586
0.033183685818198326
0.026683690178751968
0.030944030765015788
0.02591457686563682
0.0261640039689551
0.02575149249800874
0.030751429632620307
0.04024435852855648
0.02866354824317617
0.03850832015274104
0.02698981716829104
0.06227163793190464
0.03629502123454942
0.04090540017093587
0.05285274480136837
0.03636062731899198
0.026114483563745024
0.04245533828015298
0.0401676484371336
0.04012123602881645
0.03140839484568138
0.041060163349407236
0.047673264159537085
0.06019729850250759
0.051768515755234876
0.03146304489397039
0.04230672921888443
0.03791057756035908
0.06641877392218659
0.030759342313746413
0.05844476242996094
0.04539982557968255
0.05415882747870168
0.05265319888046976
0.03710693741841308
0.04981686991417579
0.05217521895910243
0.04915973483899195
0.03384437799556477
0.03719016565760356
0.04200101028181491
0.03418463318235989
0.04286127760858275
0.048626373973801526
0.058669313885350495
0.03715971651984709
0.025189222853930996
0.0286600040060081
0.031131668836732882
0.02803570066651449
0.04841748204225931
0.03932084413895513
0.03712277380278182
0.031547292948444876
0.03732857612724469
0.04183712633056911
0.020839656425084317
0.029145474570086444
0.030801485138869468
0.023097759778337425
0.0364962777173564
0.041164397798588076
0.06546847061937525
0.0519792145345137
0.05262555896256542
0.052841789207546716
0.0494367544965261
0.037923041227791845
0.055115179322991904
0.05517730546311591
0.038167609920749586
0.029421649617033717
0.03085261184750005
0.04784215365329618
0.027005184978120406
0.021920597214720245
0.02863725691079716
0.013787880370496122
0.05870555552341279
0.05078896125773787
0.03582295442144079
0.040542073953474325
0.0362934532234121
0.052887503591480776
0.032818967861680225
0.058692590516759915
0.04747330385648336
0.046316632659337394
0.04296819276479082
0.06083439495509729
0.033543985076886725
0.03872947041955747
0.0206194920339588
0.01687857191870114
0.03087711383650522
0.020909282462341926
0.06144669781123798
0.028402407430591737
0.03508295359978181
0.06140435892813311
0.02388514792325043
0.037034502001242
0.030927422532438704
0.03466902759120894
0.051277341014940477
0.038492737482759797
0.03351445568146679
0.05110966759574552
0.034264595958835166
0.05804365762919861
0.042202018801053176
0.03393265061692977
0.04410655600928278
0.06199396573140924
0.039052159336328725
0.056576630336533866
0.03546221521168695
0.037057824377931634
0.0403759558295272
0.049136042418447795
0.03184422821234642
0.020195560818600234
0.0332268099864402
0.029604743893504554
0.019032303839641773
0.025111088473272123
0.03552142478785421
0.029202078999429056
0.03280818743850378
0.03777507681494509
0.028092140217505647
0.0481447854081831
0.03433931379952462
0.038029981458317874
0.031658315471610306
0.06336460390716961
0.04496495819740586
0.05938968936504488
0.07390811525891458
0.07371086570327631
0.03304851263412811
0.0319616892730579
0.0380563093216814
0.024425164345660003
0.03597747126967094
0.03461199633017431
0.03238900923338042
0.040397844782611825
0.026961411546180227
0.04559388478864243
0.027779524030479674
0.040244530966952546
0.047552157459783036
0.026815494025096743
0.03930821935282139
0.04641920763315549
0.05359630152108987
0.03559321089028951
0.0412969292302843
0.02862228636919139
0.022453000546821214
0.04423631493695546
0.05082019529070802
0.040807657237766005
0.037772192747492245
0.022391964412758113
0.022306828754434255
0.03456870779043715
0.05290234523438069
0.03358185448222
0.04696524682488639
0.03610577153155557
0.03508666308763198
0.043224422307045145
0.030287640640408068
0.019193056348586097
0.03462167895344699
0.03863966690246346
0.03780617216540172
0.040695656124947806
0.03190258190374253
0.027420240559267946
0.03371184649348068
0.04949042579287432
0.028295633069040475
0.03642561166391032
0.024752393720293895
0.022900582940178528
0.03327332489487639
0.03971468556296267
0.02949945428732542
0.03555016273986133
0.04184158511125503
0.035289209186945496
0.0325453276312438
0.0350033358553153
0.015332756141310367
0.02664184339009263
0.04993601573402594
0.03234184471650724
0.01677846103722807
0.0285878657705065
0.022303525802487456
0.03510549281807628
0.026444717838456037
0.03503111040204114
0.03591811691556226
0.0311028770034041
0.025133409111291603
0.02501355920795755
0.04313003355064774
0.043808125374324124
0.033691742324789324
0.056661159083240153
0.03514026300072326
0.030547255992423715
0.03066348751789332
0.028389631021828298
0.0399548009658692
0.026232637810559595
0.042509886076652764
0.02436889329999756
0.02213511647937631
0.017555233502671967
0.01915227526373242
0.026113411186165933
0.029161434612629506
0.04488867765216529
0.02375901756760528
0.029977796533434506
0.03703583759441662
0.03309955884335923
0.0474041783820794
0.0263020228900956
0.022607154963915747
0.03169097492312282
0.044053393223054065
0.03213418087130899
0.03677829656218462
0.06437407985399403
0.03916342533771017
0.0439006814200816
0.039774700557906315
0.04388010224747052
0.02905068494955078
0.02268046508645219
0.024981216001472448
0.021820739236102848
0.02338425529659648
0.02757755080005476
0.02552880515078344
0.03210186322127589
0.018139702658164572
0.03175808313642367
0.02894228421070689
0.05838699476511348
0.04540892955895347
0.046385007793095755
0.041195303552778395
0.030470920189378924
0.062475587413762614
0.035440229815282
0.04211508550484019
0.04111233332210052
0.03065021246074631
0.029974433543438324
0.03191637880951569
0.04791890832553586
0.033628038429857905
0.025795559060082796
0.021868447572295138
0.05372333179070757
0.02800701166449221
0.024825024853965386
0.0288410852180627
0.022458428261320704
0.02663641261224943
0.030186383162106565
0.023381492730111735
0.02655628924076413
0.03720810136082196
0.02858269860862349
0.023267629198905904
0.0376313625340141
0.023062625907756297
0.03021442563475477
0.05179600298758386
0.027377841868379663
0.03683981111317482
0.022147614162954722
0.019596852469040346
0.03017876059823461
0.034530425838318654
0.04348476506966091
0.03101724188807291
0.035746938758273804
0.01419687274249746
0.03194415750649875
0.04366087797145318
0.03739250704289733
0.040694731582987344
0.035651159654070154
0.02741271437788051
0.04313849625016564
0.03979990838714333
0.030217924665047774
0.017646493019546104
0.034401318444029175
0.04942478345453324
0.05715919316365479
0.056858139367860085
0.03027837855999263
0.02285259188314925
0.025447240974656227
0.019276866521530076
0.03146761656405234
0.029904451963806717
0.040655599146373705
0.03949224315213685
0.04852886156726118
0.07035343450792729
0.04575406196874762
0.05190444819624484
0.036866296989772694
0.03991505393024748
0.05396603616608478
0.02942787172022845
0.029999864016513268
0.020185879832860014
0.042345667270551474
0.0333201511359285
0.037198852330246696
0.03336805907184891
0.04502516888472181
0.047523461421222296
0.022798961329387094
0.03417557187973111
0.04256803663428731
0.05226104420632063
0.039761667301686406
0.04752221396975945
0.03960126956427661
0.04754351705027946
0.040623130872386004
0.04240446345185844
0.02972083046918068
0.04119934017799361
0.03541481455902322
0.025369441880603777
0.02832523304601598
0.03973653570405955
0.033700728961885924
0.038107135848814436
0.030690824885053185
0.0381016684870886
0.03867348446933632
0.03680407036524086
0.039236537083203474
0.02918678812498048
0.02466883134772502
0.027753532325859018
0.04336147160018134
0.040540889775358656
0.04162258709990155
0.0569158645369472
0.04353261870160815
0.03473558180562112
0.04362568960550144
0.05464956106259593
0.06231140246479772
0.06711471221502274
0.04200784715052917
0.0679851937106717
0.03900433990416965
0.02413315217703643
0.03461964855938025
0.04621726281084447
0.04232662601058584
0.038900908339330596
0.03745301520839146
0.037813347544954926
0.022310594628262768
0.042094179374614474
0.044419815914465435
0.02550154360469624
0.04157350683933225
0.04356461422774796
0.03683840965785578
0.035452278672357625
0.054912772262584744
0.051284451366463674
0.02970676932485264
0.014855828508254426
0.04883580312434719
0.022454569403631417
0.019732424883734445
0.02716762731289764
0.03257457301039176
0.022230257033551762
0.02502973409100995
0.022785764722738605
0.024508391837173727
0.018429537250144002
0.025197055090669274
0.022756659667495637
0.029993646251238657
0.02577060277962082
0.02227484256756936
0.03859844772542671
0.02708408086713999
0.045623467131726485
0.024713245879972066
0.041196941270712016
0.03944825205050283
0.0363973087071695
0.04786841189678219
0.024836255671452916
0.01955141588507368
0.030427325977811476
0.02161979041423754
0.04054752899963696
0.024800951307045533
0.046325364785395895
0.028831663691542796
0.032954278390251876
0.03805208399864595
0.03309113207964486
0.03543751602631028
0.025187478962571862
0.029478090139325806
0.02805240273043692
0.025587762188289186
0.01929010862210533
0.024522012765319713
0.025479892191905194
0.035174529513555715
0.01857450705492172
0.02247044740196435
0.03220296468203666
0.03252370413167056
0.019630812554643648
0.0277697500821487
0.02157324103635102
0.027832082542753888
0.028251095483184278
0.02984983152590643
0.030730240683138173
0.03033667792874659
0.03357753456127934
0.03208255194327792
0.02947998937161275
0.02141898076473296
0.042831668682879936
0.024430285964465406
0.03349050776806019
0.02625981862719792
0.03992303307715981
0.029725914621126486
0.031045855420293665
0.028677497337730742
0.02484742602810646
0.025517157038375426
0.044237490464989086
0.043139600256753674
0.03888251972584087
0.04880575226594604
0.047018568486435375
0.028997691007695392
0.034989253342728004
0.035692959560299296
0.04435102282939685
0.029947152810951626
0.05541903178927095
0.03728072753825024
0.0398895754844345
0.05824201313678117
0.026912961750439595
0.038918273459424
0.02295066818199416
0.03308462940985587
0.04957154655037466
0.046544060381314756
0.03942413153415563
0.07009996286677769
0.033475740633286614
0.04748327813886167
0.035871449237171914
0.018545218763875524
0.02732938849078044
0.02614028728203846
0.04468067764750214
0.03410820962118207
0.04235217265312365
0.024525541515428354
0.04189218310809904
0.039732789643316044
0.05777336164824481
0.04520243677767825
0.04691241536027541
0.03673773022932276
0.04118957236440431
0.049825829220901015
0.053900165799218275
0.02719698770307318
0.055839832280809125
0.03909151698393944
0.04184933211011258
0.021858170610653604
0.021861233476432866
0.03326418159522333
0.027369925510825288
0.035078643355181224
0.04281821179157038
0.04076449309704602
0.012544378347114575
0.028275190191016018
0.047084078430903724
0.04761879666434255
0.05960862274243544
0.045782947163327044
0.025038583959694407
0.020656015497804898
0.03593708223337562
0.02368187992587019
0.037405813313569326
0.02942099548440067
0.03609564026878591
0.033291052269220925
0.027799079970461247
0.03869374662763397
0.024032028929177253
0.03849757663646376
0.03296207701829483
0.0491135768159982
0.025531641279640124
0.035632532782557035
0.031765051759953075
0.032259885581804405
0.023349842911415435
0.02688556582019841
0.026071584343474164
0.023230613305468197
0.037959073935588825
0.05650373222862736
0.02413864978003378
0.022206401895149254
0.026685312651968943
0.0383243256866132
0.05568088111695074
0.03297601163360422
0.02924656072726045
0.040672733050383755
0.03099032973631654
0.03447692505995278
0.029628271628656198
0.04045071591445886
0.0543114254695294
0.04191539484311701
0.031681412982307984
0.030298029318133902
0.03357303494943016
0.030179763952393992
0.024206655897242402
0.034205322958417016
0.041901486666456454
0.038789419763698985
0.0415340031085675
0.02581005730115464
0.024663180177025897
0.03495603887513565
0.025180178993803794
0.034783397736923294
0.023285753532053758
0.034496680659964314
0.02861350180316974
0.04170552181426348
0.03269593650688868
0.030789114407530502
0.030378168224493404
0.027896902076116708
0.04004372536016108
0.039119398907447436
0.027283779891001614
0.03328734391419993
0.031120614369404248
0.04845770862454907
0.03887618075011367
0.06300317940730368
0.02063574034964051
0.038354827082389575
0.02842905349579315
0.025774545315528283
0.05575308627387815
0.07250974258024839
0.0501688671330692
0.05217360567253642
0.05391230203372541
0.030755991356800693
0.03153714088354879
0.04576252311860244
0.04334705551646502
0.0381342149703445
0.04762699059996966
0.05350678064761981
0.0394921746194284
0.03185840692466868
0.03966845862347691
0.040503989283032386
0.04603556445445189
0.06332587832258252
0.052580629025811426
0.047808336412759195
0.023378898890072275
0.03965546569270906
0.06020137827533518
0.02946282891521962
0.051461640528067065
0.03541731260430581
0.034745843506414104
0.03067998302911304
0.03034736180552698
0.04880558250884607
0.041163367407350146
0.03413506902091308
0.04680709976104054
0.04297491572781155
0.032233806732993864
0.03852621271696065
0.0355545570558824
0.03567585049879682
0.04997821157144378
0.029300542202036615
0.031218495320282515
0.035095605936577644
0.042186093256427505
0.023958299234758285
0.02956159864904977
0.036560583072483985
0.04030842709519793
0.0321019613273473
0.03820757149222308
0.04704659121551741
0.04125009174989787
0.041476034882357085
0.05503601532178725
0.04408034376181745
0.055645616506503855
0.029078812754688304
0.03098201913296733
0.04570843834348316
0.0470105179350324
0.043207693150641616
0.02059565554512254
0.04766122923173528
0.026796876155004843
0.05876589954902037
0.03128332692061727
0.02850431999048566
0.040705035012882536
0.042379476699370505
0.02763488559572641
0.04314768312343078
0.021990307837267315
0.02783947912986559
0.05497816015037241
0.030577147947173557
0.03497674722612152
0.03561711581715332
0.023222617246531116
0.02372638801459021
0.023795518957410874
0.023862166228385714
0.04227783304654004
0.03822478041883828
0.04503629850599527
0.022401191174305408
0.02979557762183654
0.029583963383431604
0.025468083697574567
0.039634216224994294
0.04391160446638795
0.026415268852607917
0.030059682260537002
0.020077292402778446
0.028627386360136082
0.02293222308359037
0.030363153641585046
0.022946381736077198
0.04239989317958243
0.02564978323711745
0.02243905979947562
0.024812268488844387
0.0328236544164418
0.04746625244992488
0.03016786369632427
0.039489603071694704
0.018643851655587587
0.02567428003750922
0.022110226417253683
0.023650965119049603
0.02353400442444933
0.027226213198404976
0.02736103902802912
0.01818440561827633
0.021964335225289407
0.03598670204584467
0.021941265392072175
0.03258695284054989
0.023339274000860107
0.03401021786522397
0.024398220759355
0.026942038929276838
0.03149124859209123
0.021432216152843866
0.01806607264327868
0.02763956337447467
0.030931305407664648
0.022825787400316433
0.031211190869311997
0.03229702190302449
0.029240854425274566
0.018077319461014336
0.022334126441589077
0.020942468506654675
0.024705996465995424
0.031757046001460655
0.02703190879772684
0.029574795229141096
0.019450478850532166
0.022890636987132288
0.03118571573541322
0.028030837350151067
0.03399126243058649
0.0321251022704814
0.029400456434476575
0.02637575228416342
0.02480688319577634
0.03982650684182863
0.0603789869044872
0.06281571433838233
0.0181470069096195
0.05575928943091012
0.0501304847061646
0.0670024308278438
0.035365487917836884
0.03156351815027123
0.03299225653425698
0.0520017300134226
0.04696086431593435
0.05352977424007697
0.03343938648759375
0.03791124352223888
0.024935751506978462
0.027620583443833613
0.030629724928934985
0.026679818846602026
0.02490824713713197
0.029536751809017513
0.03412351380280175
0.03582841792266618
0.022224884287187854
0.019655236014298527
0.03202631971812404
0.024328697910081378
0.0274423282519703
0.0342213502837044
0.03630655875788835
0.04489937956837493
0.028477088671811635
0.02726300331340382
0.02247503001110346
0.024136300179052588
0.034978337477930575
0.0397824347532877
0.03540580052251325
0.024070971447875535
0.026436123876714613
0.018972056086781933
0.029109415258426266
0.039047629372344725
0.01977663513397117
0.03186029123463177
0.040076341115426135
0.04422500013355003
0.03577817138479821
0.04909987059453421
0.029895048222443526
0.020214142941885983
0.03230755388278237
0.037100770444325075
0.021541811401190065
0.030444883724948375
0.029085787520692786
0.02161855977639477
0.036532497606660115
0.019678738049535086
0.04047261745567737
0.04085760950422818
0.022110409624830046
0.03917733130268074
0.02477607809068165
0.03180317185271182
0.03746466858278081
0.01903533329831068
0.02559107201152158
0.04989769553077875
0.03227269492367328
0.014445058746553694
0.04029558237095479
0.02587130066308996
0.03231838007147703
0.03635206302261812
0.03756683846409624
0.016043311482774776
0.04832616084648148
0.033567594038827954
0.024176412189018726
0.017993735561145852
0.033930382623428026
0.06323319346018223
0.016369520311304866
0.025425654895968517
0.028128183179864274
0.028074106411029025
0.033096380142887245
0.036417600056497364
0.05171259577731306
0.022655011729073155
0.02524332040582444
0.0540537986783538
0.03921209248331429
0.0555227220064002
0.06747675246821119
0.039809203953915476
0.0632107345876562
0.024318014780999046
0.03181023763468297
0.03407798615757035
0.030819471781245698
0.017962200180749902
0.03849340374193995
0.051729681049127375
0.04483591843251898
0.02325023173361213
0.03458391654006235
0.030448088754103673
0.035375176147123384
0.025613411977148063
0.03803029726999839
0.028956522585114112
0.022243743544846276
0.028140633983618824
0.018338411914763916
0.02890835439393868
0.033473133120319375
0.021605749533167223
0.02716822749289324
0.022897874377330388
0.03425430446765058
0.01471542765263722
0.02287214258291804
0.024431790652549405
0.023076446429783487
0.027004975105421682
0.03775452848500433
0.022434708033659708
0.014187112245352192
0.017806687022763848
0.020339911810827057
0.027294921603274253
0.034941133778579644
0.039662085625191246
0.03506786153012315
0.034748711073218246
0.02378820646302492
0.02549076429262615
0.02715633199130952
0.015948091657380908
0.031204954465045398
0.0216434029928547
0.02527614841723319
0.04496691157907118
0.022510259705520924
0.02744407801581475
0.03444252202253052
0.03193566139725936
0.02811994142156948
0.02203039079191387
0.03269667280569233
0.03389722381585838
0.03927490536958065
0.027870829737359493
0.027520261105638242
0.03951558630578072
0.0414516243022288
0.04025839759602951
0.04256589054997552
0.023654648007174633
0.029602102462869477
0.029169869480338805
0.04992421669112323
0.05697557191033897
0.030814474921495926
0.037921530176405094
0.03568818545401271
0.026759906339755807
0.024512760064913184
0.03026137883197826
0.04514004613233008
0.039511374156817165
0.046435399047709394
0.027793615603760546
0.018115750120943012
0.012498072566955634
0.027931043241078573
0.03468765806162182
0.03220401163155859
0.026683408677022406
0.024833304067331512
0.02636667720808895
0.03199080291912037
0.02461178345545189
0.032775309917070256
0.020693290512197985
0.024716194992038015
0.0393893149891249
0.027442011287440286
0.03921697934807697
0.0359680035804394
0.044980167690883546
0.061988332384454094
0.03855035819386109
0.05621038987910612
0.03937384798517929
0.035108030879304766
0.030195169120034716
0.04635060750626685
0.02804320292572398
0.03736300821614875
0.038025327897074086
0.022671255013538394
0.05311604353526342
0.025579789398346302
0.02341069595132864
0.022251328367962415
0.028820417530632712
0.03276679093289425
0.03511072520434456
0.028141584680879485
0.029891698072300202
0.022621676413957008
0.029087482800453368
0.04195890310023605
0.026003958128202987
0.02892941367146937
0.03838847587248685
0.02468589764082594
0.02228523638096657
0.029039522931569056
0.040733216142602835
0.03189704102758672
0.03164333986719972
0.03884506758032479
0.03765975781951757
0.04213669493358016
0.044553471667682684
0.026466414877811522
0.036742315466978905
0.043321654033276286
0.020772179465279476
0.03894097169341695
0.055353112841917004
0.036019943228238954
0.03074566037171955
0.044997734133002724
0.04189948434714148
0.029698220354661336
0.026353247527451478
0.029131358380017208
0.02562588027573539
0.028188197588008782
0.026866021307126974
0.02168865687189195
0.033126745798858985
0.04176783190297291
0.029745666648830264
0.030935536146495187
0.02005787009909632
0.03951627932831134
0.028213951066410076
0.036502037822017545
0.03053602825966405
0.0241832618483322
0.02244274850715828
0.027729530902316023
0.030596653758009216
0.02606871675375493
0.029321946437589883
0.017868511157900033
0.040932082077998394
0.0415774972431002
0.035576227270643815
0.04200470655962266
0.03143632014441612
0.025919083699322696
0.06982365437459016
0.0573697762310919
0.06749287464160754
0.030752552687744458
0.05733152033776886
0.034626217439086455
0.034320683769995024
0.03443190069361552
0.03414276915658726
0.025356635644781873
0.030934081467246115
0.018388528036070075
0.022403991454897257
0.04116330812522846
0.028068015822680165
0.029674797219189232
0.034403504157764685
0.02234812347081219
0.02782209658034897
0.01803994784467579
0.017958988161301776
0.04575352007616462
0.043473627360446854
0.0536906916080147
0.03131077218963325
0.028252976333225644
0.05409008440423386
0.06835328302019103
0.0343347464151569
0.04360866521963979
0.04023356025242606
0.030204070478446098
0.02515730875160011
0.018847904844587534
0.026551599777477244
0.023172938149231815
0.023793101388585286
0.022530731205770125
0.0247456099316401
0.022374780853054648
0.027392161242873022
0.026318162879147417
0.01984113577898194
0.027785216048737096
0.0303376499529325
0.025478589322976405
0.021569679259900897
0.024372487195834392
0.045150957817221435
0.031068629623464218
0.03345368405161074
0.05051700521012703
0.03756590802176893
0.032784840987299384
0.026410682889457783
0.03455582997212626
0.029936387830072315
0.04682495433633652
0.056184783828304795
0.02558814887577629
0.04279843644891972
0.04042501814642622
0.02655110593101537
0.05769940159294267
0.04726966716235684
0.0424437611316434
0.056151583492310156
0.03940146876307404
0.0702474819627801
0.03478788945308406
0.01684318481364698
0.031318466888119276
0.0297040737820589
0.0292956063194637
0.03095762096084828
0.029972682912945896
0.024456283185308507
0.03305428708012016
0.03520933684408158
0.020708321288795926
0.046235675298193696
0.03244004669971975
0.027250241555683983
0.022054852154470606
0.025882545824036218
0.01966549517979818
0.02115536683681001
0.029831180450369435
0.01875321005114112
0.020242634166530833
0.04051047656940125
0.025215585720387762
0.03266378017349225
0.033774133312344266
0.027580186755068268
0.02562017894377613
0.028892831682356814
0.02836800814077361
0.026682441905914418
0.0352142977473639
0.03580846284205886
0.023229479580104684
0.030468672448967987
0.035569561551882026
0.04109758240228371
0.02794502432231904
0.030950102109242546
0.0263589363001549
0.02592007031454805
0.030460703563156635
0.021018764574118564
0.0359782462206138
0.02890548221497089
0.040842210553407754
0.033203138858380304
0.03930983859480855
0.02351066656742088
0.027012880509942702
0.05059126029266325
0.04598299485739866
0.028644806318074513
0.02214571080869199
0.03195820283784746
0.04341224259518104
0.039378222956632014
0.051250877595217854
0.03755809851583276
0.040664640765166
0.023529997159654214
0.023912269700929637
0.02174393683305764
0.01816412425634666
0.019456968400378624
0.02758249680503925
0.0194882893211965
0.03204846259443133
0.024124451576955867
0.026294316272195143
0.01917059183358718
0.0
0.0
0.05710330831147656
0.0
0.06145789723385698
0.01227719845496113
0.02675011753268575
0.033797781280418764
0.05343512357592989
0.022524369778142535
0.0726924333839586
0.011963752097481791
0.01116042697435906
0.05132337899982019
0.03721497214159919
0.0
0.0
0.06619353867091071
0.04668857227219873
0.05759452945593009
0.01897989189905993
0.05882570796923497
0.02366410515760105
0.044435958769959615
0.02411830017331244
0.04145731509804858
0.0
0.03833768080926827
0.0168598569463089
0.05195970098382139
0.028458983665092447
0.07103515818997012
0.0
0.04689870706737911
0.018642829311829274
0.03481604502556578
0.03024645542869446
0.011555075811088443
0.06628106447834639
0.0
0.023476138547706506
0.033717963624338536
0.0
0.043302681933237275
0.0
0.06373136172168288
0.026419816239945725
0.03376896881383855
0.06911865212944462
0.07129802022907171
0.02239155470846595
0.0
0.04920270870168975
0.04308404133166658
0.0470083752832993
0.0428182703301114
0.06498796491689816
0.060988482611391434
0.0
0.04432213278186566
