0.038973229575943694
0.03595009741282601
0.022591377402267503
0.02181663765738105
0.02262695191918812
0.022130847881645224
0.02261087874141414
0.012903670545415432
0.019126483430091226
0.013849639960932216
0.0170368152469819
0.016718185593883484
0.022329745166219626
0.018352995779570475
0.01708441463404884
0.022639375936063803
0.021796723199259845
0.025182633446950462
0.02263363584230052
0.03126115573496097
0.03193911410334688
0.03281963076175931
0.02072526167235126
0.021812454842300814
0.039915522038177415
0.02943473543196044
0.02092638436290576
0.027860332074163375
0.02476166084321357
0.027508621853815106
0.020676303500776535
0.031071949209996525
0.026174837066549935
0.0243561156891936
0.0262584953612095
0.02300595691329111
0.017439493569355726
0.03457468286199535
0.025783025418662918
0.033839901613360465
0.02550021097749861
0.026415943240522505
0.01736679567225283
0.02339338505798683
0.02562168590729378
0.016867425004256725
0.02897529116161493
0.021396420001711314
0.0230349807461812
0.0352553549959971
0.0210872260631381
0.023874476599733102
0.024658353884059805
0.031831482519063016
0.014205764062256977
0.026675497201669666
0.017821940087311246
0.021591627910717046
0.014008110569990783
0.024046653255269407
0.020141218353836865
0.017135043589338674
0.013009996524606614
0.036534489500548877
0.020245189198929512
0.02498881202269557
0.0355860623340598
0.023685268322218872
0.020877393224454175
0.014314448809917725
0.021119888414450467
0.022766523192039846
0.01365722177621376
0.03306925997795987
0.02668793926936477
0.028993377857193355
0.017274350988860473
0.03167032382868176
0.027234845888279027
0.03117861253647502
0.02607653050759582
0.02658363940636006
0.0340172792448696
0.018253459279172598
0.031302735986790675
0.02407173350890655
0.03178313814772468
0.029951799602713703
0.024334926513244114
0.023506573185606245
0.02044674954041096
0.03262623690661739
0.02369450025207148
0.034495944013385904
0.02512289520458712
0.022660507553258446
0.02203312627898899
0.023559530357872817
0.022513715651908597
0.013050034301395135
0.024349701666420843
0.025366052153517105
0.016020321791735983
0.02411663502915004
0.013190136005603249
0.024527512219979897
0.02452015010172859
0.017011432450486443
0.020969083808530013
0.027998455491735512
0.02238397820451099
0.033685192497230364
0.02033451844604666
0.02482683155786054
0.02263018261741836
0.020758346954595677
0.012769253779333899
0.011111347561621904
0.012706422211748442
0.016713987323601402
0.012808351890333991
0.012772901056917833
0.02227019344524443
0.02055366875644201
0.01575015916872124
0.016569515429755387
0.008056998695411743
0.012707017707926874
0.017001644266661526
0.012683013316940831
0.012692418353312345
0.013636396464316568
0.015680686352838213
0.014905552416304896
0.016709449236957424
0.017109748516279857
0.019858953723384594
0.013028401426900232
0.011766358189629317
0.019669006414281775
0.014552560364594352
0.012715285276020689
0.011302757840972639
0.02462381152600204
0.0170135361059292
0.012964724901501405
0.019608576080183748
0.027052974075430218
0.01704064677714743
0.013722602041306264
0.020917005190312542
0.01763600793690856
0.01141480105108436
0.016798522830050597
0.012819291432655037
0.016996212354843405
0.013113958810824429
0.01284704868896957
0.014288149145547144
0.021957596052927342
0.012688558158125966
0.021730073359184924
0.024601251949766575
0.012747141961230665
0.012783977635519651
0.013156701171537005
0.022026712933948377
0.022280408675009283
0.017114005477887734
0.014483742478772994
0.021595678647068167
0.013872088723779341
0.015760976969518194
0.012940262040035306
0.02412420335000963
0.014317480520362837
0.026234752507790098
0.019389399984556445
0.02655910290657885
0.018065027920593193
0.02101780951893842
0.018015956199002404
0.03038323522734602
0.01761072372200763
0.018137474193433416
0.018687088133973018
0.01263827309950915
0.012823023433512895
0.012949496610485623
0.01773645790296924
0.01894847358546035
0.014624732926850983
0.026658282040471784
0.03107583442060115
0.01914676703832148
0.02336123349373307
0.02286946539350913
0.019469261079581676
0.01856058000352782
0.012706706307654608
0.01405217154069043
0.012419238353620318
0.011623278341186998
0.018278252357195206
0.013071638385552238
0.015195576833133596
0.012851212578953618
0.01669958438103569
0.023685289851111548
0.011753536995536986
0.013798150598030356
0.025067836963906624
0.013150584489490734
0.01359155399863258
0.01468572917213746
0.011705179095281357
0.014103322877471867
0.014768559339333766
0.01793450245649236
0.0171924247831058
0.025825622485065928
0.011674974575367921
0.01345405172010976
0.01406371058311672
0.02309074309769808
0.02035662672264936
0.013305412500774083
0.014460973008748587
0.02220571771485447
0.013102691652488343
0.013274249996902503
0.013114575814532094
0.0169775528952815
0.022289808593019322
0.019699304635678618
0.01679514410583349
0.022802820674394538
0.012913532988368807
0.018032514546001185
0.019399412281985662
0.022272335181836713
0.016704127505227147
0.019233215249140862
0.016625555590307668
0.013762702574656461
0.019275252224673172
0.02204163793069986
0.0223205492703377
0.013862441792838576
0.022227252271044527
0.014014648513862412
0.016744292942011074
0.020258550719700494
0.02254898010924265
0.016927270447719845
0.01751270128923415
0.014343508046627559
0.031679528610841466
0.022002275934701054
0.016173307434485414
0.03653778466435497
0.017151530919319223
0.0182563792218345
0.01694136169198574
0.02795580946032624
0.024869266834468568
0.024568350824114703
0.016675122552320457
0.013664395482096895
0.017047346724950486
0.023103496842919267
0.017363732470266516
0.023227592228853063
0.023518491522027573
0.01779851161477835
0.01642548088049216
0.01423948067522392
0.022326201001342135
0.012772121292091146
0.015013705157060853
0.020094995060788098
0.017180612148233358
0.014230036514225197
0.01836609112428948
0.022270720757472228
0.0139801456064317
0.02154961038665218
0.016137009164948538
0.02311238667981655
0.014837145980422973
0.02093227125382361
0.024438059630918937
0.014129188335340033
0.0175086592198327
0.015210302701581075
0.02241415413571517
0.01145927719515066
0.018781169982073943
0.018329629153144227
0.02360786599102824
0.017814575582794936
0.015144263829881714
0.017846305749949477
0.01721310741872271
0.012821067345303664
0.013125264452617845
0.018317239415935684
0.012852320079746116
0.01353004495249823
0.021253902341651074
0.02284757605523678
0.021040056004828306
0.016749322438306652
0.026001976035162185
0.013332386896023358
0.02508306098139199
0.01723186972242192
0.013254309061784377
0.021837635196917896
0.02122452234204861
0.022218980803540282
0.025690860177633435
0.014062554001000344
0.01423891115122527
0.019114449851949957
0.01779135038236651
0.02525779166445003
0.026949501819857807
0.016961109297761286
0.02714939682568189
0.013219343164635924
0.017591059335948463
0.013156769429388811
0.016047232847638763
0.017905802442713784
0.02457298933776459
0.03242143963103983
0.021754596643049153
0.02005061050183042
0.014212854017789336
0.02085098886201135
0.029301717019660774
0.02167311722649222
0.01593794734463682
0.020455127331808955
0.03624023730214181
0.02566669471524533
0.018257772549056684
0.020292709860010822
0.018246383063755884
0.018676762243276884
0.019026105764416934
0.03330870022430713
0.024800101783521555
0.029945318359423257
0.026395776538103353
0.01384097980963977
0.014518794759489818
0.013988924827353791
0.01389316966784962
0.01358205225611768
0.017630039550239247
0.017883869625443995
0.016865964922530223
0.02898523355122705
0.018215967752854535
0.021769480207839857
0.03019316732132006
0.024581845830047563
0.01358984565673168
0.018892665833582938
0.013431827189182259
0.015199218533006908
0.020135369166438412
0.01600247432442944
0.01581254268490155
0.01581970782069209
0.01670875459723652
0.023259320787829885
0.021225560508405416
0.015208728287558015
0.017448406198112575
0.017118710884340048
0.01537581977168773
0.01766220020380119
0.019958847550271525
0.0204805865778256
0.02088593775845045
0.02175455206960359
0.02422013476379446
0.03042003841945936
0.020923219482820343
0.018000206718944072
0.0208814629162715
0.020289331074008446
0.010574351880073902
0.021141091173771543
0.024394805888033975
0.036059077068310505
0.01690686932816621
0.017326793306181754
0.016132599859493797
0.01311492767845573
0.026462648549121413
0.016063833738519585
0.014639029771471183
0.014348543815238932
0.027881341227286343
0.017282257708601596
0.015210733522204669
0.013311283363933541
0.018687718861214217
0.012931258120088494
0.013011163235307977
0.01541390688083907
0.02044853816775833
0.012808299848369186
0.030219537509021215
0.030408654065716273
0.02148456835616452
0.01768358135321544
0.013287885904454467
0.017423326714018885
0.02091484880321666
0.024368622666011898
0.01839396913676824
0.012316965173557274
0.017503185968691666
0.017476895023378396
0.034629338969557784
0.030225501599696954
0.019391505293086447
0.03241921872288189
0.026321923293663802
0.027809550067733935
0.02397027844470024
0.0203357343495043
0.01745703328836251
0.02587697661006404
0.021517872847894557
0.017914705554199172
0.030827124012531664
0.012995631088213649
0.022559343837329465
0.019311751249217086
0.019807511841796493
0.01984484708723033
0.027451153769315582
0.036868422897680976
0.027894823579421996
0.02582829546208347
0.023826066767718007
0.017549637734414102
0.022677610816340902
0.03852308017036545
0.022429853836290776
0.016353625625097068
0.01777911994403844
0.021919690614688608
0.01261963632764386
0.02375398988048324
0.024822232409924507
0.015824241529460777
0.022461391371308405
0.017892177992948843
0.02273029905014794
0.01959150273301072
0.01832042519544706
0.028015072473376257
0.017752022854485124
0.011985681087712795
0.01812369167694352
0.02990000893791302
0.02032507091944328
0.020320549650648754
0.011791263034452635
0.01279144768874848
0.019180255693055807
0.022019623712170595
0.012828105451230047
0.014965721679948066
0.024128727403737203
0.01823222513195293
0.02824858322078548
0.013255849343665483
0.01855228949192361
0.023311814714811474
0.013214717257484817
0.024201838973105523
0.018547408592560124
0.015623256093773727
0.014079773339679068
0.012264872410154884
0.018591078610673085
0.013750435576865321
0.020061829782448717
0.016311461459046266
0.017437502904382687
0.022392610749226733
0.012531400693597235
0.018807574189255535
0.012847893310541442
0.025992179730764123
0.01757532124894844
0.012967888033223955
0.017150265082695307
0.011431801737102218
0.018851758742517398
0.012613706186772327
0.020449958854681812
0.025542607008549607
0.018919241601017277
0.017758237227376523
0.0204063628922869
0.02355465044058472
0.01807024809478572
0.015323370744903244
0.01882652418978157
0.012367610474023578
0.018340800051240943
0.024683106549542016
0.01583430307811984
0.017137617711958212
0.020473655706551592
0.024101816863383713
0.021383445269867657
0.019754726619213316
0.018526705531945634
0.0182166597403837
0.013162881052664293
0.01287560232874564
0.017989754504009685
0.024588027006983204
0.017770755532687317
0.023413475101174266
0.017195931623620757
0.028330506413515862
0.016611827946023127
0.013125067639396507
0.016892467366747176
0.013509953447514178
0.024520835747759734
0.01662510763988649
0.020549078687347226
0.023293828695828557
0.017205835201938188
0.019215481976423053
0.024830028374834473
0.01717055905722698
0.028163556067435105
0.01871409883944808
0.012880137771068712
0.02428650103636568
0.01718993628557572
0.025719186214253856
0.017441190800509678
0.01392157422707088
0.012272344715154822
0.01118570278246828
0.012556366412627315
0.015668584624293005
0.012247889419734533
0.017590437158441444
0.019251069097535264
0.01686928822377812
0.02100583315992978
0.01235054906215601
0.021331880847251267
0.012829956777206612
0.012879162870059193
0.010753503757058107
0.012217020134441745
0.012241140448784436
0.01226098319883394
0.01234192677194193
0.012917593807875662
0.01080686022487221
0.010814912857966385
0.016616084072255295
0.013182889591629356
0.022100967664464632
0.016875410256594746
0.02196282486703981
0.012260781428503823
0.012425806126812145
0.02193661202788674
0.01689338701606106
0.01687955336325993
0.023687717390131518
0.02196554679333
0.016850785478262197
0.012644851179162867
0.012522113619333137
0.01679663226680166
0.024668419290413645
0.012849732980327296
0.012862332653447169
0.01375964178536522
0.012650480830590336
0.01567182098933324
0.01284703370137983
0.018682288401598097
0.023905784505556874
0.012439843182177421
0.024461212165148512
0.023189511449656915
0.013720778825687629
0.0168785504344851
0.024410265803112088
0.012764402859188746
0.01392818312510329
0.016852661778916204
0.02492844450936442
0.021823997957435948
0.02200922352093438
0.016845855212884252
0.01753620501879913
0.024407501330504597
0.014526908753675877
0.013050121997124105
0.014605057983099148
0.020139366049011658
0.012436361089731566
0.011058782791180331
0.015552176451128592
0.0206287212405829
0.022631582387525644
0.01704124443399484
0.011275213101320446
0.017339847300434946
0.013412831461317588
0.02474339875555966
0.017393919076733357
0.013559827284025433
0.017616554111417097
0.013474799730473386
0.011945991383312142
0.02590119013432741
0.018146679408109646
0.013682337677067473
0.024200528418081898
0.02212667909155111
0.02232816719206846
0.015862216716807334
0.025813679434844403
0.013218472395139876
0.01242921604133448
0.01729008321832571
0.019408077136837294
0.01730735209318093
0.021197182910687493
0.026374319796261605
0.02491664437882199
0.028629757958611345
0.02307871870501566
0.01796785707308071
0.023493674379991267
0.013969199772062377
0.013208806664162447
0.013287178139002197
0.0280570755779772
0.012183186493286034
0.020031594979802243
0.028723603016706643
0.020979103537180452
0.01813769631807762
0.013094473600291123
0.012518815164238894
0.013635338372144189
0.01130393091311215
0.01763185174170628
0.015097585718254118
0.013023980653730435
0.01908783333810456
0.011348814063306359
0.01478377881816081
0.016005286365637333
0.024605449579279945
0.01695270153202078
0.02227070144391694
0.02055722806553653
0.013625830305105701
0.01768118747049342
0.028152335127882986
0.01701091403417572
0.012465260007844923
0.016687027141394133
0.017154298357562412
0.017809257889542303
0.02241720786842924
0.013820797745898556
0.014571907465096163
0.022638515903652713
0.024398442449086264
0.022890964385597297
0.019401045765580712
0.027541224063013948
0.014888986583886626
0.0170176957331722
0.013881828875998259
0.013856248509178095
0.012083450764061783
0.023557069919197413
0.01018886053100528
0.015219553242880738
0.017368024717228543
0.013986027267712592
0.014106109636977638
0.017916963651795372
0.02587240255544903
0.030265915366422078
0.01313320245340073
0.015522609639119958
0.030517010582013154
0.017919118995832
0.014146231057432852
0.013950387848877567
0.018901306963745566
0.014537321074347858
0.01715412427910604
0.021976771209255924
0.020065683553229383
0.013893059845910726
0.012482800226454718
0.013545426893356144
0.012431957154815048
0.01799805477586149
0.01399804642676693
0.017178825577634574
0.017101575936199768
0.027572792798798332
0.01555211812070424
0.00933753414908581
0.012536758367669576
0.012761445222928347
0.02076137305672616
0.019003535007690423
0.024224998694465198
0.028275812837461653
0.01361737992685313
0.019492116033760047
0.02210226089129092
0.017015178597854175
0.018764185553147524
0.016637696004695373
0.013642602831795147
0.010890450721868096
0.016665546729774213
0.026079661521725254
0.013078881104218683
0.013892797545140794
0.02403581600791588
0.012422039313616053
0.01765666445739994
0.017670081156360557
0.01734437482174093
0.02215755490394161
0.02652991111645495
0.019195892194213533
0.017971094712917714
0.011449944022175963
0.02209750380983646
0.014010124536139304
0.017096649580880783
0.021365641670640728
0.017449006240046472
0.017885731663825625
0.018043475227350583
0.016358290591341404
0.014280640334246824
0.023561611421346336
0.017711463998441517
0.017008858261535496
0.015850275370155622
0.012432448206839778
0.012695952591419318
0.012333895736967252
0.016457242587044296
0.012675694851676697
0.012680770611991824
0.012591582277716352
0.012611125167209464
0.01366818833921058
0.016873239621506764
0.01576480019934402
0.013021068462968017
0.01704718724159869
0.011496412276376168
0.013432867792660237
0.013272818381907017
0.017080109880667712
0.013628285166727712
0.01276391287054249
0.012774123035061924
0.012666825128063159
0.012697492946210616
0.017578740049499986
0.012917206880944632
0.013756002549572021
0.014086528333804638
0.012683553505407721
0.01146786936291242
0.012747016372539449
0.014013598871713434
0.019824156613932914
0.01763402999518488
0.012672986190502
0.01282285226190812
0.010556056643131998
0.011676506484691093
0.015552503714161269
0.01577426816047059
0.016294460631690596
0.013414345248059746
0.02471501652020143
0.01723061754534981
0.016431921282207454
0.022455414268833674
0.015693590287052413
0.017820533599648032
0.023051735212164547
0.014366900941124637
0.013677737488252777
0.013501689101649814
0.013176407571835424
0.012765472520539306
0.015959550270848766
0.01597943037363229
0.012790833324730345
0.01114025640512993
0.012908056167232222
0.022642318683827562
0.01286540828592917
0.017183634602499807
0.024783651744222687
0.017468596262744957
0.017042420507203844
0.013681303293326971
0.018010618855351594
0.017048274712821228
0.024843895199280035
0.011595159545582484
0.015864242861073217
0.021782465346283777
0.019646692794799015
0.015436958956028736
0.012694657135092942
0.012767850343357649
0.01682890649403672
0.0132016072121853
0.01276401238188795
0.01735694534343959
0.019591751618345466
0.012788043819516239
0.01277248581450596
0.01580421692505911
0.014935412160894338
0.01745321292046011
0.022971305415546664
0.013319438690055373
0.013123619711983725
0.012618328245333769
0.013374656358613088
0.01846703448846092
0.014802698425854193
0.01280140688842792
0.012787976588777084
0.013075608584822747
0.013085839395313263
0.01304612245862941
0.008640650054906503
0.01468012327955686
0.012819446137507502
0.014631285715066984
0.013889023871011347
0.012666029969376727
0.013183099145734112
0.013607680226459185
0.0132147583699934
0.01706138554641719
0.013683817889680192
0.01757380229059724
0.018702144886401026
0.01722032482526274
0.01698998659995348
0.026532972679661603
0.014675145550490772
0.013582253681658744
0.013403530539216533
0.013102662328972912
0.018014895697537062
0.013061418706657932
0.014523648082617583
0.01362086131685148
0.014605110423198868
0.015285426001318311
0.01546795377459546
0.014096102262373197
0.011211671699999978
0.012840148237947052
0.01833768657957122
0.013508922570741256
0.020911378031195242
0.013950278328457579
0.02118120711525588
0.02253074017756797
0.012862178251770672
0.01309303875605149
0.019899582335952595
0.024991153638673668
0.019630295554053663
0.00909008968956233
0.013601635989426666
0.012108043371107645
0.02314977881113974
0.028837622792703604
0.018316640090825165
0.012750904085009921
0.017749619914379983
0.022935987596093308
0.011673308845026107
0.014208200009064325
0.012831788350234885
0.015209564650768954
0.015140616047136663
0.011955097010833377
0.014162017414304633
0.012861499515802942
0.023683593646608877
0.025582008976018804
0.028173337618205157
0.016208114732374254
0.013169173916269634
0.024453836913039408
0.024133654414678372
0.020126707831856227
0.013953175906558942
0.01341641516007405
0.013521422875493624
0.017743554762054376
0.017172945252189743
0.013731068198798081
0.013998689408442616
0.013886528310692215
0.013411790269063457
0.015102773128027462
0.014570404242872655
0.015107740671572188
0.015094555360951258
0.01777918592295795
0.017607205279963737
0.02195250587503341
0.02573526363147352
0.021412659817081642
0.011238922379561405
0.012228437502616157
0.013181526364391774
0.02234699106405407
0.023220356701329114
0.02043571544866858
0.013612843563346959
0.016990924871062973
0.01573504798689933
0.014314227743323556
0.013838487827661053
0.015780932480532386
0.014595694613004908
0.014584759986068363
0.012685654635888223
0.016721891560144593
0.017598819595388282
0.016413926613452024
0.014887975639212651
0.012744635708997625
0.023898765049831766
0.016730457956807568
0.013584355417586121
0.023468681875422674
0.026630823029613986
0.015764022611193546
0.01648273535424974
0.01817673019088088
0.01594639094590553
0.013946136132854085
0.016101299047291552
0.015350845249808332
0.016428648536534845
0.023555964067105268
0.014201882873661874
0.01260047425128844
0.013579606128937069
0.013733734239647109
0.014093793227427008
0.022638650016159657
0.01599020217164939
0.015970329954473856
0.013879666775496213
0.02435127110356266
0.03910784653905543
0.021098861135060834
0.019509275755480622
0.018927817078143214
0.021057695805278127
0.018840378837316724
0.017489670687838403
0.030593644833800778
0.016392629184726656
0.01460936985743139
0.01672979029744936
0.02100678110447392
0.019503020594327136
0.01613629659384773
0.012862329851645532
0.013098894878681796
0.01992581871205061
0.02393763747128643
0.023657356060584195
0.018677004220650807
0.012973209348034644
0.015619560852276127
0.012438963796105913
0.012530895201427797
0.012258956149966903
0.012249904315557832
0.015387579496601583
0.012376810163082782
0.017138376987781503
0.012605112948575008
0.012734305694958628
0.012593409626951253
0.013728210620523543
0.012387065742636542
0.013220083901737895
0.012350754889756978
0.012890694601654434
0.012764465052310488
0.02543184784881659
0.013866487831637023
0.015524777722252784
0.016934643000641604
0.01700096332432554
0.024914263722520574
0.012400978974152295
0.01568663247384157
0.010791803008623
0.012480261318667252
0.010816152549965482
0.012315127262633369
0.016590759311079995
0.013256566949869271
0.012370323184001926
0.012232951464741982
0.012634393003465694
0.013030555943872852
0.011650439352533293
0.013933154449553868
0.011475573109163485
0.016963801521785865
0.014279470471632817
0.012296254691132593
0.014081839550766294
0.01774584320844911
0.015028588703586964
0.014843763753038091
0.018693122869494185
0.012764510422997939
0.01391976868628253
0.013299518215710756
0.009397239787375502
0.017579636686525422
0.01769359536826743
0.014801095601188021
0.012652187681381438
0.01137115241337181
0.011472869488615579
0.018102987710968844
0.013461103929177229
0.02026443328216035
0.019179760875724268
0.01762517660330087
0.0110716625997109
0.02225699984087135
0.014460072646315526
0.012501422477720507
0.022131554655156697
0.014152496272539115
0.01989005697612672
0.011345423333324766
0.017290215932767417
0.012319592947681722
0.020086506133017327
0.012986007311003387
0.018028812369636882
0.01406531953544361
0.012908705805439988
0.02362650982721054
0.022788135621056995
0.02564603935072627
0.01282513128541918
0.017856158274058835
0.024175185800540032
0.013492927970069681
0.01292996360167858
0.021507424943734674
0.0170398823962947
0.013714824057615992
0.012521400732076884
0.01752780876597831
0.01864680252086567
0.012933472955435794
0.019934190878392363
0.012617297424660948
0.016473176612142915
0.01784983178094293
0.016908387834475975
0.017084136869319543
0.012819888194431424
0.013013263644018488
0.013062579661569323
0.01168246431865835
0.016494187703771795
0.01692461732493649
0.016915526991247872
0.012406232682243936
0.016661690228917708
0.016979019753225934
0.0215769082018672
0.015907337152180942
0.01254903615051592
0.015475177281904763
0.013058006055560107
0.017373445845425457
0.012409449607781432
0.011106016586504765
0.01751182739825164
0.010894181810027083
0.012471768562945138
0.012506037348426287
0.012873470923202636
0.01247048697363411
0.022095445803783566
0.016072060545434315
0.012951208703884625
0.01668767365385189
0.012842503808668113
0.016738955435102416
0.022020176589701766
0.012528884740143516
0.022597433540067602
0.013324346500762772
0.012691956772230884
0.015737772830808607
0.01803650259954795
0.016996209456088953
0.02468109242561349
0.015217600630288673
0.017075147616043413
0.019747545923235164
0.016999992628176412
0.024334935611379022
0.013751958656400732
0.01377301518649912
0.017955914056851336
0.02150453165848234
0.013894414780553182
0.012094504832114095
0.01348158169865096
0.02438684137126938
0.020007632458820392
0.02074472344322496
0.012237858145302644
0.01863408688879732
0.009959971526934421
0.007811116043943018
0.012448615070203586
0.012469999507631164
0.012604977149631122
0.016664256445480297
0.015904383331260617
0.012462875676180117
0.012894879922582956
0.011147595802408728
0.01271479578586128
0.011258885815902625
0.012597762177400594
0.017147681837509986
0.013957889803288857
0.013854150583517463
0.018479621077041403
0.013737782162229338
0.013732470247369918
0.01959081758666717
0.012892036587214042
0.01393323993614984
0.022405118430660315
0.012666587713789918
0.02094053744373053
0.0209965120034193
0.014027834541373619
0.01912490636714659
0.014299729259710004
0.012538076780123272
0.014044574157406876
0.011879407011080645
0.012923844008702993
0.013575859475414039
0.012725162790396795
0.012624384991081927
0.012709470574980264
0.014356480512183564
0.013059536063869242
0.012696232042954517
0.019243658857826768
0.01720710509740489
0.015334161959200813
0.01301485656428283
0.012939575799203115
0.012756059647460787
0.012819187411703523
0.012825565064824889
0.01570837069745257
0.013338259914574066
0.012861820877856037
0.0132550458375245
0.013054389680588837
0.012797956083638309
0.012778753090305345
0.012774078510870722
0.01867597213127638
0.012805648120921748
0.013194346006470181
0.019493870479700366
0.012833843612457322
0.012823518186539156
0.01364030818189517
0.01283468157551818
0.01274638759944898
0.012611145793899929
0.014022905408778739
0.018263611592727925
0.016957290845170673
0.016752720211452608
0.025043069488815378
0.012211514206098478
0.020368594598541286
0.013950386118877093
0.022965555745450103
0.013633252504466892
0.013215816303632364
0.018349428791239006
0.013950073290060342
0.014709756147811101
0.026943817311936315
0.016863669761227093
0.022030064935169923
0.017671342153591132
0.01771120403316186
0.011147211499368915
0.01303390607376732
0.016340610297224414
0.013108519011154516
0.01897186636294681
0.01365888482518978
0.013880519238998901
0.00820336330179653
0.01335105896101047
0.012765756440398153
0.01351021314444085
0.012998317211631204
0.01563912295737958
0.0167061472467865
0.012725889158771727
0.01638016141217326
0.013934475833288867
0.013933923902770554
0.01937188276193908
0.01352554018373184
0.013697257915190717
0.011115969847819733
0.012785069988064224
0.01584207428322145
0.011543911879057985
0.012384870279475865
0.012486927246539352
0.012943506164589487
0.010828564430053454
0.012396343935186852
0.0126544308950993
0.012383166779311073
0.016761565555095462
0.008592793561034455
0.010046517778398404
0.01686818472655216
0.01320257152373904
0.012831935492463925
0.01033279615304048
0.012599583055391595
0.012643698346134968
0.009880697397471477
0.010414852303929016
0.012611902771511323
0.008373402324861076
0.012589836903236683
0.012852189763959824
0.04164789951572245
0.011695892211156893
0.026883893076246553
0.02080802347073137
0.009771135519504625
0.021878736776539967
0.007183224653788831
0.012212093387640404
0.028190554515378302
0.030610779841156434
0.037346230099997234
0.023143723357154214
0.023557731581450782
0.040089242949527655
0.030993640897943858
0.03462011452862671
0.040303294351606504
0.01773327369111678
0.03253409908105934
0.03366451910206137
0.025564691852352526
0.00641929577703816
0.021303196498915104
0.029125758989367735
0.0395763484097913
0.038422997486104914
0.041254445291565696
0.024830861629967657
0.018040843697356434
0.03856324258390651
0.04115016724899117
0.03891215974497754
0.038476242264149266
0.040555026144455386
0.029357971749014933
0.027639508905022838
0.038359051395672014
0.024087207769919582
0.033994806497931664
0.01199517907984393
0.0
0.0186807141002255
0.03900072700822203
0.03558959546723163
0.03157998268673223
0.029122125692959012
0.02542848520989776
0.03150014403944433
0.02836825987747283
0.03492264316436255
0.03507872438093109
0.030373485724031705
0.026688776789156075
0.026478372415993212
0.02825416341988026
0.027088171952472904
0.027678992000202983
0.029609438517641008
0.012944498048905805
0.037702381700652925
0.03492761024190408
0.029855073937434515
0.030919342971289846
0.03466027363527744
0.034173390310300554
0.039821650405685714
0.040738484841322364
0.037538672610283166
0.029698685212147163
0.03607310995001306
0.029305880458038395
0.034765688542705106
0.03198285107642079
0.03686158963623751
0.025820540462411494
0.027159571974767916
0.021657955496928106
0.02605597016143057
0.03147072102255067
0.03410862214013262
0.03048919090226236
0.03307152656291186
0.03566653105472317
0.019265019556679013
0.033409147736015596
0.024980947780635053
0.040203792893110324
0.041644557320344985
0.02734586079028665
0.035979230498674616
0.031411106980903096
0.0328608914570807
0.038032226379580515
0.028856992249016233
0.02101014111750848
0.027447082844233913
0.024634509961746952
0.01420449694884766
0.031083421306465606
0.034588849073537854
0.037190753115997954
0.021435123625233803
0.03977729427798853
0.026042090902239863
0.03237375586505523
0.0396653127910639
0.03785517674971919
0.037183603892507223
0.036133500021698385
0.030208660472715997
0.034921098969066006
0.04062956589071566
0.03298409866704861
0.03327728388500365
0.03786283474091441
0.040290490766652184
0.038473813254144555
0.03218457627822627
0.037749220876657795
0.03462154118943906
0.03225176816477539
0.03927678956818314
0.02423915103215135
0.03535145722760859
0.01889828761409103
0.02294580682738671
0.025598143844469592
0.02325887611303623
0.025062169447317383
0.029056109230915173
0.02645785479551734
0.031138289750189462
0.02807468401934514
0.02319640229575004
0.027930764291874816
0.022901655933103747
0.03259406244772225
0.03257981493838355
0.03213472490226499
0.0308315340504551
0.02999954303526914
0.030167264376464387
0.016137171712306844
0.013941631068872893
0.027397115794861558
0.021716190474200692
0.031217944818592018
0.033056370368709766
0.0303042205082268
0.03539131834800898
0.03805059841927227
0.025335164166119712
0.028175846030065135
0.02254508347259399
0.02477331466743312
0.024430863401479062
0.021302556767586994
0.04044479981901803
0.03216512806729107
0.03142439744286888
0.03594317195193889
0.037261095144338806
0.040835938937781875
0.02163279622147254
0.0328619183950855
0.03392578868083808
0.0
0.018702296069688207
0.025711208131786966
0.020858373801370234
0.03388974356321081
0.04182602413441634
0.031130392341452453
0.035979244872847524
0.030717984129105168
0.023475357068061958
0.040534730264665794
0.02993487243188634
0.03114457700688637
0.040621174480746314
0.03736941948664623
0.03515059908995766
0.02826633563249612
0.03679502584119145
0.04138834357026543
0.03930594154771758
0.03539745523694621
0.024523352904661285
0.030686238790539506
0.032928493610117085
0.030374736809766646
0.03681065076014477
0.03515084767115065
0.03323537413965264
0.03826810002405848
0.03744018375535954
0.03160056898723449
0.04027633353366647
0.03461854560782368
0.030796863922766742
0.03568353938184868
0.03626344732410535
0.032292597570533696
0.03217566442234699
0.01892921609847676
0.035134580874543936
0.03122571236662445
0.015636029907400824
0.03274920646611406
0.03576967550238096
0.03519659792804186
0.026592066159252907
0.03731638405949937
0.034300768514272134
0.04078280658876116
0.03505271254056488
0.036424453803991994
0.029114392781078836
0.03502508724106765
0.03230171938276009
0.02795261776477472
0.029032863768939772
0.02508561215797824
0.02386312906611235
0.033538875120635255
0.024315164767085968
0.04135224093245848
0.027664684878224415
0.037491559717153816
0.03434880355522103
0.028619031489725867
0.02898299838777503
0.03440337245067937
0.041334165473323796
0.03939388661138259
0.036702008122194735
0.03602634191350858
0.041518034300840376
0.027352889686669202
0.021672338737223344
0.02953450681312506
0.0353123774872184
0.020443814955526485
0.034682600986939954
0.020915110201851293
0.025962679982476713
0.03244837808183929
0.03143731612733217
0.03073233917922132
0.018353411338611975
0.024540350408733952
0.015229416666103099
0.031727235317271674
0.023148382587070044
0.024428442874792924
0.02352939559724074
0.0
0.02449583339854589
0.016102690518118783
0.027231454339378125
0.03177635532965827
0.03941403697239252
0.03961706591072912
0.018810543726711086
0.028454248904758492
0.02293809341597452
0.03681624911810216
0.04181446209935075
0.03305812500876002
0.04154219918422845
0.035137471752840904
0.040543827928257475
0.029529616733836347
0.021100746592973327
0.03393182108552969
0.02779446678605376
0.020943867695309072
0.02740470936579805
0.028118599342850693
0.022817244388600912
0.01644500835832564
0.024990239498058377
0.023398135632316432
0.024927903406065526
0.03828098402638445
0.035640031232799754
0.033029912434027815
0.022348025676522408
0.041783826091600314
0.022631938294699165
0.020250654684559378
0.02333170517703199
0.02278327366118069
0.02711091490946582
0.02506325603488498
0.03298218016311246
0.029275967840189685
0.036337792939552596
0.028521755300810386
0.032502811377433945
0.03339633225979562
0.03275318263430114
0.023560509275833183
0.019437787720876707
0.02404327071232257
0.02852795535060065
0.04074504726965922
0.03955704708362505
0.03730060367213194
0.025338886004605446
0.0383939538040997
0.030839508396681935
0.03559744893431743
0.03591288305959835
0.030448125789994257
0.02357061272576079
0.037972061349372165
0.03877514072765749
0.024859109034052786
0.0301799299687569
0.029334968087722277
0.026289141176376846
0.021856548944565825
0.03181435365182823
0.03409144122106988
0.038427574245169155
0.028045502414702557
0.023066680932603018
0.01989918179789761
0.02578456779797911
0.03996166776150644
0.029786168394513115
0.03326098197171282
0.03638946036304748
0.041133359603044366
0.03705525136633057
0.023819679658806072
0.028849307597065683
0.03081524804114411
0.03548937448343522
0.02958835753453543
0.0277101506726743
0.021077762557968303
0.030209511781271375
0.021467849763874197
0.032085969507109575
0.030723644641852503
0.02238439374012864
0.030510302340665395
0.02784291819609189
0.02252459162218809
0.02995008827761331
0.027619836878585664
0.0385757595765325
0.03435659408516871
0.02162664767684556
0.03813605767310214
0.026533565622737412
0.031484545848232
0.021305988447354148
0.028270250472503262
0.025786830709290158
0.02650272453561015
0.01781541531763651
0.025593319284433928
0.022174736020092862
0.024816787156818405
0.033960383554964814
0.02866181713138319
0.03296783586288278
0.035814340536299054
0.03156020138963784
0.026479041031564364
0.033715032660585
0.024497084074442285
0.027230700993777123
0.022628819024395508
0.03859888428822142
0.036577913032657665
0.03374419637293418
0.031629675046295436
0.0
0.01213369148793972
0.009858971399891319
0.033782658865999925
0.02651829426260825
0.023533216285343116
0.0
0.037266029312714305
0.03958798371047172
0.028363485636234295
0.038022678653125676
0.036025483158665654
0.023796353513224417
0.026301258780836792
0.027879058281474113
0.030276042644492185
0.03473121601425344
0.03956131467114783
0.03384815039464096
0.04075247783378108
0.0243245153414496
0.024401556088737016
0.03493239963951508
0.02642815420682681
0.03551023619673538
0.03741296486280222
0.033751603855454414
0.022864913498492765
0.03547816894945604
0.03802833900458226
0.04160613822183329
0.027749740627873554
0.03944318603459709
0.03522322800542865
0.03581786454000068
0.03947488192913221
0.036838551188153094
0.038717815797338
0.026608273826206733
0.030556785401548433
0.024861639053583774
0.025621848208864432
0.028335105807038016
0.029092205163907203
0.023901719010891356
0.0226759000784142
0.0233324166252385
0.030426522182728354
0.023237715775549225
0.028020886148694905
0.028086703072027187
0.03623748503522616
0.036429327110013954
0.0332134899091471
0.03621791174234229
0.02130520566415805
0.039650169571890485
0.04180142848860008
0.04127491686615451
0.03533287473409258
0.036900536317697366
0.026067710629645083
0.030690046391234974
0.03961343798629705
0.02874361040262521
0.024991251864000447
0.028621082069541896
0.039902328573396664
0.026679668444529323
0.03579876739990641
0.04018735131506898
0.039090672204601856
0.03610256528754435
0.03044351862918383
0.03006392684489182
0.04074519551105037
0.041284309578531755
0.03824852289603565
0.032443670822556676
0.029733581110937556
0.030706242183991688
0.03604852660143025
0.028559784178533647
0.02534754887340421
0.040303168685899136
0.04054612089335393
0.04124772903921373
0.0414430904735333
0.03343119426148599
0.040078608981514406
0.028195378873469346
0.019612630875832704
0.023962200387122545
0.03339710492378222
0.038193669954906175
0.032078756638235034
0.030262753335919663
0.040872229023293294
0.04083428717338198
0.03665351400071969
0.04076078068736576
0.03087716529211062
0.04185957327498832
0.038407168983697365
0.0377132226041946
0.04011973581797339
0.03921204814655757
0.0408845580825642
0.03480198677139736
0.03961614700427247
0.04048747547289183
0.036243601641338115
0.03873922132724343
0.035478828702959916
0.040061926314967904
0.03614767070722546
0.036050090420768524
0.03634496461705407
0.029458610354349983
0.03952161670294954
0.03528119802301073
0.03287776116137192
0.029161301285922106
0.03626646460925233
0.025433207486827168
0.0336647218845155
0.032853271537666456
0.03382767253124262
0.03867189175974708
0.03346649546924128
0.03609101570222163
0.036903187911272936
0.03752282199381439
0.03560998969359909
0.03470756608437082
0.03057833184389413
0.035561015704522955
0.022187532707336914
0.0382787195609183
0.03552813296056391
0.04091564362013948
0.03920638354097288
0.03542719802980131
0.0372441418629361
0.0281978657782741
0.03546193462730907
0.030218906641311688
0.03464973302944617
0.03439969775652575
0.030743410238235035
0.026849428210435893
0.03301726792913549
0.04059265924132277
0.022789984266137955
0.038619144335566014
0.030718599310861548
0.035242076742490434
0.03733394378009196
0.03937583987904261
0.03949035434740685
0.02936917487927952
0.03158145664633469
0.03277355083448511
0.031165952571111145
0.02614916833775059
0.03591940092413027
0.030380954520007847
0.03792750626891329
0.02974718899004624
0.03649826545092756
0.03870810670976077
0.034373345317648525
0.03841475283541614
0.03355635690196267
0.03980939972713086
0.028010702736070228
0.0349937881460865
0.03961548366780267
0.024039289349510367
0.023876666658506955
0.03492591095774814
0.04132997946705979
0.03687396868323157
0.04015972442328083
0.040349017496141414
0.03662902153358403
0.028537993744054236
0.014862510940686477
0.013028247507100684
0.038298619300829104
0.041435599532445105
0.031985872415692555
0.02566146564344644
0.03487590276934918
0.03865866829303307
0.03943143405409092
0.029242126160886558
0.04002501463711638
0.04165017692886361
0.03126590536630765
0.03962125247140358
0.030618921354078787
0.035933632203392366
0.04015311447701115
0.041674642368994166
0.03827722894555604
0.02901874268932749
0.035786957227193834
0.0409747797024805
0.04000535786915207
0.032340337733837904
0.034912609122719734
0.03860812628642473
0.023686140310774907
0.026529403039660913
0.041140878929492655
0.03987893533926612
0.03689070338176583
0.040463216785122984
0.031045797105508442
0.03522368672344925
0.03628299170492303
0.037857861407700644
0.02783008494585314
0.03343208897990421
0.0310714257042864
0.03747536655221907
0.03658634645720153
0.029702993679036283
0.03398771930997776
0.032709581098819114
0.04073901397109487
0.03696105386403582
0.022722458744258434
0.028366964264307383
0.035886585940323075
0.0314032595766499
0.03183969205978697
0.022389159695733796
0.02269781948863272
0.022124482798471925
0.02260561372787486
0.03822822546786988
0.0238411533736713
0.02248906600758555
0.038847410390892824
0.03053738538076123
0.0398357285797683
0.0335788292402652
0.03981126802959621
0.02143956900107738
0.03927009218172624
0.03841810014053748
0.035683049549959635
0.029237643159859158
0.02094299320697366
0.028722803873686246
0.026283613931229775
0.02646785090301034
0.026931715804341224
0.038181400514137175
0.03400407596152085
0.038924078904186095
0.03545541357512094
0.025408709227574995
0.031959210867235
0.025528793607283377
0.037134951443946795
0.032123695863608
0.02952122616694296
0.029607944475547664
0.038327717183030734
0.040540945618185116
0.037027551975925
0.018566338334817415
0.03141871475127455
0.025785216756189472
0.0322134019690447
0.03399172791932627
0.04129632979069991
0.037781245891822836
0.035866119417107524
0.03293842918026696
0.031183695992690587
0.041805832612779065
0.026660861489913396
0.04028289167913901
0.029487903116223145
0.03623602344015436
0.025834275343828074
0.021037240903025643
0.03184787977323541
0.03916527522235294
0.038201363874215896
0.03055529947841547
0.03454001033947421
0.03276165388002015
0.03179966701776242
0.03027015045659746
0.025662545322590373
0.04021225453881845
0.03307690430219511
0.02989925977276161
0.02376048830207046
0.025998486226262534
0.027797210688587662
0.03564692288157892
0.027621963802846147
0.024052744321427802
0.01793353230132186
0.026423613757396706
0.029722440342205027
0.030551948842423723
0.031675703280717435
0.03022940858107631
0.032462809027118365
0.027566822891637532
0.01830477307959131
0.037960809483307274
0.033542318264575315
0.03464152239686848
0.02712821442764246
0.035528813005615584
0.027709358433413506
0.027286513605656145
0.039071034497503404
0.020488019939369974
0.03077068337080186
0.028921975042195895
0.02151079573906102
0.02744258209962306
0.030837280807877756
0.03336378386766063
0.025926454372817685
0.024283251899288014
0.03133606342100092
0.03027808111525672
0.03598014721332763
0.03607201517220287
0.03212395513664847
0.03824285382602923
0.040275247895558065
0.03670584085785937
0.018936164550022245
0.026071685146472127
0.037755259286914845
0.03628552368085305
0.039045874081462206
0.03753484932202334
0.040238677045109444
0.03868697918325398
0.03216978008990384
0.026895789042558346
0.028214883334952017
0.030636375878674023
0.041127782111027564
0.038098674188574974
0.03468002372964673
0.031006124260750077
0.03784790608101663
0.04008133011321829
0.04055591088035538
0.03672473402614845
0.03759726899905419
0.03952133487016801
0.03065149603197676
0.041876713533793054
0.03584609148126026
0.02678049341625616
0.03529281037786753
0.028848275300840245
0.03165041659839146
0.02882892266921325
0.03461545348012527
0.02447462004191207
0.018206464271007413
0.040913838609201836
0.03614411977063798
0.037426542192008506
0.03207105617115553
0.037343370516144406
0.04129778698602604
0.038245916191225006
0.03727805734812353
0.026887125987311772
0.03588794251936752
0.037595563297967566
0.03730925125058535
0.03881779167131358
0.032880348517223455
0.029278682473947337
0.03811612886130945
0.03082120408529345
0.03595207624265108
0.0340622961217725
0.037427532898484155
0.03537678865598203
0.03800125404721007
0.03867119203594225
0.038946663592654016
0.04153196623394487
0.026585402979079388
0.010606957755366308
0.0
0.031636517339615484
0.03608674003431498
0.02679750180090271
0.025788057918776443
0.04094334900479129
0.04169686648912161
0.030046963174842775
0.02416566503024034
0.02653982354194911
0.020530755237142238
0.020430039987656034
0.018689042807533935
0.017695600270683554
0.029737603691611998
0.03003835513232321
0.027772535223875423
0.03308516418623615
0.035925724579794684
0.025733664260554727
0.04099528128630994
0.03672055739382017
0.04016105968756949
0.030123199796311513
0.04090321657120407
0.03905899497384498
0.030569393316514735
0.032778216305338545
0.036739798630008765
0.03787571341842385
0.039472492196463274
0.03983047608756461
0.0389772988871434
0.041304010423157164
0.03816116655869111
0.04013004490270137
0.03055023836636435
0.03889528113035509
0.03194223617354667
0.021884099103452754
0.03517137834168564
0.03957100655875119
0.03140904864066708
0.03506651405446232
0.03776549325071903
0.029371799871138724
0.036921832692437276
0.03472426910007215
0.03227552147429877
0.036240143710545285
0.03725381445458302
0.037875702871736826
0.03896175616744294
0.030749901088319872
0.01970211168048998
0.02904457825142756
0.03712663013410969
0.023401450643529102
0.028023921753363986
0.032732119219952685
0.02576042098442571
0.029711068803324112
0.02870413657057682
0.0
0.03395870983699145
0.028620627943202772
0.03467522449831953
0.019777971985367175
0.0352331201444995
0.0340932245444637
0.030315905673755233
0.04022397396694985
0.02940350351395372
0.038920104315509546
0.029616917466875205
0.021476170705645444
0.023516304967066637
0.02978693751476339
0.033357676885375505
0.006824170288806175
0.03438777948692537
0.02421864329571839
0.011524038374300521
0.028012716273298682
0.013170673694493575
0.02487800963321338
0.02752712004497962
0.0343473635374527
0.01919312966029466
0.03731943227508922
0.026527340706138974
0.032590123117575115
0.039328337425190533
0.03852870304295103
0.03345082313842803
0.030425650303921404
0.03920657519824877
0.03963304885896147
0.03761270293135917
0.0274083745709901
0.029034077637812024
0.03388638274176189
0.03581967598268841
0.03822564601584757
0.030481859074221573
0.027192393811698877
0.03490660459094128
0.040378293358122735
0.014012153941143062
0.038159351852207195
0.030690671641828857
0.022904437561550667
0.0
0.02499530514017736
0.03979091296309078
0.03303582147177332
0.024759013617600342
0.03753935034919341
0.04180601541149422
0.03443739570423273
0.04152023108972023
0.01755155074238793
0.028353627577920933
0.03279887190177113
0.02915279073620516
0.02338521501728311
0.0284284113218835
0.017082722495346
0.02598452666508157
0.0
0.034549166321852995
0.03262624126881474
0.01732874121041052
0.03437231350805492
0.028232704943657167
0.008032742493496538
0.03786767336177672
0.03998323533029585
0.008579521487912356
0.0
0.03432881897058791
0.032212383914155554
0.04047859252163087
0.03377265005081408
0.03296111617932174
0.023559439597166273
0.027942169844474413
0.02372277240767619
0.03707864399842592
0.03224716757368694
0.03080326741229998
0.022731049995278082
0.03190021651916585
0.03540495337769941
0.03969223764440817
0.031122015854716724
0.03410891843016893
0.02730423080143781
0.032807085596937034
0.03030125616501726
0.03176556885785212
0.04005511081444801
0.0412990518940403
0.031319439907782395
0.03314746174509022
0.03754151595635649
0.02892779351541098
0.04181567306563364
0.03437796004453832
0.029615792585934976
0.03429969389941695
0.03892482662507725
0.028080883588275176
0.04189735488761421
0.025427137682470492
0.03241928008807914
0.039056384033639695
0.03888631758964369
0.035613183749213975
0.02909502693805009
0.037359763417643285
0.04190625428302252
0.023954785030896684
0.02664236979203265
0.01327760083276922
0.022297855673957118
0.033640175002777446
0.021457108248799373
0.03142713489806592
0.0374526554903194
0.03532706620766843
0.03957819426375095
0.03546373795055867
0.02970820963320965
0.03875116676329228
0.041674084616151776
0.03245982727696231
0.026809989870379917
0.03318288548674238
0.03895825377729939
0.04143702139785207
0.03879650410301093
0.0364737584439218
0.024926963369214204
0.02975578985771133
0.030775635677761384
0.024787903424524544
0.030995407376796295
0.029963022205371864
0.028976868610958686
0.030670027872000873
0.018979039376533374
0.03866990345935621
0.031346949648254414
0.038840835477484646
0.011240287229535156
0.03642069337164118
0.034602008132574705
0.012971628630985593
0.03292434319881034
0.03623377685326909
0.026813052779094872
0.041342001898142876
0.04118581412433327
0.03342682973294201
0.015584602021195685
0.006980965081707919
0.02184315888836753
0.022009150174471456
0.03532247708258586
0.04169865142390163
0.0411151466804188
0.02623537180623288
0.01856882961654525
0.03968422567990844
0.03627078813629387
0.026465735767459923
0.031751598735348795
0.018472337719503327
0.02595397071040211
0.0394064161772461
0.0387407969749444
0.03187513100388741
0.030448608595304467
0.04164105295211681
0.04018521331910969
0.02790666644288186
0.03052513340668089
0.03337339084650694
0.025534710170731993
0.027719940444215132
0.02571745606394968
0.038167141884711354
0.028405994594030187
0.03205603210951127
0.03232496365012927
0.03757037562381949
0.030580729780623823
0.037887780782226876
0.031235973163597674
0.031599091003017304
0.023809839422442736
0.022429223484073495
0.0399964539020848
0.03451460162844103
0.03263933879743131
0.029671342692700626
0.035403922591797206
0.02537136027961645
0.02657362130093982
0.03330841300802128
0.03127521718873119
0.023195841205659946
0.02883965741747286
0.033800719181733864
0.02671893433403182
0.018739365735003715
0.03435986112771232
0.030160092089853832
0.03441053322909186
0.03211971626264511
0.03540228040814047
0.04037262739338286
0.03698838735449178
0.029054049156700852
0.026989904635260104
0.03447424752396413
0.029891178713670637
0.03207319911952813
0.036107582498188434
0.019369013712851397
0.0216164496238955
0.02876976667782084
0.036973280206886124
0.023833873018643096
0.032756944289816556
0.026868699744169312
0.02999725454718861
0.03418127276257732
0.034376762918295764
0.035907545057101115
0.03708626132404309
0.03701000262961164
0.03718974416945054
0.038712518775663514
0.03845251619708552
0.03955836647004085
0.033242503802818915
0.034907663324008985
0.018375676522249005
0.030267042263665066
0.032461706298625506
0.024112611725005367
0.03008006481189913
0.02370659329586317
0.02158527052808395
0.04170006053494867
0.028821554258954
0.033957590794822565
0.037259811255300486
0.03944599187382291
0.030270158383819783
0.03813262072086332
0.028675851084977628
0.0413966951333807
0.02854300989225812
0.028107589547207337
0.028546539800703853
0.02797151219693774
0.035355404893691926
0.027862600874037784
0.018275943614913224
0.02551496240197736
0.027736140954866106
0.018144313382200593
0.030746251769568654
0.03411459306473976
0.036367663638841786
0.03322613486341142
0.026774307216812225
0.0202034729938413
0.034828150912731226
0.023535221517904572
0.03845073154392328
0.03774778120073829
0.030972875753232525
0.040748027811336525
0.04122296027536715
0.03575912584526548
0.03203165389478125
0.03438685413377484
0.028383084053188193
0.029836121001784798
0.02768544936693347
0.035424444246234546
0.024170503132316168
0.027742596308683944
0.02242071478800053
0.028293869896460686
0.027375349634131265
0.02366884082026715
0.028878137375546325
0.030239298021503908
0.03333468110094841
0.026895306111907727
0.039081045990386
0.040762941463332855
0.038603759947500337
0.03714035329958425
0.04061837096124224
0.02925321961270073
0.01950657335740309
0.028177318371222945
0.021801539100312767
0.031233799520066087
0.02932350145271524
0.027183642414936236
0.04074252174466282
0.02398361095517656
0.03712206963553456
0.02881010708527584
0.024526984684641207
0.03024781705850389
0.011763402878390483
0.017272479574030428
0.019674848585461983
0.023402683161818507
0.020876738325661306
0.03218050049466384
0.02804074385653685
0.03953406222746006
0.03917845488298468
0.02573863878550148
0.041420098603542496
0.032580268963688215
0.022878312083052108
0.030095663593306045
0.04037277687305909
0.037700594957191476
0.038689247572519625
0.03915251708819357
0.040706689353474816
0.03405512121886926
0.032255696991518056
0.036708535884968065
0.029543850026873267
0.0319685354560572
0.041171574548502045
0.03168834810250047
0.03679476617568615
0.02069793486648696
0.03191989798352696
0.03027469417588512
0.0407228375624546
0.03459970049745202
0.03691655469134283
0.04160137132201429
0.025631678257199034
0.030459162284129624
0.029405660311049332
0.03153224229205054
0.03653104122770021
0.031170905800496355
0.03428567391177032
0.03344933580469957
0.037602643038962845
0.03505226111654265
0.016579908898714184
0.02406368418387453
0.02554189281186881
0.03926224070802396
0.04030539152353488
0.01909361380159756
0.03547844005028973
0.03839145476006153
0.04088162898523845
0.034366605451468135
0.038835733814225844
0.033857407767684276
0.03424301605073526
0.02537796104219885
0.02949909683224705
0.024034117058129703
0.026958318135852463
0.021719272049616475
0.027231007617826902
0.027125749755762214
0.02778185175853607
0.030296406138386644
0.024745705092308102
0.02048923187521971
0.026127905573434227
0.022021617149966425
0.03807944364400742
0.027472103351844284
0.03285549541641541
0.028796073814594994
0.037433721607111496
0.03295812037097121
0.030307376915801532
0.035945072535720914
0.03468482618331935
0.03396075939781812
0.034126896148659304
0.032341910915460854
0.034465716314581556
0.04062781824890004
0.033196786875366376
0.02726490889454535
0.02483719739898614
0.02535507137958549
0.03130449983704903
0.030497341328318005
0.02822623364634039
0.03354961078692587
0.03597711768315635
0.025028728482614983
0.02712059527947351
0.02797958755838797
0.02685854011536989
0.025668659359202563
0.030666451276710024
0.027686165374525736
0.03142651963867489
0.031064207619082924
0.030888768190904543
0.03347087398576954
0.02934984814131188
0.02439614537823825
0.015112413647852162
0.025660941241923356
0.03569771146368915
0.0403439199653526
0.03598467498975577
0.030065645152260186
0.033182484519179704
0.03372995809522464
0.035088066114605576
0.022643189361638543
0.029984922237950712
0.023475620688350577
0.03197622345356691
0.03584699180095016
0.034105532741580895
0.02991186061223093
0.029211622925417076
0.02120401350239646
0.04001902510295719
0.03254513530652489
0.029367999646221776
0.024237431030385437
0.03403325960070575
0.031748774591000756
0.0241950623853086
0.02634733257724343
0.032714849874504584
0.03950172865565178
0.03569186779624555
0.02477272000291101
0.03660969107654107
0.026260895145494245
0.04104468856424478
0.02406770057494092
0.03218150946229797
0.03399767616105613
0.02806437388038595
0.039461702889995794
0.038548174412778656
0.02253905883548285
0.033206992986042794
0.028899203823821554
0.03645182749994185
0.027395397999015397
0.028276295161593915
0.024550120732289203
0.030421717160991932
0.025451154060020055
0.029465077594541103
0.03356273617242841
0.04151126852334188
0.01743722758098199
0.0186141303231618
0.038325553254727834
0.038761422207100056
0.030319153824852563
0.03618641442843978
0.0307981685470519
0.031644613717244315
0.03628212346949307
0.02554825838359095
0.021251934487794912
0.041854512340364025
0.03307632601735387
0.030005116137741664
0.040336375442940796
0.03170534995644486
0.03282991813102857
0.027098423940566503
0.03292475682656904
0.034675243500293496
0.03841177319842951
0.0
0.026630381318926616
0.03902975586697144
0.03908133375399098
0.03642448318820104
0.03053239492599589
0.03464686142790779
0.03515157692838375
0.023357865064860463
0.020437627114923477
0.029153987341545114
0.03199263825770848
0.030840283002651472
0.023173346675425647
0.038482566609561744
0.029905021230109338
0.027354836730177592
0.03848306583993152
0.02852755001770274
0.03690391102003363
0.02882117768959541
0.03895060467304933
0.031706288497520156
0.03557483831402624
0.03061191748410711
0.02928203207107808
0.027996344473337036
0.025655774392790907
0.03691952998273768
0.040173500755075836
0.026075044891432423
0.021308248038028475
0.02653743221780786
0.026288302488735024
0.035586416236044215
0.013642110790775389
0.025489459193181588
0.03242530105459679
0.030569084081047058
0.032358055601194445
0.03267822256233001
0.03337716390934787
0.028821793284591092
0.028647430289012794
0.038208927520720755
0.023027860065084352
0.03160646831952541
0.02485020668674144
0.027160561622691627
0.026426277019084416
0.026518664921006293
0.02873501765255104
0.023834708691294552
0.02878050468790345
0.025206711345100906
0.033585759654485084
0.03322509385146616
0.03190477328491897
0.026321827141668457
0.029678954453623712
0.021586777475431647
0.033305613237980314
0.02200006258972951
0.030287629424431372
0.03259686909371076
0.027494489748317835
0.033062523155309394
0.038855377975288125
0.03105811249616105
0.03612028022804963
0.02586779682209436
0.030925390349903104
0.03287096574434881
0.023347999687883685
0.032937571390997844
0.027754233863468047
0.03430166674813978
0.027056112767774913
0.0389958996375392
0.03692763407125319
0.02806417218442416
0.019889069833113997
0.0192948663001744
0.028909274944322317
0.02844962201634912
0.02210239135240942
0.028946948504271115
0.027957771857651137
0.034415761822966316
0.02677721994558693
0.030315381764968053
0.04028292439080601
0.0409278712200709
0.026851147031904228
0.02281488232293011
0.0387919541657796
0.032369624363806346
0.04104629028440858
0.022716456660887407
0.0244910610544853
0.0290369547044422
0.03457015759121192
0.02600363215721288
0.039983828529300894
0.038218925469376934
0.006793138692697586
0.02339420050924569
0.025558252297206232
0.025564912211241256
0.032917278250792215
0.03532877260968708
0.0305431018105377
0.03233286113236031
0.029822721150873293
0.03366084331422431
0.03212158080489395
0.0275739530193259
0.03675596812011243
0.031062449248890033
0.028927506941335845
0.02450129161146444
0.028042451150659006
0.032276155186138536
0.034379929264685735
0.03178018783903401
0.035656636875646186
0.03902960069056007
0.027219469890386528
0.02919367885432243
0.025157728364507637
0.028602549027325504
0.032406987075334404
0.03422740862880852
0.028112281302696905
0.038120225513698786
0.03480547601212386
0.024171667009626068
0.031078262306341684
0.022993117641108188
0.031557717987452404
0.03778158264560111
0.030145609839680742
0.028081503571019174
0.02651683282618314
0.03321843567499338
0.027633613814211103
0.03451875782305874
0.03448794790118701
0.02184892106908468
0.02262445338801438
0.03299720702873592
0.03796419147786899
0.026740776281304803
0.02344584649050962
0.025184690585539203
0.028096080578377328
0.024633780445553054
0.036306827341057286
0.03606484224557128
0.03695854622642203
0.032638761738199656
0.035837861910173116
0.027670941542533186
0.020648792711624796
0.027861624719882218
0.034305342272246346
0.03233824933084371
0.03675758199891382
0.03190483468979436
0.03880000093934653
0.03562776116835146
0.03748164942918133
0.03138767945242027
0.028120087598060284
0.033588259707396186
0.02511521372093636
0.022860928963468995
0.015501399343610882
0.02433198548530271
0.028120307908280424
0.028667773657492134
0.02430003586811941
0.029677678590439207
0.02662791259739577
0.02569417018205491
0.02892023171381844
0.026126842382075716
0.03044162150759725
0.03380724019274949
0.041010669607862836
0.041798067386646515
0.03031747461467699
0.04046124673144208
0.03825648505167707
0.04089906395616458
0.023351356577421194
0.030145611659070096
0.02709598741071757
0.028524171418813315
0.03658667728595461
0.034793211222298
0.040409763602549935
0.03011787178312254
0.0331826924385143
0.0328949579280817
0.022032921456419174
0.03519384145961466
0.036471966916123505
0.040307497065306945
0.030849034423780432
0.03722352876523291
0.015009243929152719
0.03012649967447219
0.0306837521491425
0.028240788304841183
0.0235296179200974
0.030173575443028452
0.008911283572371906
0.027168034585332047
0.02825009707283523
0.029917164179717515
0.017229249086715887
0.02608095291613478
0.028858396153778304
0.030741722348169423
0.030141027024836516
0.02676127721148541
0.030104413335716295
0.03507753869394703
0.03479960115544688
0.0221104247092219
0.02967841358692615
0.0247333977174631
0.030469347621008933
0.033402599706744814
0.029315444174310118
0.023961865710619815
0.0394801120156426
0.010180728031163792
0.036128329063365446
0.0
0.0
0.03982673228259
0.024012441985978353
0.021818399615824678
0.03625005778351485
0.02680849160467928
0.02462570273912177
0.018899713696618064
0.028511885594283644
0.03192042941417522
0.037342941278046486
0.03225561463748209
0.03191563236832736
0.02294159899153273
0.03578511196641999
0.023727686399453822
0.03273844151897016
0.029633577256156583
0.017093546431852
0.03778297778081286
0.036637522584797404
0.019724783291899764
0.02374990430260414
0.017713264638607555
0.024750623677031937
0.028526514479518747
0.024964888721606186
0.037802347923622526
0.03984957694131639
0.030752332659136256
0.03442736258855238
0.03888214881846627
0.0409307286137796
0.036632837423622874
0.03716297286618613
0.039485361440389374
0.030574391001088427
0.0327274742159099
0.02031353590272539
0.0242498774935175
0.016403164387773582
0.028481597279667186
0.03339733314331418
0.031000308791988753
0.024271714456186477
0.03316119069724687
0.03713708944197286
0.023800864463488752
0.029099688218237062
0.03758415854083549
0.030749032536271478
0.039424902157183174
0.028964717964667607
0.029329490147914455
0.026746377007374044
0.034350996898001626
0.03168271823107434
0.033285067147135305
0.023515696070016474
0.030822964399570767
0.02507073366812588
0.032319086734081896
0.033596841404033524
0.03393681840518812
0.039493669211126334
0.03913477099175717
0.022023520441487473
0.027158328136147304
0.01942352718108067
0.027747660368387526
0.02891738775379214
0.021622777447839605
0.035162272870073605
0.039844163797775285
0.04179966576813831
0.032124397730831984
0.036396454057727116
0.030182699309996973
0.03937109638297031
0.040705754996250884
0.04141943077174342
0.03766493257354634
0.040120574627437344
0.023151452704740987
0.006742174777549548
0.012093675957075707
0.007942683469442234
0.025415706108899098
0.02476346362415563
0.03267343903775477
0.03608856357407367
0.03681950616384492
0.03271991175236917
0.040599959865175235
0.03552687201487799
0.018150180305083623
0.006730852676132517
0.024190574692901336
0.024018121415110474
0.037709651374662916
0.041017673615778655
0.030311361069344647
0.02098714046434277
0.01804194674346153
0.03351848230889453
0.03446500856702408
0.019340666322117187
0.02989783712405331
0.03037235811177044
0.025261866508727287
0.03413782395877744
0.02516377364488284
0.04015449081033832
0.03526693416121284
0.03579040414073216
0.029016521539236305
0.036523801964202296
0.03806303311285984
0.039966816499320115
0.04185324728194148
0.025173888147924525
0.023413437289073937
0.03183411868986783
0.025554483111854497
0.03689482502809085
0.041810672597617046
0.04052153697538342
0.03732086785417044
0.035140062921772755
0.021036824505414248
0.01876092882120856
0.03939059842851968
0.02215795626732872
0.038705048814735354
0.030784947776243604
0.0
0.01852166161422827
0.023700222263436384
0.011162891487133824
0.028859525338248194
0.028490374105268782
0.03142751143176216
0.029565887833374136
0.033761922673340244
0.038109510264418806
0.03757701674045619
0.0348934103688403
0.03867332918044525
0.03870484655820497
0.032806565996221726
0.027587796901705524
0.018628346799072822
0.01319424171247653
0.02006909474244346
0.027621836947056184
0.021215670087311605
0.01923241621866273
0.027878501351971906
0.02896248246817142
0.030653489866632556
0.019345442240617284
0.03496768667481595
0.04182007105449065
0.03354972046380094
0.036059023275678455
0.030014358239294114
0.02437284730577822
0.024034938828711574
0.026850803671637027
0.028606710132773217
0.03960023272960555
0.034514158140154225
0.03043615120568937
0.036454402061360906
0.03691376964373784
0.04037192930095293
0.03483961969931315
0.0
0.03329193042768038
0.03668853746864373
0.026850640655458016
0.03269226264572402
0.03799595245511971
0.01605255888258249
0.012444769341608954
0.01284420683783745
0.03438759571432039
0.03240743720121254
0.029259163515502673
0.03216988710969414
0.032030859847005176
0.03586721407902081
0.030688055724752864
0.03065511381148628
0.03636268679753783
0.03288842277437218
0.03568808083030467
0.030404723949639993
0.028652754814195082
0.024297764386213984
0.021406859467093656
0.03861909104057914
0.022381398180379423
0.019682313615782283
0.033343973967831925
0.03563930402299966
0.04066920213540618
0.03570899245505815
0.03750584301765108
0.039211829462394404
0.018251707272109827
0.027498980762415564
0.041827130354120605
0.038264320944837005
0.03940209014795515
0.02737676634415822
0.0412979099753227
0.0351075804919174
0.02721177237101167
0.02494150999699761
0.0418904308256397
0.035273037293675
0.025059530735401497
0.027786030181047996
0.03249669343099389
0.032886800007770334
0.03007661012526313
0.03189955842800371
0.025042706962574594
0.020661451333597425
0.026981212331456172
0.034303506994759994
0.02324916633283794
0.01435562888865082
0.018235809688238416
0.02463194432016706
0.024859963112971933
0.031110810643340734
0.01704038308248233
0.02012636692914851
0.03752787043611131
0.027817890822945696
0.026489328789451577
0.022858147951171567
0.036739340563191974
0.029728996930776307
0.03652145660271896
0.03108596963130841
0.028532986073442852
0.03297507252724467
0.021772541679640416
0.017643072675323106
0.030281668858312374
0.018531418027492693
0.024131877529831574
0.038121848242803194
0.02474375722573916
0.024461047521301044
0.03227104655313052
0.03030843963205973
0.027703981893378783
0.031073653042778628
0.026584123892443183
0.035109199413337996
0.02785954358116295
0.02137560698373646
0.02081039430817343
0.02451684940403212
0.021183622370093785
0.019985143012471014
0.033864046850378984
0.0238346070733916
0.03313461689254321
0.02323570153401238
0.02516347170375562
0.021921492521079246
0.029522346852890086
0.030639585506168635
0.028458570588263225
0.0324896855170543
0.029801962883712164
0.041510451892463045
0.037964170478197515
0.032678359577812476
0.038779125234802106
0.03173187924520128
0.03585644777116645
0.034636652323220336
0.026090697782976346
0.020176845313160312
0.02593848704927335
0.03366686277958295
0.041713270472620544
0.03998858583177805
0.027923797302332548
0.02645121267593967
0.03507114944818477
0.0295722219536668
0.037255486431184266
0.03741885840046979
0.04152081044013665
0.04098596396774546
0.03183202352950046
0.03231916291868777
0.0320450601135126
0.023494366387886385
0.03288412642503396
0.03309483802102342
0.03398507536361121
0.03391145988913166
0.030093389039175106
0.03171759338790011
0.032105252642341965
0.03627488316918712
0.033039485771171356
0.032524572995748895
0.027333063864635417
0.030491075121828307
0.023601598654009372
0.030591697335385592
0.028185354420305217
0.03186126382723859
0.03171795993221121
0.031856373248580386
0.025172463408332298
0.03825697750552834
0.03141829937736428
0.03292480631310846
0.03050821336787305
0.04093880093795607
0.034454870935879525
0.02845878817876548
0.037805102114383454
0.0311880162546802
0.02779891624240157
0.03269402262732693
0.035887554940776854
0.036230482010749375
0.02682960072730775
0.028178739213683256
0.026603055544217786
0.03195749980331249
0.02629226342640026
0.024592478584726837
0.02246482520500298
0.027610553675381712
0.025643753680636965
0.030096211992160553
0.02508325942883822
0.02962329231940199
0.03727273220016596
0.027738030398187553
0.02117217055206048
0.02360083231539452
0.027048803763742843
0.036686842701403245
0.03914090441486482
0.03650224100908297
0.03321496899941927
0.03584867226770435
0.025373759169961048
0.033390160954945104
0.026101180601322542
0.029448759837340525
0.03595682060320254
0.03687968476753518
0.041466119524046434
0.023714689197307848
0.03174450221374425
0.037038761226570766
0.02804985777443376
0.03040492586698947
0.02712201026770621
0.037254768087276464
0.02812510745534151
0.039339718986527134
0.017026506680156123
0.023188856447600634
0.03644498142111473
0.030026927666335624
0.04013222289112052
0.03038898364167617
0.03949126575393201
0.03771736858281088
0.030499185779403467
0.033865009122755425
0.0269024840358319
0.024074070871882697
0.04029749187853116
0.038322478244567595
0.03210805991536845
0.025115191074591005
0.025930811036073028
0.03177483123221014
0.033871010142151305
0.037875154604776896
0.019597535725736318
0.03261547044122146
0.024748166625219774
0.02990713646169327
0.0287939895073838
0.025362145693219634
0.035731516044297085
0.029499342116021468
0.028895328145343686
0.022682068254131302
0.019797183887086706
0.02553390479637482
0.034367595495046935
0.037026914087549524
0.03241828865983652
0.03532363357245071
0.031367299228730536
0.028658920312266693
0.027031512463181098
0.02337470493149539
0.025902623333822337
0.028543186138194676
0.026742652648894895
0.027075386627869968
0.018209344076843686
0.0335614436093742
0.02255553798336061
0.026340230383207673
0.03041408623726689
0.03481172776368348
0.027051530691022594
0.023295105924434803
0.02118627485222358
0.023807133520743217
0.03282186394535041
0.023658958744379295
0.03979741049139524
0.034208101728259104
0.029027035262650117
0.024190153563410508
0.034907539285928185
0.0246873819654914
0.025304809134657245
0.033411677059761946
0.022599638158027457
0.024708191189259158
0.0246358148923773
0.03633049066653123
0.03493291748327794
0.030097068471853342
0.023435753747322506
0.026793321381610023
0.029892585417497376
0.02521464549051934
0.02350816568060705
0.03104028140024284
0.026262943401839316
0.03197455959576798
0.017652594480410972
0.03172786681556046
0.030545338232473507
0.02793741855255134
0.03061859439669286
0.024921174560469595
0.026804021479090084
0.024010111786909146
0.021962686013522012
0.02647251961575509
0.02502861534844733
0.029391578794000034
0.027209803592366178
0.022448453707518478
0.03538864306572071
0.025210916701579007
0.026861923828432492
0.03853786246849018
0.024768998682098847
0.03339441311632044
0.021461607219601615
0.029980408365554313
0.026071135359227567
0.04050071617600213
0.03502256525356202
0.033316823977431805
0.03406490321581349
0.035870310783558616
0.026029627805614894
0.032822832130899836
0.024702919049630637
0.033749995533261384
0.02406613039680982
0.03213451663705888
0.02875896217622397
0.03211888760200539
0.029402691648523986
0.02756844269942034
0.022894531983443538
0.03553303263400063
0.03452437220658359
0.026315269889978437
0.03922929789696119
0.02628043976628672
0.02466063275413733
0.02859266722838574
0.021556493371188742
0.03364994237865622
0.02426708222836922
0.03218481666465175
0.021881922945475467
0.03658824231120366
0.02291645433744683
0.033647781053836985
0.022621625632053555
0.027048926287678247
0.03697921481392564
0.03776524307397912
0.04034884177344843
0.0382160657578976
0.030929983717726896
0.03605718702365718
0.03127685846912412
0.024352749089006025
0.0275409046318397
0.023606978373522446
0.019519403113910653
0.028796170330447658
0.02605520763954929
0.02203267886915883
0.030111617975762645
0.021442799086209708
0.028059193918314677
0.02301368053746353
0.02429197774153398
0.025313960011118658
0.023102236957708997
0.0225576530214391
0.023440926021949603
0.020796867443072284
0.029378268666030802
0.023804734372306752
0.02545663912767
0.0310017799790979
0.027479987568300078
0.020319014503749275
0.02599779314849539
0.04122071672119671
0.032630797428348665
0.02357800512534754
0.03883798837588809
0.025142331563295043
0.034562896053795075
0.025711944081367896
0.019545257943992155
0.02697439550398317
0.021808624494690915
0.029582597155569115
0.025745511620697086
0.024310582346028172
0.02331179428214371
0.025092045941041877
0.021780368402312004
0.022141978970777448
0.03430816838920809
0.03109553375333629
0.03780171843221292
0.03193846434529179
0.03385793786319102
0.030237477907008342
0.017571860215085472
0.02592339028573901
0.027113856042941416
0.022719923812666718
0.03295760218832409
0.024917191758122948
0.02781665447510922
0.02776185843317079
0.03428024294446857
0.03503792487995764
0.024179108046295562
0.022266918217246138
0.03317911579875522
0.03635853838579234
0.022314675548485687
0.026016406276113634
0.025771039622325548
0.025723288715323166
0.024872309352627648
0.019531059215696974
0.01593569185224372
0.029716234786234353
0.0
0.03070960269316742
0.023164531223330686
0.02377976151316215
0.0
0.03880481274489903
0.03313532306885931
0.02796370035539074
0.025757199139315016
0.0327074375743702
0.03919950021527362
0.02887312387988323
0.0
0.023314856678776495
0.02305833344746908
0.023635020828576776
0.03528232294593421
0.03007238795257207
0.03208099317586244
0.03915450428349538
0.029606316696567707
0.028880140631224373
0.027136129547727757
0.023203833062599138
0.026985286295645828
0.024674946885871674
0.024385468220943028
0.03161999291951957
0.03490259719510597
0.02345039092498293
0.03400420658876382
0.030740919810997615
0.027094318414371554
0.0217852878149372
0.02851412069880045
0.03045203957920097
0.03714792774260347
0.03076222915725959
0.028060183874160247
0.029275445858362895
0.0319683201165962
0.026249532083610094
0.03377636849164108
0.020501359197153717
0.02385205619273268
0.019862622950321148
0.031358488261692366
0.03189721579000532
0.032408028134005715
0.026817815345137365
0.03645576607220071
0.03634642857214473
0.0
0.013873588896244151
0.037217770729167855
0.03623425776840556
0.030611220924587526
0.0259978729872308
0.024595141090165928
0.039384441487830546
0.03187885198381528
0.033441365815316544
0.034518924132806016
0.03441902974016011
0.028679407523250638
0.0382017658520551
0.026629678511469457
0.035541527577833396
0.03034425785706714
0.017377453633021213
0.02260423555821721
0.029096076010556162
0.025534410945478335
0.03458586036659421
0.03515597726703964
0.029134644398595838
0.03899337237593295
0.03527940503223132
0.03529230622333535
0.03145369507643514
0.03527885702257835
0.0300670552785278
0.018558084828906717
0.024209987056562295
0.03537374146305554
0.02876977131945824
0.017872326728951622
0.025117205904709398
0.023176648509284883
0.031985099191838375
0.03689330905492103
0.021105060054948742
0.04040852597296843
0.023157254491866584
0.02982380018551314
0.023449390050541433
0.015916980482755576
0.027741537295833823
0.022350906699021622
0.029325502428531956
0.025952342497075908
0.024108439777259738
0.03196030778077794
0.023054407912816304
0.025942660816183835
0.04068195371106125
0.030986291975042015
0.036946370366754966
0.036551518512718144
0.031600841363301026
0.03396999779595957
0.03019623454585228
0.039727570461241396
0.023734202175737986
0.027850152445276843
0.014673699554426725
0.034641036076128014
0.023802213473513436
0.028311903402386547
0.023011808877829328
0.01801408352059297
0.02322189018409387
0.031382443639082054
0.02535366229777253
0.031420875196324895
0.01869422440233226
0.030299936609999353
0.0358664229378795
0.025649222162996133
0.03027439127700343
0.02798565231760349
0.013907860436378702
0.030322321138655395
0.03233849514219085
0.03124231481161521
0.028922645447727557
0.03558182047545506
0.026203239392050857
0.0169530363456718
0.017394855226660576
0.033994790151186886
0.029165337490766382
0.020726617090275967
0.027124831085535633
0.035199999325519156
0.03763684308302793
0.03786271119746275
0.029334016462502197
0.027423928874876533
0.023050343164654714
0.0208273279832132
0.03521528339216942
0.02824774428289724
0.02871098942857824
0.029693883652343944
0.027057662483326722
0.028365651032440188
0.039151417390655655
0.02859389819849109
0.025633155692306373
0.030657393814909596
0.028265084549698272
0.03408795003517081
0.024402831266197487
0.02097169879611767
0.03456525616935607
0.038511429889523954
0.02958874583900715
0.02673793779347742
0.02184055045444394
0.03257290085643475
0.039059766677718585
0.029769936873811683
0.029999215162942117
0.03838557440606073
0.02782035238408673
0.025832834114332227
0.02132012284926386
0.017578542371854387
0.02567178569893146
0.033458926796290686
0.029547426094619668
0.02600832713575906
0.01886369166922445
0.02054400122168085
0.029837810506792885
0.03660535789393942
0.03009248852018374
0.03121889611586146
0.027379504901472392
0.03026894377710988
0.015849619317511957
0.030374482206053047
0.023506404195114596
0.027146910585453207
0.020813025060504642
0.027154703541156105
0.022485940104421353
0.02758849940747246
0.03479131773550717
0.0300682803465776
0.024320752132401667
0.017415354503574718
0.030847042692047605
0.023433675410097745
0.03257750048575557
0.027990917034595705
0.02744405145248017
0.022167486922610707
0.02339150673466488
0.026415632250033093
0.02587083102676574
0.035363885704566084
0.026313151275388105
0.03576569991551721
0.03171339012122481
0.02212811219791211
0.024552740411867453
0.012607857727557249
0.027125475164394303
0.026061821012899698
0.03283862873619135
0.031198852051772086
0.025286748733244633
0.025677556173371127
0.027047493082813682
0.03164920656785493
0.03088369336988237
0.029031089591696268
0.021585699077165323
0.031224059450138206
0.03466835967824802
0.02601450677165386
0.02449846508867545
0.02331734546077566
0.027347716481516307
0.01633120624787485
0.029713330502008486
0.031167255301061486
0.024129988862674888
0.030199335783680496
0.025486549687468763
0.03225491300778735
0.02792866689443561
0.01841524361449847
0.022772143786203687
0.02608079829984942
0.025104588388189436
0.028617177613306143
0.017708294682994744
0.023402767490793983
0.022325818042163294
0.0346733273163083
0.024731114290151533
0.017308041562676357
0.018020970055876908
0.025619829573043932
0.03191077661504419
0.022890661511925033
0.037025178667491915
0.0
0.028648888516354255
0.024662942387065734
0.01974538108839467
0.023203822530363315
0.020823389037742356
0.02284135603230991
0.023362289814800263
0.011565802198833856
0.030050666684572576
0.0313852240446471
0.037469339086670016
0.023862161828058476
0.03555308612191199
0.041001178842254724
0.030414809211815677
0.02335678260380158
0.03155993241049015
0.028576319210504405
0.03265188423383739
0.01877521428801457
0.023072563594622245
0.029943363175414274
0.02751958543645136
0.030598814086170115
0.0352727829454711
0.021782353324798994
0.03018521359746552
0.035995786839080765
0.03765064988808988
0.03255235972399213
0.03128490617446296
0.034244848500053875
0.021172531441741596
0.02825284665947656
0.026142852114875763
0.029720729387487772
0.034527918128985924
0.021449440912634073
0.030934864289340884
0.035967474420226256
0.034220356401235046
0.02378103483774533
0.020618297614944634
0.026578872464994494
0.02507465947850902
0.027179685782458746
0.023383125429326173
0.03427130856604633
