0.03856358993889997
0.042547440575903026
0.04879411621285915
0.04476663748157839
0.06204844561576965
0.025107726614644596
0.036236607457531815
0.0319726343371903
0.05632208140855053
0.05595197363785653
0.028284293494642333
0.02329072832197666
0.026663317498812875
0.053240779650909814
0.047053517234341785
0.03959019450434665
0.05140051380589887
0.06879310684353195
0.02698899882036295
0.037219008583011866
0.026637929858927798
0.04918895186416617
0.03336550656909773
0.03589395793847326
0.05366936701248179
0.021823409989809837
0.03810346108511666
0.029992135320415638
0.0164178940734053
0.020044569697629466
0.029962617180256893
0.045645157515611635
0.04045519051839947
0.0536289267546643
0.03673678826613875
0.05358815066075703
0.04855036011595479
0.04093166345645507
0.05507322469222229
0.039545207392552705
0.020403761382538094
0.03268755423582499
0.04390480543872435
0.05601974304153843
0.05225914610171118
0.04521486358795945
0.04884269889758353
0.04826884145457545
0.026288219941618125
0.03662190028507532
0.038021124855227524
0.03308155874427793
0.07427215472919703
0.049699280147986614
0.04752160179971957
0.05437993189624275
0.06452023182977618
0.052407744429655456
0.031698840425597626
0.03603192051713456
0.05233397149319918
0.03788656370979732
0.03865304069751295
0.048659938822916665
0.03297575314019569
0.03570325237908227
0.0306113140703092
0.04078920080579693
0.02833068659991318
0.0552990801422893
0.06064090273768885
0.05704237392699351
0.0416661804342131
0.05601171886990166
0.04469880390514383
0.038396271149293934
0.03283877701830279
0.04159953807809718
0.042696834546200234
0.05339929456203193
0.04104504555638484
0.03848122047973009
0.04484180842587089
0.06207328205816272
0.03976992837716708
0.04105886877703768
0.04525026821812775
0.05987673012818715
0.032608653042749264
0.0519720061068979
0.02474481374952143
0.023656472688269068
0.02977264609187801
0.018109687611147087
0.03468677638389972
0.03407849837262973
0.029459106517722117
0.030271527905662284
0.03756004628907767
0.04620266512132308
0.05327498619166873
0.02759954500631408
0.04744196063823669
0.0319657696589475
0.03173341549359118
0.03539758877042335
0.049405177896653704
0.036030452115382715
0.028157220932204942
0.028650916297520087
0.03078871786694962
0.04425834190511886
0.04357043440505154
0.025334069410358987
0.03141798278255621
0.05355877611377574
0.04859831864346974
0.04162152463119289
0.031663141231827695
0.03754449156081346
0.04915952047854011
0.04100790536301993
0.03460209636004738
0.03667383644115383
0.05653009374549983
0.02559812686291713
0.04958744463228568
0.06635533938688191
0.04894251043632725
0.04488893795580371
0.030523132645257762
0.06729856629952166
0.05647975503808636
0.05766972538377482
0.07278026930629536
0.06257927996551613
0.06753297430949202
0.022087727100008402
0.025403236003400186
0.04061936094555159
0.040090321444208904
0.03613626415721462
0.05263924725008471
0.01811955892583119
0.02206834679152738
0.026911895883837324
0.025238071871925886
0.06056026821481225
0.05542023068388979
0.04324647194396328
0.031636031442714874
0.03255786192400389
0.04323008902534089
0.034528094689325176
0.04086893272401417
0.03216183216236296
0.03721804927612405
0.04571591334754239
0.0280426967676077
0.02675694448798914
0.034307457136714424
0.03870646945925194
0.027061710607424655
0.06245070782870376
0.0298640382362764
0.04806018473664045
0.023859242967873118
0.02585261802775274
0.027087588396902344
0.03941329939140685
0.04965796291674479
0.06076671273046062
0.04292967201295165
0.03410752857969923
0.04936296631524487
0.05818643811782944
0.05352633368570404
0.06378462995747877
0.0736100729597444
0.0620545752668631
0.07082634113793418
0.046375638254393906
0.05374909238154178
0.05396654873003278
0.06237577638848529
0.05717241311162579
0.04221758270686973
0.03920550971228404
0.03501710994166519
0.03488104644129819
0.04451485603256517
0.05964881746220968
0.03765623779667853
0.0635073789556484
0.046662028097372604
0.037104331180245476
0.05906954413205834
0.04494504668237986
0.022295556130261022
0.06695677779168363
0.04643046347257131
0.05976893026109432
0.03459912169887167
0.030480574374873955
0.03849373264348534
0.03183858293391839
0.06357303627734004
0.04359238984612335
0.057379183616912806
0.05558145830787714
0.03588288205262353
0.047134226780694184
0.05891977033942003
0.06556732281505691
0.03186206393314782
0.023801297175200853
0.03257702303089643
0.026580689086534305
0.03621228299955683
0.0507190240588282
0.05353665303369271
0.03895085599747972
0.031942388735485945
0.055729794671823436
0.03714926308559163
0.03548923972242001
0.061979999285607545
0.044964687538062584
0.053582066957145916
0.04472891022821084
0.05446610438360357
0.03342994406995022
0.028549794802453912
0.031169504593833382
0.02655445180714105
0.0361862358673847
0.02731923677484416
0.06677817505222637
0.022200375745068408
0.0320871381081787
0.04412405555992732
0.037563275007054774
0.04472372511522517
0.051336681523838315
0.0467831604432888
0.028294108493544003
0.04758123286885272
0.05442832561784807
0.02653078687319904
0.06563031451378828
0.05926092465350132
0.029362649221630194
0.0413134424946651
0.030298866539122518
0.025028097592727828
0.02636059897205593
0.04234916964626821
0.04195501111846061
0.04972422088479616
0.03648846934049844
0.04719768677382397
0.029110969352204658
0.03144587651413779
0.022865164013521885
0.03272607410316162
0.03865467525120863
0.028012126130927673
0.013198157622941175
0.039423621616678006
0.06540527905024661
0.028675851447205875
0.028376515933073908
0.03632273098322868
0.06031196522457213
0.03938958115057169
0.030925510659092197
0.038784276853286795
0.046702991338217335
0.03378139214793202
0.03420086460707618
0.044188979758963916
0.03279126670627749
0.04563666893089433
0.04208675042330941
0.028969272544466063
0.06353755866633574
0.05273987113878098
0.06991877756884231
0.04002793116209227
0.031308061373025026
0.024718871458070682
0.031219073780093157
0.050181213953187184
0.03680599331369995
0.02117022719670243
0.035819068620856126
0.029882817647530372
0.03504443650057841
0.04098675720422197
0.02363851209705306
0.03605494095968205
0.05691295282982604
0.04298113329094202
0.028402259707777062
0.03293303586893257
0.036065813993309465
0.04238477721871854
0.03450297226341517
0.03901495831144899
0.05398288996478791
0.04843375620293788
0.048286342658923745
0.03148772786870043
0.02361980850660925
0.035106128574652014
0.03492192614483911
0.027599768701476506
0.03748398197980705
0.06083968405739862
0.024858741290791436
0.0277952226468058
0.03203570045527335
0.051315368914951316
0.06114393329540819
0.03618102999578034
0.029487083310960022
0.0326007279283416
0.04752832054849408
0.04592062100539479
0.0538246392985649
0.05184197076211512
0.05504974500723077
0.03654893572093899
0.02033538790783228
0.036047307823223386
0.03582288607937144
0.04054219884652568
0.03629335244752132
0.0355873564209437
0.057646411579413394
0.05750551751383708
0.05243252649864035
0.046316637528378495
0.043427542944509984
0.024498062873725347
0.057107880021830405
0.023885054894547668
0.037034270552017017
0.03092773064136789
0.06566177302747093
0.05247899555192435
0.04939744727453031
0.0487344139959702
0.04957352455778811
0.034478196068312615
0.056842161324632594
0.032125629755500554
0.037118321320339855
0.026139275278065706
0.0267346279923415
0.06267807063102514
0.06791134226777668
0.04220204063386294
0.03393242842607376
0.04410618827556961
0.06199376127272633
0.03630332505148249
0.03781626727016949
0.0692179573848405
0.031082033815775307
0.020195507979636384
0.03322659997840589
0.02960457801309348
0.019032668993076037
0.025111007721963216
0.03552129104940199
0.029201903081058987
0.03280818871020518
0.03777522116245648
0.028092013935206325
0.04814494774463186
0.03433914343880913
0.03803004202648736
0.03165817678938186
0.06336510918441236
0.044962813682839886
0.042716927960816685
0.025267607317934416
0.059389890537072276
0.06352532797721627
0.07370927275626507
0.04264467909528691
0.04137103166856136
0.03805616257667735
0.024425370571651544
0.03597761133204941
0.03461189532862939
0.03238899884466948
0.037104526146583494
0.029077739897652888
0.029029878466465844
0.02536269897408397
0.03436194002664903
0.03142563365548634
0.031014792634214635
0.0354958311321203
0.03168414287665244
0.03167984668773859
0.03103880594245428
0.03669495098236815
0.05731172278626049
0.038927633455426
0.041824019171341285
0.03417324193682101
0.045939749053104564
0.04372499512967383
0.05834551998180968
0.05004949066036758
0.04286183791110834
0.031072133403778707
0.049830188239412536
0.04380583514618118
0.03828259347130078
0.046960302976290495
0.03356563401754839
0.028254402775890013
0.03387639236006883
0.02010805296392469
0.0247005302799578
0.03203287396371114
0.017080874531995634
0.018092022262742143
0.022171379143190673
0.03366137343640336
0.05874931113319538
0.03405624639781939
0.03667701852386586
0.06824351204177526
0.032438564325338974
0.042608225624524654
0.054200720591448
0.04468614671182112
0.03817217971340509
0.050489766618778804
0.024686446083833136
0.03564389138232523
0.04563865630844101
0.0519730184142695
0.05636027130310854
0.0451545487839266
0.034473622125538235
0.0516271437599111
0.04071269546731589
0.029155689273279075
0.029290642773664118
0.024026081604997578
0.04315240921246458
0.050521263183895104
0.035415726764724174
0.027998664655658173
0.04480258060509567
0.03585975110430081
0.0378420256890405
0.04841118803186313
0.05860738215689065
0.024199363206034972
0.03561608520124721
0.034205553468150435
0.04441478778695218
0.0413244553067551
0.038675306693677323
0.03811975559707364
0.04526431418532462
0.04546927306830413
0.019162084811766497
0.07243579460211642
0.0350129010334445
0.0318083356223255
0.03184192877618287
0.03121408689698449
0.03904549051186961
0.04256348282345443
0.029790460512646458
0.025970534692651506
0.037514700796354605
0.058148373389223074
0.042336534801988575
0.051023443913517916
0.027546705920354592
0.03971885750147181
0.043385567322107396
0.06866997557469035
0.03930702240235056
0.03136605913864365
0.015903941103544185
0.03226291056015414
0.026019854469712188
0.03455740865413508
0.034785094075084795
0.03106022269217493
0.026288656514027123
0.03357914909086684
0.0207021058122719
0.031170952600137143
0.027588283102840946
0.03491493138025623
0.032612297570749724
0.02878876768048803
0.0350678764202813
0.021561574930069428
0.04411142120995668
0.031729099237539436
0.03660673432320895
0.021491572659714277
0.023662043179836428
0.035690766088802596
0.03531076946825149
0.04342070509414145
0.03470891806004477
0.03234975860327246
0.03427013899527727
0.034779649143430125
0.03644395509296601
0.03206129871158683
0.0362656710957126
0.043857350351046
0.029170965512828422
0.028202760056026042
0.03058436903979708
0.022654476736122135
0.034157205756984846
0.05336561624629606
0.03469225336040051
0.03166849398440028
0.03527325144260646
0.03521999656533911
0.021540334148341913
0.02890545779563091
0.047417246798699096
0.029960175815386774
0.02423303363638614
0.02277676061739737
0.03239164831928133
0.03329727707429693
0.030120270957654034
0.02292174223066144
0.03249430179758445
0.03695954312065423
0.0331833218151453
0.034282755141980585
0.03395009359799323
0.02376698661352544
0.03952033180133359
0.0342632902882225
0.03273616540425896
0.048669816972808394
0.031692869176283285
0.025178062803868678
0.03093116868503716
0.03689654457774847
0.03587323950635061
0.03197266912883913
0.027344914235659143
0.0415642238335914
0.03169755541047293
0.028394715368180775
0.04174579382309074
0.0357895821247841
0.0257677801442519
0.0366929707410016
0.032121361530335235
0.050560164745207234
0.059817460972250124
0.035332481106766386
0.04461890288559632
0.048615707391118826
0.02467408703478207
0.03211897846258502
0.032988040080838374
0.028493041105583015
0.037055613422597646
0.034717210510622654
0.03863431315657104
0.02520684536884553
0.03458377778489503
0.04016384765084143
0.02532762449689315
0.03552181797278406
0.06329016186717816
0.04809224329569998
0.03465790074951346
0.0421604327335838
0.039322482159983574
0.02701995294041978
0.029865327633253946
0.03189458232208095
0.04264630269264266
0.041254474670179724
0.03396375442674145
0.04537667282285751
0.0287714746193604
0.042855239723756385
0.03494716349322524
0.02568360197350306
0.02673494586327974
0.033586938065637936
0.02684990875424186
0.0482606568315882
0.02908020462445208
0.02615653175701163
0.024581324751984004
0.023660665438655817
0.027620570159776
0.03821037384720719
0.022602759307904525
0.03770679077839368
0.06121732507745572
0.03855015228608061
0.042689861631464675
0.03565128075623646
0.05512827907391633
0.0521121649360947
0.028044751616044403
0.035811242196969406
0.036928106440817385
0.02945486514029387
0.03176304430927746
0.034519498587754695
0.02514586285689515
0.032948054901347695
0.01980881620527697
0.03637922487104173
0.0389686212740456
0.030523422186249035
0.042397736690771605
0.03259156173169843
0.028002825659009665
0.02851649197175207
0.02428537569539876
0.03772799132845519
0.031581390831864946
0.04337541519398546
0.04080736513187783
0.03784090984566173
0.04269643334764624
0.029962238590154316
0.027476173639880985
0.034709680210461454
0.03210620459592753
0.031964829740083064
0.0323082447739737
0.03300905498685173
0.03761808547068818
0.05272820463926298
0.04231015037174887
0.04478465793537881
0.04077364707825997
0.03647334357801604
0.02895827827884443
0.03989727180522491
0.03532182719031534
0.04958894620807925
0.04204415885783066
0.05530167840093101
0.04084747849087511
0.04489563607879946
0.048760427770071973
0.03554161270004498
0.04197548737261307
0.04145272041950925
0.043108130148797004
0.023604545255075094
0.04242042620530826
0.03549834428722615
0.06857123937564659
0.05774384299462244
0.04007415133126415
0.030012408450398737
0.03636676342200032
0.05457888198402487
0.030151071630260925
0.030708015591300496
0.03822847363157468
0.042106805441436156
0.03312315476789281
0.063727820878143
0.026803374891150467
0.03146959311523218
0.022152289804492447
0.04287581968330897
0.03124157621559925
0.027486260171624418
0.03114576507829752
0.03094250991758746
0.039239491581313825
0.03665994908016104
0.02552322643528177
0.040773720876796246
0.03126920425214721
0.03742537612110598
0.034082629814806316
0.045087753992147366
0.033322689242876194
0.028719983025451496
0.03829236336428581
0.04832201715130693
0.035199303027448205
0.03503312617338055
0.030608514430873653
0.03574135790020612
0.022343270938298673
0.028323768858946014
0.03705513823761017
0.032085633847407126
0.06878959412024027
0.04041116251792596
0.041607528645567216
0.0436418903161313
0.03523936127641064
0.025768554371408237
0.06206795744343451
0.04515673681451087
0.031174212981173396
0.031659098090542626
0.03753855562396256
0.0272628891696203
0.03880440169136744
0.0346946089066657
0.0195432598560504
0.035775828591293336
0.04754404300393478
0.030737189436323656
0.024752802395778237
0.022255004387927362
0.037878394834332973
0.0460671857973192
0.02636423087549211
0.012599232968893172
0.030770069748871212
0.02315396325088489
0.02207548057926611
0.02569340976813182
0.030132040537706673
0.024684478380013076
0.03526126914833206
0.036923689236266787
0.05638295408560641
0.038996769818152845
0.030330745897315128
0.03591809188510247
0.025441054322934434
0.029778147415875245
0.04700883159186581
0.034101157963802704
0.0317579271994017
0.045346137583353326
0.03137952287023504
0.03444098053298716
0.016021256590195685
0.026240221776671176
0.02621270280441335
0.024991642024397378
0.05042078184472483
0.0324932032423321
0.04057937311896774
0.04610762636906054
0.04480641115108413
0.04587594826949069
0.06017112381626671
0.05755373777007131
0.032418024191900846
0.04763091400052229
0.02656459478589664
0.05394235037704606
0.03274925408819766
0.025780500081349106
0.0415926569389358
0.04218755950514317
0.033359852036842184
0.05011654570618365
0.03312197965569842
0.037165198874417445
0.04432240376209296
0.0444181573076948
0.03576263513955598
0.049681282550675
0.059872058377912415
0.031898958680321984
0.03228505351638052
0.032891995290457894
0.04582876704851979
0.0380020856585529
0.021796808729210224
0.042436070120977276
0.03895454599032708
0.04401803670277295
0.03551785168520894
0.01432822220750983
0.031108243876931826
0.01346811636586367
0.022002398066271443
0.02932411015794952
0.04227623303715296
0.023995080977342226
0.041939330318362604
0.03594498528894957
0.036098637915605615
0.0332912243015075
0.019688688497889975
0.03069165043859694
0.02099578608893909
0.03225988778825976
0.023349859043709675
0.02688570200230347
0.02607180776453964
0.037754092757244874
0.023210345456761754
0.056503825886539044
0.02413855427785601
0.02220630449519536
0.026685114342498543
0.029989146700566956
0.055681044998512626
0.03297589283374136
0.029246464506397278
0.04067273766208367
0.05939200757900842
0.03551620934409154
0.0503633874356301
0.03829259382763722
0.024490600806164376
0.038790603370734325
0.039816921664463246
0.033487884948328744
0.03108056148141468
0.05792136674961027
0.04589640138006468
0.033776825520202766
0.03087948297514874
0.03154661385652189
0.021708961578401107
0.04479116761272366
0.03917544031447923
0.06701614822669875
0.0323852560709002
0.04039664499881143
0.04332781177211703
0.03111935988701851
0.05230538134532625
0.06056589564795433
0.02716367598466737
0.031293591434030016
0.027103106660030685
0.042076572241093985
0.039266297094327635
0.027113313572650805
0.04685019932054717
0.044032740203234666
0.0407926882078421
0.030967614504187994
0.056437644081942316
0.037035790907715145
0.052580633022649106
0.04780826416356625
0.023379283927847137
0.03965525937839925
0.0257158026742097
0.03705804776631687
0.036082793473334186
0.023564731345674002
0.03369651566249739
0.02226800741733129
0.06020136184067784
0.029462704715029157
0.051461644021154204
0.035417383912737216
0.034745816087855944
0.03067965514075337
0.03034730999610998
0.0488057289228882
0.04116355872841309
0.034134968044147944
0.046807005380391536
0.042974552102087116
0.03223428666517224
0.038526355540104015
0.03555465201460981
0.035675663649126776
0.04997851235210585
0.029300692659617007
0.031218468013741472
0.03509582482646616
0.04218630457672246
0.023958619801556905
0.029561729833318708
0.036560540944028636
0.040308631209704945
0.03210203064546693
0.03820766039574608
0.047046459435800755
0.04125005424084322
0.041475934882471206
0.05503585251906254
0.04408031090566513
0.055645700868935694
0.02907885887164402
0.03098190110687375
0.0457080500846886
0.04701051898932793
0.043207978938579555
0.02059589738273122
0.04765872147729098
0.025068399233120205
0.05876677000658326
0.03094827097155653
0.028504453438015605
0.04070366515045054
0.030640221279734804
0.021677159457953763
0.043146982869484686
0.021990475603365745
0.02783951813293092
0.04836394512172807
0.030577312426408865
0.03497670767925425
0.021008166347637323
0.03159953553456128
0.027849694628287916
0.027393030121222885
0.030912106174765905
0.027787780185272063
0.02651314772795649
0.0240442956921872
0.020500915348128035
0.029202334968329167
0.02030311931655386
0.01568700534147081
0.03298691634467559
0.02604298899119596
0.028600284918627327
0.0402562187517345
0.03645031371607104
0.034945304968979705
0.039036415717122415
0.032707792284272466
0.03250902744469607
0.02684401016322131
0.026068416898562412
0.046563779701492905
0.03366215304901865
0.051632791470301316
0.018261969989145407
0.023287285117433214
0.028208105572689577
0.039977509756267994
0.04360451810397627
0.02690356896192203
0.023226342154736415
0.024577422943741652
0.027975608679705288
0.021659061283136615
0.024721497828588172
0.02354708209807178
0.02948836201321158
0.03693782284799701
0.032741453907852124
0.0481185373972443
0.02579477835445818
0.03382829987044873
0.016381726384399595
0.02325579949421214
0.01743848441735313
0.03446542464047203
0.03392541848452361
0.03515564972569567
0.027822063913955468
0.05122594454121847
0.040279107294877076
0.04993602733372972
0.03437525245806281
0.04666052000025757
0.03694025548855878
0.03187946323458094
0.04650256166026728
0.048390567793186
0.0394539215491592
0.044662592586553515
0.03595117516697335
0.03498718815285281
0.01622719806679166
0.04928942134784665
0.03121231043683824
0.03300044847104353
0.025491273608738232
0.05109813603185144
0.04774925124245408
0.052745423823476176
0.02902957384385028
0.0275001633631511
0.03217612609334752
0.022507700155872633
0.03161933966040406
0.0385721230710522
0.05490072205973248
0.05941931877490923
0.0349914427450326
0.05035732111059437
0.048653598944476864
0.04188487340118548
0.02958059096861485
0.032192050321080835
0.039326834957356165
0.04202238227421191
0.03813031480772752
0.031239155839355815
0.03197239482678768
0.037249610753838786
0.047197139784525124
0.02439055551961777
0.019054906685097614
0.04101806917553398
0.05054682594228841
0.03771479292002018
0.04648787521666274
0.03872239327107759
0.03855130758353095
0.04456109401779206
0.02536528962753803
0.030094682360427075
0.0362888597376605
0.032335045074201214
0.029639969080291283
0.06375773693443015
0.0491532663468309
0.03307923597307689
0.036790336701707387
0.06204047016907586
0.023903819520894588
0.03454594727135152
0.04355620463309445
0.06328773274015183
0.03839049124213568
0.033177311339038604
0.04192104238971167
0.0445224432021368
0.03133908331859776
0.02382598010575845
0.03141104442111096
0.03377910532681408
0.040656999462730936
0.02378189065000699
0.0319407991829329
0.018226165806334543
0.023929689417645977
0.040807935836672825
0.03475206870580986
0.03269463934171781
0.028791143562194452
0.02200156936612708
0.018338967138914343
0.030590540917212614
0.03053441137087056
0.022534684687190824
0.023033222773492495
0.018039839765856495
0.02972341435770804
0.024256192155303353
0.03211369584080213
0.024388131450905928
0.03284966627018458
0.027267663887632326
0.03474042195579479
0.021672975965986385
0.03312877420846649
0.021779372577943726
0.02827695408588061
0.041716733540031616
0.0322237055106951
0.02218118979375691
0.02343404445104031
0.021999629959009146
0.026598066118088775
0.04982950827321097
0.02220094929401797
0.01821458528896248
0.030918268182131736
0.026100679696609466
0.04096725817514387
0.027695529380885674
0.024993268295905438
0.038794789639686154
0.033853873894836614
0.046858136724434896
0.03410852141163739
0.0277824217194174
0.018595141543364963
0.05011898065492644
0.03135518308031386
0.03723465412435033
0.029654268272506383
0.037788050195299856
0.03473708549680727
0.022581582611106345
0.047139239300183954
0.02064033394263584
0.033805642406492205
0.046434620534252236
0.023766501659665575
0.022607455818232456
0.026714667343006544
0.03199453966693208
0.026560870908997815
0.027424811069945786
0.040166199019083554
0.033155241341010874
0.04010089640981108
0.03142676682110528
0.0393569240485394
0.024225855920121803
0.029212947363925882
0.028313414433601723
0.02665135827474635
0.030448971230568604
0.027495308855148292
0.022250334192246778
0.02209676636473715
0.03996574954683072
0.03382335468282232
0.035080659853635954
0.03579109131551528
0.027449842932155365
0.04811259260708152
0.03355846435461559
0.031605699902602
0.019968964425383248
0.026460324853049146
0.03415307527423418
0.028838673582534925
0.02985932931472173
0.04033616206333964
0.027424814035630057
0.03474559754686741
0.02971752298261453
0.03717468594502329
0.03017091474934924
0.04062423877594509
0.03380642795848891
0.04214052904535279
0.044555258531541415
0.040320587713505676
0.030585652093751414
0.023078783852515116
0.034738348767068675
0.04365522234280798
0.030599190635742273
0.042329404850056665
0.031575256232135425
0.04531887977800569
0.03320545052060977
0.04081589264000756
0.028458210273018425
0.03013204168183025
0.02144427801279401
0.040369340412999326
0.03108141100095041
0.028043060203432314
0.02729272904116103
0.02699665636598972
0.03232177218185331
0.026778388372202266
0.028488959564408486
0.026565393898830145
0.0306579194802196
0.03275808956095576
0.05546784564349333
0.03411950758656404
0.038656751415819084
0.023356066295543484
0.025735384600886698
0.03171379604980914
0.022247895093943496
0.04179625991975838
0.024369144918318274
0.03129302278403579
0.03233412675557445
0.03218036285357542
0.02406749936117748
0.028458246208963773
0.025352544452316158
0.03465847343717841
0.020845541519044865
0.033775585025512506
0.032978013092482335
0.013462144702172186
0.017926830373183347
0.022639896726428167
0.019972738938568865
0.022899852294792935
0.02328196262727388
0.024546322354094333
0.021707041000560156
0.022698475416252594
0.028666173937703425
0.04464717758296713
0.0408070267492627
0.012906036330337826
0.03346568716403586
0.03201577416639685
0.03198008627254659
0.018553097927580652
0.028204095726999973
0.030926060655483922
0.013275434263664931
0.03198241247873584
0.031827673842463315
0.034373670345193015
0.03052646213298658
0.03782456375988519
0.04254751809665285
0.03596463808124588
0.024530744080846826
0.032755086827277693
0.04398982560916777
0.03623075860025561
0.028773946838531954
0.023777712278985574
0.025200403323492007
0.029609843524671987
0.03213418950622873
0.02063871745197602
0.028513452852337928
0.04781757748694515
0.021824567016196318
0.03583949751786894
0.02928211168636061
0.018942857278903033
0.032189461762439565
0.03864334099456491
0.04415864604893357
0.040788724205775506
0.03091160708949884
0.02294155581181597
0.02780445915336441
0.024279429509183034
0.027880320610199245
0.022251113013360326
0.028820549064859986
0.02962850829709508
0.027534822013736086
0.03015054855015087
0.03286587860319577
0.03569134562555045
0.03250708829539249
0.02458062582604438
0.027490687095814807
0.024974243821274025
0.04663541214570746
0.04804913994193868
0.026308988826302344
0.03911936448665794
0.04042684548712655
0.024906926169686643
0.027126592178565705
0.020033956521089195
0.032934276339400555
0.03845674004157139
0.03184311438348957
0.036408094369247086
0.03508966465535116
0.02841999014118411
0.02442941474261441
0.034113169749746215
0.03933508073005569
0.028828736697954747
0.03920486445184448
0.04160305668962317
0.040415637554788164
0.028779362611296665
0.031217884242138463
0.05172658645464642
0.03242904904846114
0.038791457075695875
0.03230455590354088
0.02844103084124238
0.030062587241730634
0.020387945812279505
0.024557726034793965
0.04615071954932016
0.02856739523777248
0.018257858144584704
0.03665179604931564
0.029124859356837302
0.02663243848749115
0.02005764829798239
0.02821374393604808
0.03650202466055819
0.03053635991527154
0.024183548140988335
0.022442890111470794
0.02772982553700076
0.03059651537655067
0.02606870019242428
0.029321770040932626
0.017868948604275015
0.04093198053160883
0.04157740736602028
0.03557636127490415
0.0420044766195223
0.031435902848318084
0.025918815227793515
0.06982374017800504
0.057369517305941004
0.06749285260133481
0.03075263686804961
0.057331595688939266
0.034626407429478125
0.03432063735406998
0.03443187609363599
0.034142698487987184
0.025356499482381275
0.030934129361165713
0.01838870762179872
0.02240413920489305
0.04116338519911382
0.028067970138002083
0.029674877006672033
0.034403880413503646
0.03128214793172338
0.03652775304477409
0.025807875372107332
0.024901140817886646
0.039667298562228885
0.03716889251955184
0.03058211797450437
0.04900908317552589
0.03764316590302285
0.04639108642876996
0.032450566757146165
0.036510963817120407
0.04265272464078024
0.029602016874906073
0.04484007907263323
0.033083711887003035
0.03669937707464073
0.02530922296757101
0.05762102087301976
0.023303910487298088
0.02895555158629628
0.032824146217211664
0.024265303050343294
0.018008629378439698
0.027853215783320628
0.030305297364130904
0.022366544470799807
0.026284018111059366
0.03640910374099072
0.03822045909772413
0.027050387265954698
0.03119981358622207
0.033504428181304925
0.029520679676382017
0.0338754929056391
0.030834408835296652
0.024812279184575802
0.026621217406839634
0.02456001513752697
0.018282760367807353
0.028880895825210542
0.014157842310496618
0.026101407117241803
0.03600869832261219
0.055052652317057756
0.028134358738737996
0.036720753707406364
0.02965226555706445
0.04150213254092436
0.028182980420104607
0.044056280780635816
0.03928783704354312
0.04611017535381981
0.026703425475228987
0.04592290592111957
0.021321247779829626
0.022250495357781692
0.02847053012424525
0.01778775210331228
0.01714827884337084
0.025006896320015397
0.015493821285201952
0.019791018162708743
0.01987871887957903
0.022947522362023236
0.015122942987431701
0.02562219866825553
0.029947046530083708
0.026075774861449463
0.02905217325588568
0.01860634747725745
0.013292737749947837
0.028497631486376827
0.028235727312907778
0.016117964129091084
0.018559271163626035
0.03027868575600841
0.014762794018146492
0.017776534289150218
0.022060416964151473
0.01897873402416505
0.022948370288298985
0.02601453039489018
0.02611334364992134
0.023268339726023102
0.028117871501551782
0.026549929212063127
0.026027330432557935
0.025677670630876524
0.019722381051316667
0.02930794566964733
0.02681512382758821
0.02674576707630573
0.022632710853001142
0.02682993295432047
0.02591989201366404
0.030460420340377745
0.021018844378319194
0.03597847134051142
0.05150142933999574
0.04320184179257996
0.026622536430625846
0.03057920322521313
0.01835811133774084
0.035985473826253826
0.02616464379654338
0.02720018912973459
0.02941103101521709
0.024406052771837886
0.028772762487096953
0.030622375075261443
0.02172100015090362
0.022673634147274312
0.029538120351317015
0.028885517441944716
0.036412812292687516
0.038264592544054295
0.027185499993358425
0.038891537346317354
0.027969960580753166
0.020213420591280333
0.02644243055310074
0.033578201278673475
0.04955213850319677
0.06398848585023907
0.03389926848952653
0.016977939837068225
0.045179357676745885
0.04655166096123746
0.0642143095647303
0.03444032334865644
0.02630510934949498
0.039692007792029124
0.04159076534921334
0.04047946005306278
0.01578430896315846
0.03699674248835964
0.025802710249549776
0.02182844010688811
0.027360776302491827
0.04444289495054973
0.012326802930606149
0.019515617236075325
0.0
0.03679080430879974
0.02553353522154738
0.07269233461458474
0.011963910199011035
0.03205905077353361
0.05569966658875769
0.0
0.047151843589502286
0.0
0.06619361126797457
0.046688659818995386
0.057594357505748796
0.028801167326863705
0.030240911481560977
0.039776809612484657
0.0379503903013197
0.04035899502905838
0.025921891574738558
0.021394087436719524
0.04174138189470975
0.032657737809170105
0.027509769923610816
0.0
0.06238430068584961
0.032144158508973314
0.03160923228882485
0.0
0.015822310016239766
0.011555263519279874
0.06628083462765279
0.0
0.023476047169544243
0.037400467176873675
0.009311299602633424
0.0
0.0314649619788954
0.0
0.028790530717581427
0.0
0.022528276415429576
0.03527781544597682
0.04984371117804135
0.029593886657551412
0.026952518574337357
0.04666986773768554
0.05241483793524291
0.03789344300060367
