0.0
0.055235475381542644
0.052691702249595254
0.03123294491619587
0.016232229722376444
0.043908227487380984
0.020631604091175273
0.030926202684778453
0.013064365260764384
0.02481522536669774
0.024236717748536498
0.038895955568156455
0.03611139674327207
0.048570666837505966
0.040782201854792026
0.034166508367112984
0.025209982680750375
0.02532439736271569
0.0597747344400592
0.05442654613241393
0.030466013643460552
0.039795072262226665
0.05460509370750641
0.03653942829841485
0.02605889727047401
0.02775347392247733
0.0321179724407793
0.02027022850192884
0.06129824641697317
0.06964362758976751
0.05195984181748356
0.07182291811385057
0.026735216579552055
0.018513179755364685
0.05655724870976607
0.022287525043296195
0.03090412845667501
0.032709353564997316
0.0398550445394306
0.035358487257108655
0.024248140089133074
0.028196623179216455
0.03447778433996484
0.02289472460525845
0.03453860595949117
0.04470069077481416
0.04252608995931791
0.052997962936546995
0.052799529358187595
0.061171683355721915
0.07188121959822365
0.06683225867336695
0.05600509387085799
0.05049090228052181
0.0350436703830378
0.0347626153651463
0.039974575377635164
0.02937378529931071
0.043463495859916684
0.05244508027563819
0.04144252752686548
0.06630654540304227
0.05311292777193652
0.041616272737476166
0.046146545928379114
0.021974729367566233
0.03562441845402532
0.033209007507376605
0.03967054160064974
0.041604588840121436
0.06288382917253048
0.04139837608795778
0.033956819320646064
0.03827755165472316
0.03785192626373202
0.025167528128743854
0.02963334822881137
0.04662291951422895
0.034348809993704515
0.04641614226692184
0.06871213088091
0.048622299351782985
0.069812268905638
0.06457125459655175
0.058695793769836975
0.0415389425659826
0.042445027618085045
0.034924232138222384
0.07160701127159264
0.04301026856623893
0.04940775138028445
0.019743028308184613
0.03206087823765911
0.058080949794709416
0.058019716617715406
0.03293579686773196
0.029113892605879203
0.036451531920826084
0.036128974550506045
0.04128018229530157
0.031273279265212964
0.02407042873008289
0.023823636265249047
0.02002376969171057
0.040029426782805744
0.0412200578621622
0.03950111809528659
0.06237830232991673
0.04402539561707537
0.039609730475919674
0.045004044376049
0.02980713147803097
0.04081198268405132
0.0514078808885072
0.05169778404828244
0.03448550461302544
0.03448568815603873
0.037662303325503445
0.022349617230130254
0.049079047478939514
0.04516590586094786
0.026559076013567315
0.032728090084139454
0.035606487124305454
0.02751592517676517
0.04653803077860085
0.042402937925926754
0.039581906395323226
0.026559554788960184
0.04683006386702101
0.04173099709972543
0.02341051148302684
0.06122996626156499
0.05119343254591681
0.04038592314590445
0.031009213000616955
0.03485952956119745
0.04604533004046776
0.026373400696535113
0.03985473477658708
0.05029684602322498
0.05408163385392683
0.04203912732276925
0.04428471766908305
0.059058578032357714
0.041530918726630714
0.021000923484833265
0.035889572721621035
0.04270778742135445
0.03821061107598255
0.035426117020144886
0.02240559055483946
0.0509974349696139
0.03836115659465968
0.04395990312239091
0.03806927537476915
0.03841376459519424
0.03938314902661416
0.02481341371402018
0.031254436116493846
0.04430012194255226
0.04624388936713694
0.02467566917926325
0.03545178054433376
0.033770687611601846
0.024663467593536707
0.036306236794841816
0.04725863457242262
0.024414675208343187
0.0330915371593857
0.03426894368585446
0.03441640683163518
0.044251416957150645
0.05032508019462168
0.040500128755021673
0.041337214045888485
0.03876977865328099
0.030996411288620702
0.04602767758038196
0.05160742103811772
0.028881647973929784
0.026913929649821818
0.03166432228734204
0.02754392672925683
0.021727006295391923
0.029335895783607267
0.04011116210373986
0.049374577073631735
0.03991628760571584
0.03623643821846179
0.0330307131604646
0.02220892918525239
0.01810689545032188
0.01808720111823245
0.03449589905739207
0.04011626274766869
0.033951059152190745
0.0361262666734331
0.028794307951398847
0.044668021867578844
0.023700981203317213
0.07198691358894678
0.05501108148490532
0.045449239429059735
0.05382167583428739
0.07313512031918755
0.04467417631611798
0.0677781732457168
0.04245163756990177
0.04184179759894626
0.06254388671034558
0.05501431853139079
0.0371814567960378
0.04815187025491745
0.04792810528531245
0.05285365671399491
0.03671892934713644
0.04112032464406542
0.02632655471904746
0.046448727065442834
0.06193028530205356
0.03885514015187983
0.03542134472761451
0.04669761996333423
0.049791812968945054
0.0312789393202519
0.03486187315979454
0.042489993519528806
0.048065573833442475
0.06557568902948764
0.0349325474431081
0.06058287952151495
0.05704583599177067
0.03164707101419942
0.05138843389688965
0.03639332231159448
0.05732835156830492
0.03739776694777384
0.03512850392645712
0.07112571270279128
0.07038969280256863
0.048803336534674176
0.022456147684153244
0.025786555060244094
0.03024815637976961
0.02590245908451551
0.04078299285045176
0.030200506036967213
0.021753673396054836
0.024291499841622717
0.04437670888427853
0.03459304291963915
0.024897215800667404
0.04074400135602787
0.02524779174942283
0.022144284103227278
0.027138366561475315
0.03086294076445128
0.048239413700864195
0.04153242782670702
0.03538437069379007
0.03942823424511302
0.046417737410175436
0.063271272968702
0.03924084579810463
0.03884640915676751
0.041024731476883555
0.03181895994069572
0.031334833100223926
0.038615193910106885
0.04075371954049104
0.03626768424066561
0.04722786470380859
0.023779340445016523
0.031191263947458102
0.05170617967244146
0.04406274565160154
0.03013854965975194
0.02236136673891422
0.03455107459811979
0.045711401482505416
0.052219386655647376
0.04569522528009779
0.03828252390477933
0.03143989412840885
0.06421938665513018
0.04496057772410971
0.052898775983528726
0.03954009850164763
0.02492146270230194
0.01422387763195708
0.0654523502321984
0.028138971379787485
0.04789599028812331
0.06827061522597645
0.06237405788967882
0.06258952983539362
0.0628124823524574
0.020434138042882025
0.030207847504911716
0.0528019085021766
0.042088697518079546
0.05595067335849112
0.04324477738891324
0.050714990690075464
0.05028954270511704
0.042558212510924426
0.02454987103156893
0.039359204696932104
0.034769120101990895
0.02323936178364426
0.042386897034195584
0.05996625610986012
0.04847183686717245
0.03213288461304951
0.03682832067906437
0.05532398141980453
0.03393231827067267
0.030374575398266893
0.03931706199849629
0.03366050563833744
0.030699741531753276
0.019904914968702763
0.03600697936949939
0.047261449927142346
0.04470970882839119
0.05514749596453936
0.03985908852860782
0.04618328570876699
0.05040799231783892
0.06341813103916072
0.050330284852518795
0.03996217235789994
0.025701748040094282
0.027001133397080462
0.03596664763583068
0.03948946974590182
0.03962968120083734
0.03858187069907318
0.0372645078702577
0.037044249598359384
0.06253788297756097
0.04762777872799129
0.028635366264900486
0.04596270441346984
0.05091616796782506
0.036030051604736824
0.03226787668563204
0.03200142985874508
0.03152149111841197
0.06211652976441352
0.041915708431069135
0.051379897496125905
0.03136121016826557
0.04223123717344781
0.03856529666466126
0.04733010783317529
0.025573936762953733
0.03589117799404191
0.040015748319324994
0.03959926281352971
0.03301163832461206
0.047214626151225625
0.03423007097080962
0.037632013397006815
0.03724011540688515
0.032742369553853415
0.041693476167921
0.038408621211169794
0.01320974795238561
0.04804373518824691
0.02871577007886469
0.03278799095133764
0.03787752921456202
0.03753757508928
0.025481119330114984
0.03138979590418939
0.028040327224642014
0.05470695577092761
0.026988223679505086
0.028867538710846494
0.03168551185566606
0.03325322735381406
0.02233741943963586
0.027809660771433736
0.033746090996773205
0.022927534169494272
0.030483215175750606
0.034721298700493446
0.03893252404983049
0.03090392800995441
0.026090524141151317
0.026965915506246035
0.027663307321578966
0.03296888589091453
0.05296754250063588
0.027093976932582944
0.026801966173730183
0.030010819804072348
0.029315451797004604
0.03326012962659306
0.04143804287125539
0.034444042866655485
0.036449857730317684
0.019996675403343097
0.028794190583615195
0.03279924983534093
0.031825184855119065
0.040241232380482606
0.038273612302378496
0.02203661919878414
0.028360500182163583
0.02837142344388491
0.024737629397786287
0.02249297539974053
0.02725475212386517
0.01862428113154081
0.035039535686715764
0.0180561522417953
0.029743952266185536
0.022388245492271634
0.04352516198642395
0.024431328314731927
0.028516090906013074
0.03486759143079716
0.024637880403264284
0.026070347233676117
0.038246260130893835
0.031452894084134424
0.03434447929622385
0.02345514418336033
0.022539114749844692
0.04498838260803779
0.0323490194890529
0.024455303394378715
0.026437463901866583
0.043814958645649875
0.04937925887576682
0.05552601358190231
0.03018622320798843
0.0638288663117245
0.05874486853600488
0.035501015287453454
0.03164765186885915
0.031709957486218465
0.0536313308972703
0.05527358845705603
0.04209391131743399
0.04369654234461807
0.05142660022141587
0.026712385654099346
0.025254750260957467
0.038344175063281936
0.039387057445593794
0.053029133859960574
0.030748056751985702
0.05130886543975347
0.06333400582951568
0.049442726892528134
0.039688619730557734
0.058533742919683523
0.0442789653582828
0.030882447129194638
0.04125137099248947
0.04285127085630015
0.03367524152289037
0.022127611157907602
0.03244579169815394
0.019143905162972662
0.029369662193494874
0.030612323164953617
0.020330697211633237
0.026086150512399337
0.025945420313076856
0.03319347135450727
0.04219313288542933
0.03301972665506176
0.061844536257816954
0.04628657087644313
0.03211009643982707
0.043171531167831005
0.03619737363978391
0.02059437839489762
0.06196186781603836
0.046804125435620916
0.05622691875814989
0.06493293225718443
0.04990934256717534
0.03957083622754734
0.05406624817816101
0.04544964962926008
0.028309546411060725
0.04528544926262879
0.04647910720760818
0.0298791557286748
0.028689185184229263
0.04388336192912411
0.03958839911703932
0.0339716418263086
0.02762411234009387
0.03548201259342544
0.06642512193851717
0.053293306050407455
0.03838426646987834
0.037613669548184195
0.04602973190534324
0.04636933085968565
0.03535318705576634
0.06265468785985871
0.03314870432799749
0.05592099374365387
0.032575979254237275
0.033037896776476616
0.0340012424809088
0.03295474712086247
0.03589842537363208
0.049779414470201636
0.0320530405977732
0.021612667433732195
0.0411781430845373
0.04568444434271152
0.028600888700256226
0.017729724974366288
0.04480335662299753
0.037192555073226656
0.013436318005895632
0.042152521483299205
0.028500345491083337
0.042358086610705184
0.034719507743630265
0.026105393774563158
0.03351853338919384
0.04829678110190736
0.028518576941666995
0.04403921636860841
0.03780974448224297
0.03635236057521747
0.033615380679706756
0.029101463783344796
0.04744444738762023
0.042727831109009094
0.035276277909347536
0.045351634444641534
0.028772277145042085
0.022022211756921033
0.03207822623778473
0.036448377430449555
0.04730316938557066
0.047506472973573556
0.06360319627821823
0.04547808446757623
0.045354956592110404
0.03655127467052277
0.031325190107004866
0.029228244807985988
0.035316635615351304
0.047769146197566156
0.03136711269586349
0.05595868652675834
0.06553978354404291
0.03416560378216658
0.04117127319275538
0.0378267215015463
0.02982764418790046
0.04491384051251166
0.053673427741036096
0.019845899786437783
0.02202675606065394
0.03723783708149009
0.04235871597809007
0.055072576753317046
0.035164157527659085
0.039708581628076445
0.03750099458121878
0.051483764870739156
0.03614276018789937
0.047423311392710624
0.03627915184530914
0.04505642243617993
0.06415717343957024
0.02096303186564388
0.02567993206334042
0.04698348073059831
0.029672000286465425
0.04013838780394643
0.033556716428293304
0.03408566206388439
0.06252531771744627
0.03772730947934964
0.0325775059481615
0.06667265804074532
0.05288339282376368
0.0345277143988651
0.03622713595332405
0.030959958844718482
0.030278283596590377
0.04197618615873054
0.03447221672198502
0.031845067545923714
0.04125684461193447
0.043361773098230194
0.03467215761547327
0.029763427168719336
0.0259948885600612
0.025132374811518834
0.03381487563281138
0.02234029786758676
0.04005076512533812
0.03884370295993924
0.046611288954072
0.0392280053706532
0.03738106350814542
0.05206882080904512
0.030927360711229496
0.05043598778832112
0.03047129065749162
0.018582115114031374
0.04445784755574654
0.03368120945631251
0.04715929041380214
0.044034217506843394
0.04035979015726077
0.03909583237262068
0.03978514188238621
0.0279831479358899
0.028211734399902193
0.024854193853573407
0.03216778079196634
0.04246401913207935
0.025708964472643103
0.017891823572949637
0.029548243693322953
0.03757508469693312
0.042973034961049705
0.022859365367393747
0.03707146535936535
0.05907795273391251
0.03065042122813686
0.02686756155664298
0.048241736379313255
0.04559126781892196
0.05406338240809576
0.028872987669154103
0.026099539854351633
0.035414662862930095
0.025969414549078328
0.042448889381496185
0.028743292054408082
0.01971938600678136
0.02788825172003439
0.014149674868663536
0.0335429894601316
0.03234854843425164
0.023406365199544414
0.024651782997697262
0.02734963545855089
0.01920640083146473
0.03613905087115597
0.021948328471105852
0.023241189183721016
0.03261171567438712
0.045744420907937657
0.029878778994515912
0.016345626676270295
0.02415616566653093
0.028278521948959346
0.01536224973140321
0.03315599581272339
0.036643651483442535
0.02832320478767266
0.0246761182801307
0.03890215709796825
0.02735495064070777
0.03804551687617083
0.046655446438759976
0.05777257002972954
0.05214274701534365
0.024527314827045333
0.033860410117311036
0.032482967555128056
0.035326953298201784
0.028843840792562043
0.0344348109285865
0.033632044472496715
0.030596653758009167
0.03836398201275517
0.042021356208034266
0.05788716369420778
0.051274268730426585
0.043463804240169504
0.0328754759604329
0.04137714978478465
0.03138307120088786
0.029430896363817655
0.045550853049311724
0.026478938508851826
0.03436813259583646
0.013050556114161926
0.020756580188246544
0.02845402828345322
0.04436506145112952
0.03512103748022675
0.027274535685782038
0.03693577147393835
0.052222036666898515
0.027624721450581594
0.037357688148492364
0.04623965799595987
0.06419913731714247
0.03418749541956084
0.050435141935571456
0.0378380465860018
0.02514842786463003
0.028216488474649026
0.03030911503711938
0.025300711933329778
0.04639100383695103
0.04084799026537291
0.06348192218114147
0.01837839903860568
0.04312994405355171
0.06052197621571499
0.01634194976807303
0.031991781312636365
0.05084972699588026
0.04977879881475648
0.025553083538244453
0.04516773592830277
0.0652290550004337
0.03619423383720427
0.03336696025824049
0.031803820888387284
0.03827465812170408
0.038266668182657344
0.016914964170077318
0.03232921557681992
0.031624236262082314
0.023530059956627835
0.027700285345501775
0.029932110527408566
0.0365485099200364
0.03970537716179001
0.017526993287307824
0.032222220836326504
0.034139463264738774
0.023031258731871375
0.024239128890677728
0.032020232888319476
0.025807805188456143
0.043365603059019035
0.03538788821601096
0.03559470526373974
0.033755763723998314
0.029560854406160565
0.034907672328586985
0.035734402332739855
0.029865694131380176
0.03482702302140897
0.041301729112562593
0.03494847350600596
0.04447184899985706
0.0312737991668574
0.027130344288775643
0.03294172676656804
0.04998674894576225
0.01425120063168171
0.02437587407255605
0.027928301165842464
0.029208061976942104
0.02189127713702424
0.029370578467052808
0.03529086176020076
0.034811206212942425
0.02575391873741414
0.025016095272294245
0.02960094299701449
0.03624314274121387
0.041639502321179994
0.03448745370942881
0.033885337952055304
0.03674493758584306
0.04927934918119582
0.034260508006826715
0.031754418410041764
0.027214343366851437
0.03971628450799497
0.03121002532128989
0.03994030245503906
0.035009667432867736
0.023607180268346815
0.024846882298338743
0.03536732008497574
0.05377815873642741
0.04129187762357138
0.06819615493788857
0.054043525765054015
0.049957568854378805
0.04243394144267532
0.03459356818583659
0.050531250148585186
0.05536233362449151
0.042231045043267926
0.03127839090989525
0.050024107263092525
0.04537659615936399
0.047951615675786916
0.028594140684276965
0.02518655310378936
0.028474619392637287
0.025249215411352666
0.01339263025780304
0.02705489234685022
0.03138573121837728
0.03384798759129747
0.032056366122191635
0.024582451538987412
0.02477289042966121
0.017927837877446333
0.04591108040209355
0.04473698664237448
0.03768298765915465
0.040502645023195706
0.02874274419744921
0.042733410578128316
0.030635190566773093
0.02404608587460518
0.0327591713248197
0.04025834503094082
0.03669567504710713
0.04771049365397118
0.0478381053839115
0.03694261781293012
0.04001855161227134
0.044939521953953426
0.03538580869270512
0.04255403618545491
0.03267613307929236
0.032312183713742164
0.018449538473601184
0.03381573125857994
0.025734674618208525
0.03894802971249002
0.025004983367837345
0.03492106835977566
0.024075176573968852
0.02579251249878533
0.031206433724674475
0.025243612090894502
0.03314976129181626
0.024034421035762903
0.02179353871074942
0.055546430532648794
0.02725039163021339
0.026311819161025343
0.03409313507104066
0.024527526100485576
0.04974114308101113
0.03207874732861825
0.022206511542538398
0.031994579143279224
0.029948753863910795
0.02097379527650216
0.053055583680231035
0.02594902489637135
0.019117170790564176
0.037065233585525895
0.03734220233804655
0.022932573328007508
0.030940495086334667
0.03238911363748982
0.0319760153048778
0.03653543911966389
0.029808589797028384
0.032888365659876975
0.03888865473132873
0.030705732056295114
0.029868036000743857
0.02232801243918597
0.029635927990677487
0.024170716628460445
0.03426805545499577
0.02240753032839141
0.03473813565756799
0.038834883903521564
0.033519626929308134
0.02462654404634693
0.026065407000680246
0.01869498366790761
0.02124505842868486
0.022996228533778678
0.035490205065741756
0.034689459957296824
0.02028392182233916
0.039690483091825685
0.032003429930226056
0.029298519644770458
0.022282419425287837
0.029257660250409625
0.02524524708910571
0.028867330266583363
0.03072265876149066
0.024596847668394768
0.022501170312773624
0.03604711847524193
0.038761926137739905
0.02478992399253278
0.025485577869323154
0.03111729420720541
0.024112725013206236
0.03792168559861223
0.0371788549405103
0.03221999617958547
0.031547412656719315
0.03025489731156488
0.04254777422991713
0.03456892683552678
0.031801326460149444
0.03776035153649927
0.025920109550790847
0.04814431123253873
0.039311657777814334
0.03153354800906485
0.021084350647393144
0.03091947231216113
0.03672185243319019
0.020199619185079253
0.03157738851912081
0.02153165847459657
0.022326474424373875
0.03164356642451196
0.026504922850922135
0.04368101996098791
0.025798859187665606
0.03006717018979706
0.029322426329944157
0.038860410979556094
0.036920396021726386
0.035039842545923704
0.03707542299907035
0.024169998230129098
0.027139390816077216
0.02136425891009982
0.019029665968925687
0.02650648340147184
0.024890906364909024
0.020053637880001265
0.023641844958938764
0.026433931697725167
0.034309426063741336
0.0211772476806477
0.04246989551087216
0.04007225985953369
0.03149969398327543
0.02267432265279659
0.01911745010821271
0.042340654197104206
0.04003497839078217
0.02946312372497695
0.043265553635549577
0.025324854978744607
0.03590483370856901
0.020043962550936288
0.029166617312339178
0.03152017476053147
0.024857247110025932
0.03567649527817069
0.027675974044888346
0.03041209075556953
0.03808297944374228
0.04067004759801738
0.05699767433194099
0.05679041625732295
0.03396969076044114
0.02970233400481071
0.04329921199560106
0.02169824516377989
0.03330398228106922
0.03354246283723818
0.03538090399102633
0.021080646002317023
0.033416389966227596
0.06716522332840931
0.046464332073780035
0.037472601217422886
0.049202186511938334
0.03207722471240301
0.035679186247026484
0.01896901016863506
0.021437890381285237
0.022350671426653475
0.047259154103258594
0.04367434623183021
0.048387832500149254
0.07439247978805136
0.0379660590469377
0.03725056549738543
0.03990100840282737
0.03663150923129554
0.05868602547046449
0.041894047637728124
0.026954036306687322
0.03446231373997549
0.024761201306126104
0.03690455009407438
0.03682826449427127
0.024943495712509884
0.04251908316347491
0.05342915246895668
0.025999551909407947
0.03256249557029614
0.0413149352185273
0.025887243406502426
0.025787384294995462
0.03220031823686777
0.039667870124405126
0.04578240400208356
0.051064163586124915
0.04343943873602092
0.032938586662956015
0.031825642772753085
0.042216471763916956
0.04440602947625918
0.03247057085486218
0.03446355170627149
0.0388841460313596
0.038652335623654124
0.05342141449819654
0.03337605087817043
0.049817657387316014
0.018311491010837986
0.02833308743463872
0.028768760952521604
0.019438992784975323
0.02377066942113514
0.03523359136045634
0.01864146405790657
0.028787269588019984
0.03380766647060245
0.03818114455242708
0.03843133760149391
0.03578228946951268
0.044443085064636303
0.027048182772831407
0.02362652000715298
0.03483006904949919
0.030166409637179644
0.02502013693214594
0.024120876736875744
0.04115927239167982
0.02008409238209436
0.035185530053007626
0.022199090496885013
0.028142675234123244
0.02191967293957132
0.02395040518562387
0.01783120876129504
0.026490448865791417
0.030155300357068236
0.02019009115052892
0.027873536837159648
0.023062367475078407
0.03791908413813548
0.025084677378581118
0.029845054312044518
0.024750595499008824
0.0355244513950603
0.038812271363062444
0.03443388682620637
0.04666061634655077
0.031083539213907115
0.02902598648337966
0.025198324905884018
0.021435708777126573
0.027336883836474302
0.020532793080013913
0.033121867815864535
0.03120644088517622
0.024781957345796714
0.037978461681151154
0.03457144339179948
0.03969356948224231
0.03239721603349754
0.021668268350439692
0.033324894539639965
0.021586685878620247
0.02144012588893386
0.02622417169824218
0.03155462215052212
0.017484689696353597
0.028816706537470035
0.0308326108984059
0.03603432842206939
0.01985654576134752
0.027089889279397247
0.021881460871299753
0.03252113459992845
0.020435460525490706
0.02401157374369468
0.023762353851815413
0.025435275640120148
0.039490018723881366
0.029817143145065554
0.021412711665620515
0.02316285623099571
0.030263227117869926
0.025178399516009264
0.038534715508221955
0.028250592891103873
0.038742284327190714
0.035623927932333946
0.03691052969438393
0.03205076381546502
0.040483506328357045
0.04198493639878662
0.02752579187489355
0.023505859680797356
0.032270952454374495
0.038815279648076725
0.031178397819042896
0.04426409345869405
0.031193540082443343
0.04070973132587584
0.04859133743593086
0.034144289162969084
0.03755894670408109
0.047201648171647556
0.0337912637325094
0.030672154324221955
0.02037369284423198
0.0608266631274847
0.04951546862180275
0.028906370006626613
0.033154033927512844
0.03630619071942908
0.04268484926502344
0.028781684254400412
0.05652066354919083
0.03398600182251511
0.046342344666190444
0.022852399100896655
0.037882988066083256
0.029105470061227302
0.017194325952662362
0.02944794548315536
0.026615880050372763
0.03813696552907203
0.024180922479935016
0.03537740683432504
0.024419588150226133
0.028187239548057977
0.03991783293617019
0.03616350759475027
0.031139739822090694
0.026162256813118307
0.02918628203591544
0.027962283067255702
0.024389474277965766
0.031760741182157506
0.032528974676432634
0.027606187531059104
0.02293084955496639
0.0409962601192746
0.04396059881004353
0.030860643969949742
0.030022501836474473
0.043726799226018125
0.03891672994881866
0.022705509037823122
0.02729976726549154
0.03811783526163473
0.03295066257553354
0.03203671697710473
0.0194206689421348
0.03383724230996281
0.03101597351307868
0.0252964022887314
0.03414291483807439
0.043293406046186804
0.04026895030627405
0.02224130672585584
0.022554947265733084
0.02807327140981058
0.025324884952157223
0.02722780293428251
0.022650010356239987
0.030052007862296955
0.024153581774874627
0.025283386363381004
0.022593861949161707
0.014951743105366955
0.015497196345002386
0.029310320842239074
0.06030965359643413
0.0365246168697222
0.03861682560606048
0.052021010578803636
0.052620653335738725
0.028825731059439103
0.04736019997436931
0.031173555580010445
0.0187850451482615
0.03474392022594268
0.04000793735970131
0.034835561715903254
0.026720443987495575
0.0458780079740463
0.04634785696750161
0.028846415646777816
0.017656472297715706
0.02389791959695443
0.033934147876602275
0.02733945534387983
0.0252933171784345
0.021284192249335355
0.024722187277940382
0.024018599060155455
0.022133037696318743
0.03628435630486033
0.028417575197617072
0.03569535669821079
0.020553246556201266
0.030459734700092153
0.017002099759212748
0.03288650045123209
0.03515415488334914
0.0321345720326255
0.01997895967984541
0.03520075506349259
0.04341726485584394
0.028280356804679788
0.03134637668953943
0.02866396921768685
0.02858447677013211
0.042857137875971174
0.024825077717652667
0.050759853846913325
0.03012469632615615
0.02206848107799907
0.032520550905884536
0.029807626194202904
0.02079576925723117
0.025110532244023157
0.0382370378910763
0.02751507834912342
0.036506001460376324
0.037671129411327726
0.022330320418659542
0.03410973022701877
0.015301878780797555
0.022342909093888752
0.025534079390884683
0.03173757162182742
0.03426475369994689
0.02672425762868718
0.019790852808529744
0.022574091375832692
0.034154534267978175
0.033179935477333194
0.024273219493004147
0.03342239020103129
0.014808492942302538
0.022854372791382745
0.0199590158528044
0.038863484803379394
0.05586188023325431
0.027355749930316302
0.0
0.06127311797685852
0.05499493741259844
0.03116955695947571
0.0
0.0
0.0
0.05296821634863026
0.0
0.026405209603830457
0.028485446284023747
0.020631913808466764
0.05004848732181667
0.025209386590117604
0.048314392180384406
0.03186872331403734
0.012855619413314982
0.035561072507378146
0.0
0.0639110462541666
0.0
0.023639394646437148
0.05897904446327879
0.045080089682576825
0.023609174485409272
0.0
0.0
0.046499464232277826
0.026317882656095255
0.03460617053399243
0.02190058489515748
0.0
0.03520263339366657
0.04140286550074166
0.02771741814044917
0.0
0.041864983114620995
0.03827275235889104
0.02742040702651952
0.0
0.0
0.06365730777131276
0.06445143583198039
0.04806931423150847
0.047613129141616486
0.04412735115410337
0.0718425017457893
0.037062735153554204
0.028073151377250104
0.03316602841094413
0.038235901519906544
0.0620040930027943
0.06165380785583275
0.07495818507707736
0.045239515437723275
