0.011265397307685165
0.03284127429007543
0.026174725414773697
0.042175973675970264
0.024753305191585584
0.05909683403392165
0.06621797744605974
0.053157314076357376
0.04478283725089336
0.037183096835524614
0.02981636816100345
0.06878963714937628
0.04569176915865151
0.044259333396094745
0.04428973267501986
0.03337533945903517
0.03790487409091876
0.04977302437274621
0.06287575876949714
0.04586106026352206
0.04229405944741805
0.029437780279852933
0.04093829558836079
0.020324134533985783
0.0507359082408877
0.054098308224693054
0.04855779679498785
0.0316496704599309
0.04003186321058654
0.03883081446265755
0.035842210410701535
0.04176785232912391
0.023043605392819914
0.025976698679756993
0.03677616886208377
0.03123103790181814
0.033549713621364254
0.03465659546789003
0.03138166662313452
0.0580483926790236
0.029261278626593272
0.05435142885316111
0.03961124783608313
0.04943604088659185
0.029289131352643424
0.03139523256094189
0.03850929085709922
0.04971519783647652
0.048428565954093644
0.0418927247333392
0.06529741105659889
0.04761891412624295
0.05638973380403377
0.06410503257112073
0.07080918695133336
0.05399006853005465
0.04378354494413396
0.05159397927743118
0.03503240458775272
0.02488659065362534
0.029207910119615807
0.0401023619416769
0.03311719670169723
0.052306760883114645
0.039616966036591525
0.05849009858158332
0.03551457543125777
0.04641418515004716
0.032562675072466
0.038527189000107515
0.04538041254902824
0.026097920186781656
0.03930777195212167
0.03610607986475962
0.04549360144713099
0.02341524431434546
0.0315977704227292
0.020952046237910894
0.03366352582378873
0.04115169587635482
0.036384042709127304
0.04981658822244858
0.026565577945200054
0.04051062170386474
0.06397737562650131
0.045971298372388
0.06923284133612093
0.05273065141917247
0.033865265983378905
0.03950475876913017
0.05023510348640402
0.04314653541560732
0.03314647026706801
0.05190182597593104
0.042453368979159065
0.042209430346163146
0.04335180401814964
0.031727761061302845
0.030294161862528347
0.02380914716182278
0.02859966510829569
0.04392206363366826
0.0576296245443615
0.0487624178301345
0.03177936502457619
0.04419058296434205
0.044465685112225595
0.03141918567162073
0.03817544184623011
0.02910746744505607
0.04332327512796237
0.03612399180563152
0.01948282897140172
0.0509758693397616
0.05357625578390342
0.05130420370670995
0.06440606570115955
0.06545398133284332
0.04092833156601646
0.061112478719343506
0.056213539004903626
0.05319610982947901
0.038920337767804604
0.0660261801838871
0.04195158956004414
0.040821222865412586
0.02497690416534842
0.020986795364387276
0.057522564341359474
0.02471930259053644
0.03640525906888317
0.06621378213816828
0.05708854222925224
0.03127063085210936
0.03335264627162276
0.04054819205833966
0.03849086703939577
0.05092225463216254
0.06597137741784995
0.03299584860514443
0.06096000239757569
0.031740243938451394
0.03333773630335799
0.03199015646448641
0.027532609293777245
0.04193236978417606
0.02523331258894458
0.0402292257171326
0.04099397824003479
0.04040977572122861
0.05186686677419625
0.0525555188579024
0.043030360147342496
0.04484899519085004
0.050671718187597824
0.03851962074161849
0.04851236514745495
0.04654421548243132
0.04764744279405243
0.049922044249008916
0.051537043193329565
0.04251939016731073
0.02312543492563987
0.04339317646051434
0.04643683162267315
0.03632818683973235
0.04059045406455403
0.03989687582223703
0.057687855920654785
0.04463410978864703
0.056868834251459686
0.0389381645071709
0.02956137949008246
0.035133516124904
0.055993885765274906
0.04016003541224163
0.028751170432968903
0.032593622041402176
0.03659594768398385
0.04283022329540671
0.0291903681873512
0.04131382479993836
0.03515024097975715
0.04038782128487365
0.041352627498140886
0.024500826673128136
0.05409568696994247
0.039848551009039175
0.04726008436449187
0.03564041355652321
0.053623047601194816
0.03326548926500254
0.038662789685303386
0.029029611965370808
0.0403645171860585
0.02440812227745331
0.020153739865234846
0.04463036803007567
0.030210101399407753
0.03642291507444174
0.03738888621288421
0.028021362662162687
0.0313976049309497
0.025889624786304338
0.0290518128145646
0.031233382577780452
0.034339763718392126
0.03975673199582841
0.040604624494939
0.035166013496698754
0.022870493163802914
0.03744915834111096
0.03289331425039138
0.03149289863104063
0.054094102315882006
0.053730975037164924
0.06056029927733193
0.03970253765068706
0.030340961032566702
0.05905331795549173
0.07654635657244276
0.043598239706667145
0.04936172826582235
0.04885848911090082
0.04479429563432156
0.044011500097588085
0.05211166280029458
0.03491928205698105
0.02637946280305528
0.032836456083123376
0.03986392477105589
0.045094639649021155
0.06150612028314519
0.03693199821377789
0.04434279496333083
0.0373832442936453
0.03133709626385318
0.05817741018738388
0.05154217613949223
0.07164952017536473
0.04819983222481174
0.07111978979432453
0.05455232593481193
0.029900201747740003
0.06962087712512588
0.07148849240546953
0.0432543290044477
0.05310375746524442
0.02413273618863535
0.032614982107959135
0.03290641785632032
0.0444544368416974
0.025833021763368394
0.03855341353472605
0.03367833471981654
0.04608595662281522
0.02280216303823438
0.02842108347468479
0.02218915796559712
0.02970585521513393
0.02914773254569835
0.022514072127844398
0.0329449189879866
0.028031169811479465
0.023374641687093276
0.025802823577189278
0.025063963952256185
0.032347183012136085
0.037658901112205684
0.022595582888009103
0.028621409631917272
0.02452328087756614
0.029846916057777225
0.038152155748397705
0.04639173115373046
0.02313134883658971
0.029843993136182342
0.029978065151415306
0.04022665503469062
0.01756955116735264
0.031925445095653024
0.05575746333754573
0.034109383230548164
0.03929057850274032
0.03696314865191885
0.02991596216313292
0.029120190397209374
0.039275200672638205
0.04062904534688825
0.027857263595554804
0.03626313597327732
0.029555450806145828
0.03139484949467563
0.07188814925287691
0.040763320424975207
0.062023686348411454
0.04742516571324026
0.04888693804124862
0.03657274705044815
0.03444226851455426
0.0294105917060927
0.03415922778679869
0.025035253841233694
0.03669622178587871
0.03974018340623751
0.03674325834461186
0.04080126359629565
0.04614204334944206
0.03657167442587912
0.05110403858144025
0.054738785195873677
0.04690608810935123
0.03943944934088837
0.03465638099334028
0.03903937952087606
0.038394879035693746
0.025764125178670848
0.037750956083271746
0.02284993259858766
0.028042466948368205
0.037773827180528054
0.02366264071860488
0.030480929614013472
0.01834568509837913
0.03760653386398327
0.02586039816449673
0.04405734467493908
0.04028447533409531
0.025156403384073496
0.024615308626498675
0.04039618322935967
0.02835939469656495
0.026250735638369403
0.029504389402256824
0.03982762001817957
0.04816728871506059
0.03829760707276635
0.051797060208486685
0.04139447659276404
0.05436947641425289
0.04668198510389208
0.05788397308457287
0.05036446745350336
0.033446790097294836
0.0341457051862295
0.05407736446402505
0.048969087283305575
0.056902493257616815
0.035011603986684174
0.021760977830894163
0.03466368429107399
0.03662072573316915
0.0396655558485142
0.06291749736937872
0.05611263054797989
0.05024434717977337
0.02695087352564955
0.03071563404719349
0.026114230129290688
0.03348985893603546
0.02579699076154258
0.03201682472327815
0.027142694591576578
0.04469887210429339
0.04598672523808252
0.045151817951943354
0.04179977183987127
0.04897462840904916
0.022790791652417593
0.037978363295887885
0.04565634124388177
0.047274028304804615
0.01624392902420272
0.04255203990233607
0.05826512006393704
0.02942277205159295
0.035665099342704745
0.03242801728272774
0.049268486113729665
0.06382484025723141
0.03571495428024522
0.04741486921125057
0.042321591327267205
0.07145154234864359
0.06625865647051547
0.07263611999248372
0.033506940490926694
0.04727348660189975
0.02192015105381838
0.05223210556008627
0.05466772511400691
0.07264137613895481
0.03898360134580804
0.061524393442763954
0.03715701466244305
0.06604221401623867
0.043610904359603755
0.030065458176008752
0.03918579733783145
0.04552014412933637
0.0399848012007375
0.050840231253746364
0.028786593653527873
0.04538161355078181
0.042336170936451055
0.05430815596169699
0.04224959312895804
0.05678406551602109
0.033749049591358875
0.03625690689889306
0.035335337309523145
0.05021711534537908
0.04510220916845423
0.03478530529728036
0.03680910452211518
0.015073231744460855
0.058588772705508815
0.026161845673423004
0.03239430161598635
0.03980833660979687
0.02494266569777799
0.02905493758920331
0.05564948268072808
0.03954206346095263
0.03247458434511714
0.01622032199249823
0.036006860819549395
0.051062063612498064
0.025270953919383905
0.03670211937665726
0.020271584645508087
0.01824402474050096
0.02219744238770667
0.026244425355153464
0.03459655490478786
0.030650706156447525
0.02407752799032743
0.024161137998343556
0.03298766762716033
0.03962133948455555
0.031434468041665664
0.02614928768389306
0.03006948389247813
0.024985850743882137
0.032555718623087176
0.03606330064756507
0.05532540416667195
0.046894777316524236
0.060414689562132896
0.035147753359528154
0.04146045240563593
0.03305169914505151
0.04307128439809279
0.06451978139255528
0.06274117026611081
0.05803500122821784
0.03937619412007378
0.05273952542740215
0.05657931200962303
0.05511703186232447
0.0415353241978707
0.03814434076766826
0.01605159641074169
0.03837203614776003
0.028817594774026487
0.06813297361897004
0.03588644735094605
0.03433569412888725
0.020769038981672254
0.020302914484269376
0.04725096799126035
0.05631279098161349
0.020494056412097228
0.04600234928696571
0.0640979690693577
0.07509114106911159
0.05249283989421801
0.05327300503362374
0.051002288932948926
0.023872396792634837
0.041101572126258104
0.054159042561904874
0.04546597573570813
0.030946970661520284
0.04192398642583189
0.024968963494706793
0.039093098606616916
0.037478693575483675
0.025439159660299724
0.038746210752364736
0.026881213344804367
0.040434886126709924
0.07318855207448771
0.04311700187814548
0.07614698176920728
0.05853560620521926
0.05587194997240024
0.03767982176792879
0.03071563298269306
0.05070980037310336
0.05436307401372938
0.02758305608319876
0.029839621523515804
0.04940014655911965
0.05175843003855077
0.035887519571572477
0.029965185888961212
0.01785651124940142
0.03174754389275204
0.03143351814367727
0.03910879272849014
0.03513455869404077
0.03360024400506642
0.04861361220604777
0.03126914610082919
0.028907138245692077
0.02861882431477575
0.02189506553490484
0.03870814189960557
0.04455855809711395
0.03920394979998822
0.03587483014681047
0.05500020653521831
0.032085951299249016
0.034369506234451425
0.046441359265087044
0.026300966553056537
0.024517770639091795
0.03209769288005317
0.03679249209842274
0.028033424506391614
0.0374998395611383
0.021077930517223124
0.03643578074245841
0.01854334532925488
0.017343007252364175
0.022447222642951264
0.014318567821034196
0.0619341016121167
0.02940869267183884
0.04836329953303659
0.037693533865240075
0.03540810814771104
0.048894640012582195
0.034242344387030485
0.032834156228266735
0.07311733099881745
0.02784005128036462
0.04811148211269973
0.04141724953219976
0.05516849991109051
0.05277691500131052
0.0351013604183973
0.02909080631020352
0.02968103035984805
0.029038395911467136
0.023237071688719066
0.02912641353569812
0.04274988593793751
0.03700157960968152
0.020412972873042164
0.025548772380270836
0.036531983539060356
0.03207264186015877
0.050440411200239996
0.0728275462352228
0.04908504036398927
0.04458492831243526
0.04985394472920379
0.05447286676767512
0.037604357556302155
0.03054954206899016
0.03141144123862359
0.0337015298113454
0.0373413618108511
0.05407588331896414
0.04880669878846427
0.04314440105694485
0.04117789514105231
0.04413769926128907
0.034075766641738565
0.04413696607425573
0.039727600547226675
0.03371754450360394
0.040972154849550635
0.04202411320221894
0.037775081302869516
0.04397452150018231
0.03299824994854523
0.04902209334717255
0.04237290387374138
0.04009546836289618
0.03481337382802758
0.042500925994881575
0.03358074967232779
0.0537412536559699
0.03948913340682756
0.03482616760883712
0.039827978892678355
0.04380514172338245
0.03961933279052526
0.04277173053649338
0.019160972527183955
0.030353697073009087
0.02945780550847261
0.035667660798158654
0.014140152969469674
0.02963751758118416
0.018471360898548943
0.022567009281003345
0.028509658981163245
0.0339514830024036
0.0289128914431348
0.035599955535927395
0.031866077822858906
0.040718172021224075
0.04092352138949751
0.07157584229005802
0.019927396312056943
0.03238983438229503
0.022417552673940324
0.027789641107344314
0.02874825982366396
0.042473811485726036
0.02554182539972427
0.02425990668434925
0.02290058439331969
0.03169117956845413
0.05114503256060165
0.02821383474396901
0.044478812549072363
0.02485994003934846
0.052751235441562024
0.04051907573940342
0.032329754485032836
0.02339798127569508
0.026665851114612296
0.051063541627662266
0.042739901360584594
0.03900098350093232
0.025614432956180492
0.030961039182333675
0.037569161410065464
0.039092719469998524
0.030467690062476443
0.038037772313846065
0.036362464659393315
0.02563867245219828
0.03681615943063884
0.029515370998176582
0.02706623922692046
0.03784929972345008
0.03616726736328726
0.030059461775990344
0.030600374212264487
0.040559055151442786
0.0242079084254161
0.04848242748023654
0.029384661846148588
0.032743286092877126
0.03697850063909598
0.03704206675355735
0.024759100378558975
0.02448200126623644
0.017926756867133905
0.018425336560894106
0.025637222677540143
0.024654712693992886
0.029967220886606492
0.022304423978215616
0.028357240369221007
0.026656655694403973
0.03776430009906843
0.03203204466711162
0.021590375173005015
0.03305925075025333
0.042356194324443555
0.03511064367794829
0.018426585519991368
0.03399033050960964
0.02698042647019502
0.03460907825809585
0.03806566352861326
0.042742305623000756
0.03397105470176958
0.04667244231521061
0.041986233230369686
0.03164678026079435
0.0578035966829054
0.044843177751052635
0.03991284547611201
0.03172250928319232
0.052693905777191685
0.033197910515949614
0.05986355546039675
0.033546817248734616
0.038863237946419174
0.02946069084767401
0.038773556957172606
0.02531400484799759
0.027873008505561632
0.05180540372255261
0.032740954034358914
0.03122385921751178
0.02685505790142505
0.05408647297652155
0.04038698281476344
0.03640734659893518
0.03426191491109329
0.02485808815431108
0.047675033351966344
0.052048929137772836
0.03337086910109624
0.03828134020328963
0.05915109609521454
0.0666354762013308
0.04044840041370945
0.04151738597664035
0.022243760775652193
0.0591639876281383
0.04466579983387742
0.02585930196394521
0.04071040676995252
0.05494873091673715
0.06967525831971033
0.04624939978664589
0.036713386412709076
0.02342260077598364
0.019700837847383246
0.04269460090183144
0.03047332841281958
0.0262437348142371
0.04333071296346857
0.02837150484526686
0.0435110535589337
0.02693938889567655
0.04917336470707492
0.03011213353958998
0.027578596265723485
0.02485739951854468
0.04590266656061494
0.037710325559619645
0.023318953597640087
0.03840410084595997
0.033907276218026645
0.03106252627094792
0.025065575010714915
0.030334131075680344
0.048057016542298034
0.026228860583116145
0.029513137464062606
0.040031289956295436
0.04261353216261724
0.045357556504101906
0.037334872480807066
0.030487017291536484
0.04405514452752807
0.05906895902133983
0.03353754608669513
0.029342662853182835
0.029333282318213194
0.028050315339879197
0.024101795668465043
0.02997289885984498
0.038060564103661
0.03504169315793688
0.03513806436615424
0.041429924083391204
0.028755551518117452
0.0490665291759566
0.02665871416837478
0.029425571654977667
0.022455294673837785
0.028387000173935223
0.043732032120346286
0.061137517477904815
0.034820822918011196
0.05001621253193808
0.056643933779002335
0.039047983882813976
0.04467369128155857
0.03697867452356826
0.03538831458793992
0.04252398271041371
0.0400749738898543
0.02925494706882916
0.03526865065238528
0.05571811216740934
0.031240943128458244
0.038036335705334295
0.03174747969083533
0.028025206818544996
0.03763133550535598
0.02330851393804421
0.03707728147322084
0.04229532314570963
0.029017461154880513
0.03430389706356263
0.026806684290023638
0.0185433509911834
0.03389364389049692
0.03238697708354391
0.03712981400408036
0.05032057841144519
0.035900738945054224
0.02942441361636052
0.030861449610517303
0.03625100981888494
0.04488295598832594
0.027138574704652474
0.03314643662126447
0.03789181095731639
0.025895691063701473
0.032687274260214776
0.022702049312782323
0.022556645724338846
0.02537413256317018
0.027626660500240627
0.018923151272948417
0.0204018091807784
0.024328496178669886
0.04350721485168998
0.04750052447139505
0.04240635835386127
0.04495014566925789
0.047880809468930204
0.026615650207156765
0.053132899711174984
0.01620815959804063
0.026353528300568932
0.03211178380802491
0.04245296911730679
0.042747190695529944
0.02642619210177667
0.03413373841719271
0.032224972176869295
0.056304706813196354
0.03477948675404796
0.037597678735694584
0.03379430537662948
0.028438530070233163
0.026369923441931575
0.031469276780871705
0.02098597649754603
0.05273338132378763
0.05419970525897715
0.03172287902780112
0.043335479496853666
0.024928843154065506
0.05733947229230487
0.05137752839753966
0.042097021941136126
0.05853866804976003
0.061856832485132546
0.0488425924785712
0.038155839386816014
0.05371399081393964
0.024924828424685425
0.05788587143294138
0.05026113295641585
0.030824128313911806
0.02733147307897373
0.02654186091190039
0.02863769107700949
0.025232398309404613
0.0383222657129638
0.044933527169308735
0.03367900273349107
0.026904860655444483
0.033441291451633874
0.03700804772424509
0.02768714710948931
0.035984486974806086
0.053543384276794705
0.04883028787225706
0.0343473762362207
0.02570809746461219
0.03523378881604046
0.028265750692706246
0.017338851102525622
0.03376148286139106
0.0344494266780224
0.03445210292855869
0.02165992842401218
0.021962221940312755
0.02752455841454236
0.014452133711901051
0.028142155141975208
0.034537425868261015
0.0275649904437336
0.04212635603376582
0.02462455798588065
0.022212255048358633
0.02457364510789732
0.03421227779204422
0.031856930233292884
0.028187290316293228
0.03642255313847451
0.024061418509029535
0.03207037977343736
0.0421197186527747
0.028507354522804968
0.025889062967464425
0.02486089327974087
0.04144012183259117
0.03171736598458319
0.019542705860073072
0.02775219062299416
0.031135756363383917
0.03437693259052257
0.02408407973929848
0.032274207159553536
0.0294475821795648
0.05489463876298268
0.03771212685154031
0.03449489081331058
0.032910332538771125
0.051633295072850034
0.06205042417640839
0.021172657656095648
0.03896039736065327
0.03420363751298976
0.03475965173966067
0.04391123244256536
0.04903930488776326
0.02292011973984622
0.045990159298620624
0.04447564987271124
0.04175460405344541
0.036647439670515244
0.028555613283555988
0.024574417305175088
0.022895504397990457
0.04442744676224936
0.03461441630844582
0.03719081823301711
0.028867911684082745
0.04850946638248169
0.04956236236522854
0.06358779537882163
0.029917191399755415
0.03411183495693088
0.035412155732632566
0.046117782154434836
0.027777857626794095
0.03752978155833576
0.0274386058650034
0.03430591399485263
0.02595814566736468
0.04025596727244298
0.03627632957973807
0.034484927842948085
0.037360367566956876
0.0365737147504872
0.04486815344353075
0.0351067843348452
0.026985864935801684
0.03254193821536294
0.03136883586980344
0.02463723177316079
0.03248643905967191
0.041499129156164195
0.02824364917648919
0.03028739495854669
0.05224632547658788
0.030063036597197713
0.04330316058534292
0.018106625911220732
0.041979112908236964
0.0227255374841416
0.04608550956129751
0.06151856886071391
0.04644549719361933
0.03345246679852868
0.03112374980209058
0.03902465956962535
0.03396119343625884
0.03044328528001899
0.04071388915345722
0.026346595244589398
0.01810152416234625
0.022362709391604098
0.035020080320082095
0.03507008026794351
0.039466627848024266
0.033735625713479676
0.026175648303814584
0.03318175452463797
0.022408652428619336
0.03334132040149288
0.022150790517621654
0.03510151569555058
0.03795384337998594
0.039128422523786906
0.02940449676448318
0.02977286541996849
0.033070329793419846
0.0370089171978862
0.02969409403867685
0.04528443687272688
0.032017912850660676
0.022527836620008165
0.027887622494128118
0.019567886697661067
0.03581701625624326
0.04467000366509945
0.030290051351704338
0.015196773944930932
0.026158060093879235
0.0256599809455307
0.025722984879772447
0.020347368328333983
0.013486636187970134
0.03124096417966323
0.022521579992864624
0.0233082468442502
0.0335771388723042
0.02237203244730646
0.02087698143889578
0.023264864171657452
0.0265372282463712
0.022693130448717253
0.02996922767328738
0.04012011608984327
0.05638658054227086
0.03058740036173209
0.02865705140100771
0.023418222855022534
0.025509152292831915
0.028340554324226584
0.020602627094647677
0.029670462811898023
0.021668762344803104
0.03533718007548848
0.02937729519863094
0.02867224893516375
0.0252628776109829
0.030850718180457322
0.033290779813072914
0.02735917130202099
0.019284317139294446
0.024033289653364116
0.029207978331057077
0.03407699397412426
0.02297907039508384
0.019659123943406593
0.03861208886411901
0.030948650966830006
0.019083762836505758
0.03696021841622418
0.028031045964945527
0.03243004724572572
0.030609466665650252
0.019935070428769575
0.0197302934848928
0.030474455076998495
0.03795386300075395
0.03077847748923842
0.039781061935046484
0.03248462482638689
0.02186353257265519
0.04041214013635008
0.047235285133044314
0.014537006492855852
0.027912452553977698
0.020902868128985917
0.029967364843720676
0.049007094936673774
0.034341469690611005
0.026869717557379238
0.024084878305147193
0.026469223375932296
0.02504982218388869
0.018261689233657136
0.021918378665707203
0.0354280767030191
0.03289072001705034
0.0350291777888091
0.045160738825222965
0.03582848688020466
0.03615110177608698
0.02941549698524387
0.03405927015920588
0.04264101041438862
0.023521730931204826
0.025580900458154213
0.034633029431815524
0.04054408410705557
0.050123649156084214
0.035995312862406134
0.03323485642949106
0.03704724498116486
0.027581819570371046
0.031071442957230598
0.025923155014173898
0.021781912335697227
0.0367899215856736
0.04886280981710133
0.042102497670120476
0.04471776013979237
0.0356248468222828
0.029662109901564582
0.027528982389020476
0.018707700497091837
0.02634407634554674
0.03156623543176051
0.029331538723275336
0.044970169073200325
0.028925118376310937
0.045353026972435914
0.036347738590247855
0.02305829198887998
0.021655076102383188
0.030035629459027414
0.04986538564036684
0.04444744414224268
0.025158091751213852
0.02899477864741351
0.03295470683187761
0.016563842485633865
0.02155569747318687
0.02571428919016737
0.024986859991247876
0.04086218270142946
0.01895594274451508
0.016920177175983316
0.03266370758196319
0.028545898861526503
0.015942441545900195
0.02833767790439301
0.029033886119881048
0.026427325036503895
0.03222006184013662
0.026307847654687043
0.023624142599374055
0.02275443837779543
0.015802178366007336
0.0314585406050567
0.039305368041446964
0.0313206775018251
0.02505702055614585
0.037253348632634346
0.04111707643982118
0.028469772404062597
0.033702402061458796
0.03122808738568726
0.05234530976123839
0.040964206740458205
0.04941697021267088
0.04739202951314691
0.05550048698039705
0.021267161109717204
0.022126461920314235
0.03771733631162792
0.03766683586143791
0.03350843399429467
0.03477621125137125
0.048656830493293134
0.022340234361181165
0.02817414086632554
0.0369888129058977
0.025471027388431416
0.03675483794223556
0.03525707103901293
0.02568140123816374
0.03514407067344363
0.026231033641259532
0.04076515696509563
0.029607745651476062
0.020855921943445956
0.03686833780142512
0.021665215338571332
0.03863754554672183
0.0316131724268364
0.01805636523346938
0.02339270877859167
0.043650597741611744
0.02920531634073668
0.03262842730177933
0.025125393186530984
0.0345974914310272
0.02777729066836794
0.02557119075370757
0.03236246174582519
0.02765827986901028
0.029501430715305983
0.01557598489841188
0.0305804339687251
0.020426690239359016
0.021188123717466457
0.032467412929479536
0.02386722333101658
0.022901465260958494
0.03437658667691654
0.03428061574742347
0.03059708448389805
0.027205103276182925
0.014874298142171933
0.022331228725934515
0.03138586865312334
0.024299522009473547
0.02694481573976715
0.03633425923743778
0.04212654399069551
0.03635063692206768
0.028393250954721172
0.022353790894014618
0.036257616878112596
0.0438474301776911
0.017546492982929696
0.024861525073896735
0.027556993070362284
0.034740545377283674
0.03532988449363131
0.028798677959625645
0.02246160729630316
0.034696777299340044
0.03528369357791222
0.040666678224469024
0.03802250550167624
0.022347370200739205
0.02817892814971265
0.0297210613594692
0.042554152281534204
0.02964719196336308
0.0276829500821354
0.011198808909879732
0.025288493342932768
0.0
0.027904850047796397
0.05460452487021933
0.006999609524823549
0.06504245299204377
0.05533821819332911
0.022226572272845014
0.0
0.0277987437935602
0.05167606964739576
0.04241723215864047
0.018022587258770602
0.06611368034234659
0.06225924438121626
0.0
0.033308702374304555
0.047732795275370166
0.019210450547813847
0.050781342331300675
0.05480620600677588
0.023896051645617172
0.04566726308650978
0.0
0.033591242931454594
0.021475223898716374
0.03660552386594137
0.041393687451174895
0.018153898788475755
0.010187601263300407
0.0
0.05092937831839263
0.07558768651477735
0.0
0.0
0.05458059314266886
0.04494315842079569
0.019701512511733705
0.0
0.04088751043044809
0.04023810512747836
0.03799645069514485
0.06031070951489449
0.07111298331113458
0.07497650833633429
0.05909774874183197
0.07304262811874536
0.06134425186699471
0.053951373748771105
0.05321189113542749
0.05086479881668876
