0.04895504440353414
0.030022274304940852
0.02238672474578621
0.04172321532657957
0.03936833547490927
0.04083925859912732
0.023406484441045188
0.021602736915492898
0.02863403216442162
0.01650869742796575
0.06638089810824557
0.07206281376499342
0.07611540499315651
0.04792603575628284
0.05011392057662225
0.0495578658289479
0.023060616029322006
0.023983461605542357
0.04316425869723682
0.03228324457169115
0.07027957462335786
0.0542202310919505
0.03434290435476298
0.026713414915789494
0.03895484694774196
0.04764679856158225
0.050736350298727674
0.03131033559605648
0.05851218021515618
0.03592037385228787
0.029572681126881658
0.04300335679497141
0.022908227742111424
0.047692951051412226
0.06922425172337793
0.06651755254281168
0.06270387193015758
0.05909984941326335
0.048479084425599915
0.05792003778192829
0.07243921611709936
0.051029753496619805
0.05626258744218046
0.0464508715045005
0.03420338719366841
0.0679934362497996
0.04749300026619128
0.049940379699397554
0.03730927684161736
0.058094199518136616
0.04731613785266182
0.06783308194735617
0.04364267732011405
0.03504749787342176
0.048221011592043554
0.03947249705649495
0.049491030610354037
0.02652272139129015
0.07238374483294455
0.030651914781588768
0.0334443443817486
0.04318371804279939
0.06486498000647185
0.050783043929457906
0.05064349132104272
0.025258064388353027
0.031721374842411505
0.0543519472561126
0.044181896194406683
0.038687064659392305
0.019955753232150895
0.03983408329458577
0.03037544993722539
0.03960032512341281
0.04530827445155875
0.03590638645230818
0.029013583380126544
0.05086099434171138
0.026634640174982023
0.022289002393432584
0.04280404067812991
0.02576287110520356
0.045188959846804384
0.03259460137177629
0.0390517548001794
0.020869725218230464
0.042210439612162726
0.042834202334862084
0.030537797554280988
0.03699964010319053
0.04699177262979789
0.03689552009976583
0.04352340315738189
0.03542541029512572
0.0258024257951974
0.04645636058394614
0.03086815057855952
0.03038250912803283
0.05311159583411098
0.04743644497706979
0.07595572666918375
0.05067040048869753
0.060582759519430644
0.05253144862218825
0.04032317199526842
0.07204168926386155
0.0435155465882597
0.0497580837139052
0.03311099037721458
0.04876580707383501
0.05632703658754553
0.037679339376838955
0.05386667366414969
0.05234142233053412
0.04097741736029736
0.03788014420016112
0.05561226382473764
0.04163958526652406
0.04985237185120198
0.0385642478360255
0.03137840625386599
0.027273523086604662
0.04675541538124114
0.06379668675226331
0.055339041443855194
0.07362649966945876
0.05466536173106015
0.07557727080344721
0.07022547280462833
0.07364374036034822
0.04199651424868499
0.04788042129305701
0.039853297113970315
0.050211206123666655
0.034121093802990866
0.04047514185737957
0.07777244087417695
0.04406630361144897
0.021209030178466724
0.03265647498851637
0.038111034986675806
0.026568910728163236
0.04344129894982463
0.03636425936633938
0.049059654448371126
0.06332256042539758
0.033956049943060285
0.048301041379675336
0.052669746046560405
0.035988130123482696
0.02175026871098377
0.04758600801573661
0.023768538007767046
0.04141878310194004
0.028738790549153674
0.04421887386757723
0.04055477847916014
0.053940145149070994
0.04504326152523399
0.03338409431372637
0.020755627147042956
0.049874605088687185
0.05873713784478041
0.030620115017419534
0.015508358567058124
0.0423933051110668
0.05287238691074949
0.042423372251625596
0.03941046008815422
0.04727512979992756
0.062104043475668905
0.048621038311048526
0.058098737625528626
0.05097289336316419
0.06576569667936487
0.07087807008377857
0.07717021086766562
0.0651506444216977
0.07668629850910631
0.06872824038074396
0.03652064944094779
0.034127792749605146
0.022619077381813013
0.02143482447119894
0.03390172296104579
0.04384258506287644
0.03496873058285645
0.03572729475558568
0.036858798137833465
0.04162623157203748
0.05939520817188248
0.04608681403593006
0.036477985624513626
0.051097518888518455
0.04282611512850545
0.043715371450186426
0.041580514715183495
0.04183860721223478
0.04449562166687412
0.0299870326437575
0.04591895206513319
0.04192987627873472
0.024824542842383484
0.040705447921477594
0.04027036493266481
0.029536730232874446
0.025237499935365365
0.032991167301174726
0.05599791199064715
0.061370847784368285
0.047894522620028294
0.048012746781062245
0.03594635420056529
0.039464228345905614
0.03055677116552445
0.03858144680086666
0.026520800161801788
0.03549829743969336
0.043022950396392055
0.040896680248983526
0.029465202818650282
0.0386640064044532
0.02904591462762973
0.030605545294566838
0.0496338352815406
0.053030139922972085
0.04789252355848457
0.02895400848664036
0.02711990057282658
0.05309732455437108
0.037744035084235544
0.018712526493709507
0.049220635770782235
0.05664165950444191
0.04892837746936553
0.04413565353770127
0.04380856406920408
0.03370526858389501
0.023765219728628627
0.028242393356087914
0.05292739900883093
0.02005827099284036
0.026054305720083066
0.044319661793296966
0.04018309463144913
0.02311848109678094
0.0295961145066188
0.028105094666503547
0.03142861893247144
0.04645026190655441
0.05662802265366711
0.0403070059573371
0.04355196713652997
0.07047325835885689
0.04695958657411949
0.04422676788635683
0.03564119498197449
0.02882578806489947
0.05051623913084509
0.042956190027049625
0.03970546397660966
0.029049389174809793
0.05293019642821664
0.029610125508285172
0.03066435007515403
0.04792284488887943
0.028994708686318843
0.034859862568432466
0.026289524270562605
0.04469461890174814
0.028496501182581863
0.023225902596980905
0.024230564487302667
0.02941018251010865
0.036747811383016506
0.028404769949585733
0.044923431748827944
0.026643635660426605
0.040873415377548586
0.04889437870744968
0.032977873143404814
0.03762439652256903
0.03613392592149378
0.02565659006883029
0.039207824076814064
0.03650499028421489
0.05366526145177627
0.035989413894088315
0.0494860983254108
0.04861296109689318
0.028397181455658983
0.042507752998060706
0.045031004739850077
0.04500161716596581
0.04194813066979341
0.043836494393663765
0.04055630113037432
0.020165355028116883
0.03182569240010742
0.03904647914934204
0.04023719281123029
0.047629537695239275
0.070793453794592
0.04321555292501068
0.039078245327284065
0.06685505308688336
0.04218527519834383
0.03824729491936506
0.03844449643316975
0.05426370822209869
0.03729024033051947
0.02660143880237811
0.04274881948624752
0.04533698854146885
0.06363187463155313
0.03456633264938768
0.05338742211241712
0.0587913244970057
0.054322626490553846
0.07657959380434952
0.05345831384125394
0.04314644590374735
0.05259643910059402
0.06395612695955465
0.051422337106012996
0.04177353152607522
0.03485716621681495
0.04157700890292121
0.023392205725144874
0.02286292925512832
0.04667570734734501
0.03395104661126076
0.019834719912315453
0.03645795938560599
0.034269523367563746
0.0469161224263046
0.023177085237602927
0.04171070353806081
0.03624739378389849
0.025248883438459
0.04172489625661158
0.03942706525345248
0.04006186361416553
0.02027136676858933
0.025902340505573326
0.04184098077377143
0.043229251692285815
0.046042029736426675
0.028946674536982638
0.02842118344943903
0.019896776210118972
0.02710751709858358
0.04196152888212011
0.04302494293979043
0.03246099039531056
0.0385590309909364
0.02648689280254167
0.024989114343382916
0.027238200252586445
0.0503533947017835
0.04374148400902995
0.038425865960214876
0.046715439650411056
0.031079596063585263
0.04518198160826219
0.03402508884365908
0.05444089289114937
0.05969216393177627
0.03516766949969812
0.041549607762889816
0.02971198515236646
0.031460703191714554
0.029492580886209274
0.05289925468585135
0.04776528228614376
0.04004937312072593
0.03501213316534891
0.057466193987011666
0.05410288788927252
0.04946823319774343
0.045594059360973785
0.05656948319520186
0.01984348879596414
0.028696111757154887
0.05496501085890915
0.05305404178890509
0.02665836477399424
0.0671138965983284
0.03225979312808221
0.043233913402125713
0.03970145966224039
0.028697634347189742
0.04619505176737004
0.0301493937823706
0.05647825537049145
0.034110721502842015
0.029601026575666798
0.025439735205644933
0.03897694075014093
0.030196901949261855
0.03468248376071839
0.04534361329272292
0.029971688437799
0.04741028931823131
0.03830349378842616
0.042791289515975155
0.019922464679072428
0.03758227793634931
0.029380587413149716
0.03489044142383984
0.046294921113905735
0.03813269739728782
0.03362320964843333
0.02531867921155793
0.04178183474193661
0.023910010839983377
0.042187056337157566
0.05156224453954292
0.040775449757513474
0.038183936790750106
0.029551059004317707
0.029618560587652543
0.026291274244568768
0.03606306382468541
0.027178463903035435
0.03801911198022648
0.025473325971508417
0.03456407183613258
0.022725504106962183
0.024464447111517195
0.0211812325105662
0.042937028489172385
0.019355677277280214
0.018771601499072997
0.01949847972367191
0.03301263198501633
0.040323971653338106
0.021939763906964293
0.027629854856502517
0.03358089110312589
0.025089463377193918
0.04652614704271131
0.03875121532236121
0.0549070090144844
0.0434313725248107
0.056132858736364734
0.035887774998365866
0.04812489321156987
0.05589982875029673
0.0727368816848785
0.030396203132774406
0.033364121868595754
0.02281151064216876
0.03693424366808309
0.032885363434969055
0.05035443048908395
0.023767671091737195
0.028610453320202706
0.032925256284331135
0.03013926107071784
0.06201366257577836
0.041597375194385784
0.03800500022786476
0.06865639506427794
0.04233782403336291
0.032129794724912245
0.045557557004601366
0.050606278482900634
0.037142845960262336
0.05365498891063165
0.035009642471182115
0.0286953422276595
0.029011086886453197
0.05699709799840697
0.03799632329265537
0.057048373405382935
0.03401730549529171
0.02853209386562201
0.032296469088392996
0.03408970192191476
0.019682813176869714
0.03345457729052182
0.040143927209977816
0.03667840983012581
0.03638385144109267
0.03265156917331847
0.025281676677487167
0.029300218643476976
0.0336267831183551
0.03091570675419065
0.037814971841520675
0.038927746715772656
0.0214390282739991
0.03503024545549889
0.05209074997053823
0.044369085955489614
0.023340472810906506
0.05258417378105424
0.036090840122819004
0.026554018090280296
0.0296586814679015
0.025916271097806285
0.022786853152371292
0.029336517283285332
0.04140921890846166
0.029485922799712783
0.030221277846090917
0.033408074623825744
0.050702962498723386
0.03208777261401742
0.03086786989901477
0.026898154915823206
0.020444956448528343
0.021214237240746236
0.03356325738769255
0.03071477593160802
0.038588284324649676
0.04440545002136559
0.04773482130478753
0.03623961905612882
0.04576501800677018
0.03592979531206188
0.04715295675975685
0.0295569889345143
0.014649452477444064
0.032782581049087614
0.025805695798925204
0.03991241078812458
0.028322384637641328
0.03713620691454633
0.036955798963626864
0.03856969389462408
0.035643926480366586
0.04228925696601449
0.044902133844625054
0.06803252816840351
0.06273058510117312
0.028094161425240995
0.01578454160373371
0.029533328106363603
0.038673113582806416
0.04503830637667257
0.06965995728467148
0.04143294308651029
0.0614779270461833
0.043930808267224015
0.053123781010360534
0.03286355221023738
0.02943906190123934
0.029514006396210553
0.0382461777692883
0.03545828530154316
0.03773521000657072
0.024690856002273446
0.025250037766748456
0.029186538799780812
0.023377630894725013
0.018158394012932098
0.01731837393653218
0.029423029379873344
0.023563265237794742
0.03515156670409585
0.04841504156320006
0.04602727971582061
0.036636540879291614
0.031843439375325064
0.03913770577077809
0.014242866702118719
0.019931208470246986
0.031085287022158885
0.03341511575191084
0.03328702963704641
0.045233818310873974
0.04115441589540054
0.02029722371272601
0.04024936136712111
0.04087367945616104
0.032265651118946845
0.03556029852719358
0.024997022052769977
0.030597903840369627
0.04537564247486681
0.04067906603755172
0.032583821247754594
0.04196418446508404
0.028587397719537146
0.023747123042966188
0.031184818036203318
0.030907223203079925
0.033048574765033374
0.025068664621173735
0.030733809023795113
0.030099808228209714
0.04692224625416381
0.04081441364904745
0.03933496450894228
0.031230468886792113
0.04425296520884922
0.023143969100418178
0.030808118555636015
0.029449941624163967
0.028507276305065225
0.033344809756354975
0.013480198935228362
0.041970972578847854
0.045879050437357585
0.02175712759779347
0.03300680030824141
0.02890542441741956
0.023096131107203
0.03542031459223076
0.025348580198767224
0.03878583406528732
0.04229576785618584
0.021764653098698017
0.041347336294682846
0.04032139734917426
0.03840906802110669
0.04372396643443959
0.04105048913609316
0.05528718794169225
0.03984958429845903
0.048928857667433885
0.0366115397253721
0.05656994412754666
0.04211598341748911
0.05438824528077933
0.02817880214361304
0.02388820715434471
0.03327383251478883
0.0355196601498004
0.030740356149892376
0.051234083791470174
0.019657849084398833
0.03167709673495279
0.027202047998879302
0.03600805021202894
0.028799205826419903
0.039897160188646266
0.022486276588268222
0.03060523365884055
0.020779908847610277
0.040347477132560566
0.04099108448208526
0.036006333956651364
0.05172654574338307
0.030181498552343304
0.05280893696752233
0.029886522373805936
0.0518508617729735
0.024609126204632965
0.040311159689726254
0.040690263422285634
0.04155562655439242
0.025694963304550966
0.035965607060635015
0.02571975262322713
0.03513303070217539
0.02591561834830497
0.029114920813905706
0.031312543320883755
0.03642637044093193
0.055497017770226954
0.03418546583141892
0.045663066864808775
0.040423297566193186
0.028354597982514267
0.028245835079411842
0.036215373462660766
0.01776909151057282
0.02620710059421985
0.021236877216033644
0.037832360784948275
0.02454541667186677
0.019613785713370094
0.028346788369603908
0.02235352153666166
0.03954542330184937
0.03763229088482392
0.036576435956945014
0.04793588987416184
0.04088807416643626
0.03032458119764395
0.04083070668090991
0.049633313022303886
0.045431461639264925
0.04812879693722874
0.053313053928345386
0.04566637807315134
0.03108241486183342
0.02621769371650101
0.03145579181266708
0.03435263903820037
0.048249476474491425
0.052358393406247046
0.054245535045650405
0.039576169794776746
0.03382678284863769
0.03257367545358609
0.036067286972484534
0.03557201778961937
0.06480673912518663
0.06035440228364127
0.0505980199526128
0.03284610852616327
0.02919004312412239
0.030176262418589173
0.039233274224502346
0.07461382445257717
0.0671286879788366
0.048421613277543775
0.04650503920824068
0.048938978362037804
0.04209691686816925
0.03803386364642694
0.03492660192092123
0.030032125044743757
0.041042564923724295
0.021454442420057316
0.026002349667332385
0.03538637898083099
0.0315876595629791
0.039716343493831296
0.039822965493387125
0.027430462256859557
0.02321298683687417
0.02985853155611475
0.029997207601291848
0.03928917243872672
0.023597989589416796
0.029229493805268493
0.03594212476069169
0.02976783624393206
0.03215259865186826
0.030710117699112353
0.03037256356516515
0.022072083949842412
0.02908376325949658
0.022549008184051967
0.038806286005781385
0.04129844050806763
0.043135659230888836
0.035860086904439245
0.04098382612605398
0.02313507160186313
0.029653523215800576
0.027162326029323336
0.05058042340799057
0.043677969642486825
0.030056005440783393
0.0315213344617578
0.05390117016680114
0.0405689799107644
0.03285677082515118
0.030055946342654072
0.05514126828436576
0.042617294759174904
0.030275731766548585
0.025930239519960062
0.048610320476623135
0.019834548554815538
0.017941290561904053
0.03669844474603489
0.02663025771861766
0.022250860020832118
0.02612639830176024
0.04052000419545883
0.03115796477828743
0.0335540567240386
0.039346879594702434
0.03410825547521449
0.039837499867430196
0.02584904683968055
0.029777760666869154
0.022975741917654478
0.01935186996706576
0.030542921698633978
0.02914444134178929
0.027723070595123907
0.02258679245094846
0.03520655116327784
0.05059940181701748
0.03753288877025054
0.04709450423860516
0.038842686875652656
0.026237405573383586
0.03815402768749028
0.023349532993188437
0.03748434574296019
0.03450057990758992
0.022398527473921202
0.03042750908820004
0.022077615179180925
0.022611812550357317
0.043501180369681376
0.06167667887556855
0.023698032850850762
0.018188778591941412
0.04681442489633936
0.03598938960034696
0.032523587219979645
0.0343037952024903
0.01830041778818771
0.024653331363800098
0.03886826569263306
0.03615016156768885
0.02080087032634295
0.022726441037307723
0.03696298549522212
0.014419897017662726
0.027690550250717268
0.01902498692947425
0.02369734645482486
0.020086371836535225
0.023526528871680448
0.026064190835895895
0.014868835058604968
0.027424166963191336
0.022655669494018985
0.032947236888129186
0.03248926607871189
0.02777938381021072
0.032940080533531646
0.03644358227726801
0.03451768439626275
0.02821207208310337
0.021045057841582573
0.023539171985815042
0.03130040744321248
0.03771098275834247
0.0252349156824208
0.029205792266242064
0.029028291955606873
0.04417380412880525
0.03177371612057858
0.02221361074459136
0.031030096454047675
0.0242687339827401
0.023527563227042875
0.022931176247801534
0.03288117733768397
0.03267018888996902
0.0326416974933351
0.03267085961213072
0.0420981537362454
0.050118453681892466
0.04571724129376687
0.06289695646662878
0.036184366832834276
0.03974488681334449
0.03304632223815726
0.028039353305701537
0.04680657406083568
0.03722633426487219
0.018769535295851666
0.030066505887243616
0.027270550940861484
0.040044141123421445
0.05046188127741136
0.03918576726100088
0.026454707885601354
0.0222634284956044
0.029185747433674216
0.04717229027778078
0.03620694220540574
0.016862134836372302
0.04209318371271648
0.017993128765077707
0.020922702725057123
0.019214432255179627
0.016051096085799115
0.0329431236755108
0.028822127763447673
0.03497511347744277
0.040196456766237565
0.047465229703858004
0.04209545959260334
0.03242462836418567
0.039668378210974166
0.03953592972300641
0.026339837277638983
0.015375816831057263
0.025530877172988416
0.025971838596218058
0.03757626583746328
0.030154659696103057
0.030462805784556343
0.016778566708783894
0.02744571842384729
0.031855346158673095
0.025898620533834554
0.041211963426898264
0.041119551879853854
0.04354523283107461
0.04464075777045008
0.028204303869760267
0.0316072368225309
0.03485746506578615
0.04277515075221823
0.017947871574716064
0.03397956481475301
0.02857718215989811
0.030818282831245936
0.022349607503389272
0.021587002470622615
0.03838248931218506
0.022490177297853572
0.027075059006809624
0.042359008576984
0.04049993114268842
0.024283491590224412
0.022253870769423954
0.04346569171868006
0.023243751480535344
0.029017995782311123
0.044315407377745586
0.041428392791900574
0.0345240037998926
0.03723177169998757
0.04593284245806891
0.03455420918734071
0.025124759115760686
0.04711005508848405
0.024644204200221644
0.029177654970123233
0.039815236210526246
0.026071925223791953
0.01441568961733478
0.03503703788873144
0.03846867335222264
0.03438010010983829
0.037368359432646964
0.040125698194050145
0.031309906550838214
0.024727416349317622
0.027505134173004882
0.025706963769570268
0.03652766568123398
0.04780905942977746
0.031155877429066347
0.02295038033590075
0.020809357331632174
0.031024113019821713
0.040549902259438414
0.033232827623827045
0.029313556301863216
0.03130134494618405
0.03476480857131246
0.030399803538633318
0.029217480963885264
0.036362510131487086
0.04816322096585271
0.047996754192992035
0.05257888819371799
0.02159837601662575
0.034842068445423056
0.042666809591531456
0.042471813561728425
0.04385045917819894
0.03187645071306563
0.03263220733225078
0.017478286023902213
0.03324778819993142
0.03564421751981662
0.03758874684080994
0.05552371092821507
0.02917685843266889
0.033526114695860594
0.037012560884410836
0.025611654408795138
0.050101136508067246
0.06259950048098428
0.05324920719480236
0.03658146095474232
0.05378590624169121
0.035590892040661216
0.016621026001223043
0.032937213548811343
0.0355676447737266
0.036912974996876145
0.031976324078331744
0.025761798291025883
0.034150866608696734
0.025153902487155624
0.029674007709703753
0.02802916598118157
0.028600805894939404
0.03257399849914374
0.02215076397039664
0.025365907552977036
0.029821461552462583
0.01278896106457085
0.02206379802602737
0.025909432501611495
0.03020789203792605
0.028209732585679676
0.028112019068560486
0.021138684932291003
0.029728031179553374
0.026090283489500404
0.029135801127364486
0.04101728252919743
0.032837296474858904
0.022890230975486238
0.03192282997029711
0.027326176626085157
0.03164695025590936
0.030696584815130445
0.03310173391700944
0.035657486186088716
0.040454609283893724
0.040849751987986405
0.03135847509933416
0.024961692330449023
0.02828456773185287
0.025581761806238296
0.04169204785855458
0.026257531582624064
0.026975027568722432
0.023597308706449945
0.04404040014388296
0.029561513173569347
0.03611712984474572
0.030029319454308107
0.02541968641514766
0.05987876682305671
0.0589631412866356
0.04019553741847471
0.038218805639632425
0.0456187718653188
0.035476096467277105
0.03817173961264485
0.033838864214588066
0.03129024385757751
0.0662509726163491
0.03473673946270714
0.030885347759450954
0.03201375275651949
0.016506370494111872
0.025675407918430065
0.031266778205202655
0.045480216550056046
0.03101678028201024
0.03508784367365251
0.029236844276053713
0.018514244825118955
0.022988570701304806
0.02370954815165318
0.026374594176972747
0.02519235392256939
0.01576251656620861
0.0738026406761351
0.0
0.05782715151302196
0.0
0.058603838167020514
0.026962020856938773
0.03245334310291554
0.0
0.057458552053121344
0.04555028295591152
0.008553344893812011
0.04220470730881214
0.07738449590339466
0.013777003601009316
0.02247254358511737
0.01155442550583976
0.05325557578895222
0.02177224249212118
0.03309038117152024
0.04783380039836422
0.0
0.0
0.05333664986579352
0.0
0.03011943507106342
0.05407843063174641
0.04936151804656244
0.022358651591721762
0.024589700089671703
0.036975634446889484
0.04194524490332614
0.051248359999074324
0.0592795924822122
0.01610057676761925
0.0
0.05663824299959903
0.015971434711697017
0.046200427283340874
0.038538636467835695
0.015788489383091752
0.0751779917553491
0.0204767187068632
0.04280513707145558
0.03720120154296093
0.027072125729244095
0.04309523063605434
0.042776825456859874
0.0
0.051910509194921704
0.04803136643966335
0.03356172979157214
0.05581172694836181
0.059071874929332184
0.042152931652364174
