0.020676491478546322
0.027508549444773617
0.02476146649786721
0.027860323247287187
0.020926534907623855
0.029434974922360652
0.039915446151602564
0.02181264075072068
0.02072510854784605
0.03281983402344577
0.0319388042348665
0.0312610309193233
0.022633372081066448
0.0251822889142349
0.021797041896550937
0.02263940865217108
0.017084935721272065
0.018352820736878613
0.02232959308361886
0.016717932712733925
0.0170368803681895
0.013849223389778915
0.01912641926269783
0.012903677434488657
0.022611296858232315
0.022130896857561012
0.022627331850981494
0.021816769598636647
0.022591417249920344
0.035949930081746344
0.03897311330584199
0.011753489559195814
0.023685035220585977
0.016699521484611467
0.012851210880950757
0.015195541735946396
0.013071947024108943
0.018278045228309496
0.011623416540114154
0.012419244247000968
0.01405229576735896
0.012706840014950834
0.018560462503845885
0.01946921534268909
0.02286991527516308
0.023361161838392274
0.019147039029720037
0.03107555775028986
0.026658696980160174
0.014624884279456732
0.018948576202741756
0.017736713455429095
0.01294970569378141
0.012822883884333974
0.012638461448205685
0.018687227100014005
0.018138010436649313
0.017610461745082084
0.03038303015893726
0.018016277602212916
0.021017726138666874
0.018065402121527747
0.02655888996852087
0.019389017532484686
0.026234956156243144
0.014317394302910005
0.024124067621015554
0.01294032457089086
0.01576073211537144
0.013871953746678949
0.02159570555087275
0.014483927249282184
0.017113680799874628
0.02228024101221751
0.02202727607036334
0.01315655891350185
0.012783611000895733
0.012746925428858892
0.024601476998907554
0.021729763409664687
0.012688884041641377
0.0219578882500117
0.014287806151575492
0.012847126691296428
0.013113828574786521
0.016996169114244574
0.012819181192433606
0.016798054941346677
0.011414904401702114
0.017636030521507803
0.020916836887063018
0.013722480827550789
0.017040533725209372
0.02705285419766278
0.01960835316899412
0.012964580423428934
0.01701320874849895
0.024623605699387173
0.011302652976735165
0.012715349547342885
0.014552178447315031
0.019669177799605676
0.01176624902262818
0.013028335857745741
0.019859207412746875
0.01710949731231168
0.016709681028149563
0.014905415351894801
0.015681140260676157
0.013636112846500634
0.012692574924822154
0.01268335051247203
0.017001443765751086
0.012706993586210706
0.00805668120257969
0.01656967252744195
0.015750221931416945
0.020553742854100894
0.02227009964475918
0.012772919400043166
0.012808591777917391
0.016714051861382945
0.012706296339479393
0.011111615212245263
0.012769119894843582
0.020758272476302065
0.02262989059996536
0.024826952962468517
0.020334503148097826
0.03368556029619474
0.02238434414764024
0.027998529475769866
0.020969287965021583
0.01701147093633002
0.024520011580317195
0.024527314777415002
0.013190228028691884
0.02411683312294553
0.01602007694660052
0.025366110763538986
0.024349733070444288
0.013050362222516574
0.02251384250934322
0.023559860003828568
0.02203307215336982
0.022660251853851926
0.02512286114490955
0.03449593771023269
0.023693946202353038
0.03262593145924472
0.020446513508067823
0.02350704692273358
0.024334688103566843
0.029951953040354157
0.03178341772724723
0.0240714920791169
0.03130273969089007
0.01825340711030906
0.03401741196367417
0.026583807499453483
0.026076554895683595
0.031178279432527673
0.027234627396467197
0.03167065707638212
0.01727442850960151
0.02899368669555494
0.02668955505553626
0.033069369228016524
0.013657086581942215
0.022766523521389935
0.021120112522027994
0.014314615173156253
0.020877288277935068
0.023685297344977485
0.03558613006934725
0.024989133938186553
0.020245609706442534
0.03653454485559603
0.013009687813318226
0.01713482643076669
0.02014173838699134
0.024046420468751682
0.014007940652090836
0.021591736078300894
0.017821972805500477
0.02667559291487251
0.014205936466452592
0.03183140208462914
0.024658342562175584
0.02387445645735788
0.021087238146566264
0.03525492104396674
0.02303521513417609
0.02139684333914706
0.02897562517013225
0.01686756588841443
0.02562227337363593
0.02339342410251224
0.017366964871272032
0.026416071729157616
0.02550054065113135
0.03383974625634585
0.025783331646735578
0.03457453072875271
0.017439265333149725
0.02300587071573013
0.02625812716569862
0.02435612085173752
0.026175034209358933
0.03107175254283762
0.023051823248118553
0.017820516254113808
0.015693662032135403
0.02245535293400278
0.016432012946276556
0.01723056691545868
0.024714731593404326
0.013414147153244162
0.016294681572698005
0.015774586344735032
0.015552251925685852
0.011676696464896831
0.010555901298483855
0.012822614835646165
0.01267269172933149
0.017634138661361525
0.019823861662965667
0.014013718390840313
0.012746886927141638
0.011467955026943566
0.012683803412226245
0.014086412730890738
0.013756223601620411
0.012917473278040437
0.01757864561449493
0.01269734000577373
0.012666941062817369
0.012773941339043854
0.012763972622624645
0.013628650398608794
0.01707988615652924
0.013272735647015527
0.013432761369130299
0.011496523045034113
0.01704699590287098
0.01302107088103313
0.015764852066781347
0.016872919269868517
0.013668160101328836
0.012611451643468892
0.01259129412641043
0.012680698320238154
0.012676095271546839
0.016457470326740845
0.01233412567725097
0.01269631366009657
0.012432430557037372
0.01585035517938006
0.01700884339094229
0.01771144730082778
0.023561851143562334
0.014280845565936388
0.01635824522077856
0.018043375108138658
0.01788593909639637
0.01744924469656568
0.021365726918445817
0.017097141826194182
0.01401009073315056
0.022097390487750456
0.011449445790326484
0.01797063614963036
0.019196132803900902
0.026529919757287728
0.022157741729754384
0.01734428724969695
0.017670207329358072
0.017656685649099356
0.012422044325400776
0.02403555269225615
0.01389287082238579
0.0130787617065905
0.026079378705022853
0.016665313502151693
0.010890756525030734
0.013642418820447508
0.0166378946178032
0.018764247839042198
0.01701518817529285
0.022102096249974237
0.01949173631194627
0.013617346908562072
0.02827581525193119
0.024225272953828585
0.019003332598257584
0.020761410180609115
0.012761294069698885
0.012537358834920367
0.009337554533531025
0.015551991522390306
0.02757312067283799
0.017102026795675435
0.01717817055800764
0.013997822949778069
0.017998541650799258
0.01243238760460395
0.013545413003834317
0.012482662705617816
0.0138929821755046
0.020066196409910666
0.02197650311491799
0.017154537156099558
0.01453729975308727
0.018901466783361034
0.01395050152822077
0.014146357403154244
0.017918991212188817
0.030516765323610646
0.015522692006382153
0.013133076960272674
0.03026603637146574
0.02587270242187905
0.01791667547809865
0.014106048001556697
0.013985741794969428
0.017367756211223755
0.015219297458325759
0.010188342941268162
0.023557193728774253
0.012083515085127308
0.013856483556644412
0.013881807995438597
0.017017358418979195
0.014888995210389395
0.027541376820461747
0.019400998062277606
0.022890902508177532
0.024398678924397378
0.022638639596053455
0.014571885138855553
0.013820932132095853
0.022416723021614373
0.017809300456783802
0.01715412301387045
0.01668701793311193
0.012465017756371875
0.0170108654900332
0.028152426668323734
0.0176812191427326
0.013625837163041577
0.020557066487353597
0.022270569658354077
0.016952747443125568
0.024605319372729136
0.016005421712852477
0.014783803947789158
0.011348859891223664
0.01908778214617926
0.013024364942675743
0.015097930302197084
0.01763185443590346
0.011304342089574482
0.013635571911731445
0.012518687933778574
0.013094537644037351
0.018138066484950935
0.020979250014833677
0.028723622222643967
0.020031866827694794
0.012183134225949412
0.02805699814319455
0.013287212888086548
0.013208745691859688
0.013969168553751684
0.023493675527477127
0.017967951076308785
0.023078498636609802
0.028629882977828546
0.024916281891655605
0.026374195346633808
0.021197563201471967
0.017307766342823636
0.019407924167720823
0.017290167241527783
0.012428934257520969
0.013218827666627636
0.025813802758214453
0.01586244138484046
0.022328366264462794
0.02212677148704709
0.02420074007215483
0.013682198641543897
0.018146676977135547
0.025900997934442668
0.011945664090476487
0.01347486766787209
0.017616842227326065
0.013559680904144491
0.017394135596803903
0.02474343213945876
0.013413163762181952
0.01733988861299602
0.011275355709466552
0.01704106084608587
0.022631849431442846
0.020629199799313616
0.015552288016960708
0.011058504521407988
0.012436435582593629
0.02013935520516985
0.014605548984033465
0.013050068292711896
0.0145270181128131
0.02440781372347802
0.017536499961192074
0.016845413906461305
0.022009146685357833
0.021824278925233725
0.024928860556485997
0.01685263560277738
0.01392840878440985
0.012764152833445539
0.024409989376505487
0.01687857387696013
0.01372080462721208
0.023189590533577813
0.02446147753401142
0.012439848449416228
0.023906090422394975
0.018682469891968388
0.012846839704691752
0.015671800393162374
0.012650730489624302
0.013759228098382021
0.012862621024182183
0.012849873909627822
0.02466843387542293
0.01679664896265692
0.012522076161922522
0.012644794615616028
0.016850646848211064
0.02196561037708753
0.023687828698047784
0.016879540682435665
0.016893251483465238
0.021936773362267722
0.012425626149034
0.012260834215772872
0.021963008082569242
0.0168756847789949
0.022101597087668255
0.013182689896087216
0.016616059356827067
0.010814918404714153
0.010806861315821573
0.012917715414793753
0.012341804232589187
0.012261225070204924
0.01224105977115994
0.012216677751200085
0.010753296004278176
0.012879477127456166
0.012830098366687982
0.021332249997447563
0.012350817290500807
0.02100567409234595
0.016869421654686342
0.019250882523377717
0.01759061986463867
0.012247992648638831
0.01566852239762895
0.012556401098864101
0.011185682625570962
0.012272340100766787
0.013921386511287798
0.01744148949266938
0.025719273582657683
0.017189757942030467
0.0242862179428077
0.012879743610974735
0.018714100355948195
0.028163218640522802
0.01717067872985807
0.02483028478033428
0.019215218409505515
0.017205568443187217
0.023293477609944813
0.020549067300692746
0.016625103077800723
0.02452103142672427
0.013509991121141927
0.016892310945812002
0.013124935242845545
0.016611558892578388
0.02833052760169493
0.017195589988133583
0.02341340170180317
0.0177706886884442
0.024588053187879676
0.017989387966090342
0.01287551625566915
0.013162989398773443
0.01821652045787274
0.018527022639664065
0.019754604238399434
0.021383270907204436
0.024101616495605643
0.02047391310766215
0.01713764363617928
0.01583422421230532
0.024683161715250347
0.018340682647709692
0.012367338803836867
0.018826178593782626
0.015323303413938687
0.0180699752975931
0.023554770671405385
0.02040637917151399
0.01775822982232462
0.01891958942663661
0.025542724367615895
0.020449788100613667
0.012613454166087914
0.01885209275352476
0.011431611436084777
0.017149869300686384
0.012967972028381701
0.01757570914899312
0.025992020804577735
0.012848097904359236
0.018807808372067195
0.012531713284880272
0.02239243337911548
0.017437484373899824
0.01631190570557283
0.020061457084160152
0.013750094662300384
0.018591335522293733
0.012264683265421553
0.014079812093139755
0.015623060903296923
0.018547804500198932
0.02420172011804946
0.013214888816953579
0.023311867902958788
0.018552222394096093
0.013255837271850335
0.028248865201278426
0.0182322326773218
0.024128159951392895
0.01496612317498719
0.012827874999390983
0.02201967356327822
0.019180221606181273
0.012791471477381574
0.011791482539872795
0.020320744189128492
0.020324530483226362
0.02989959757288735
0.0181239188194772
0.011985441138731616
0.01775204173250221
0.028014999116766054
0.01832062409230648
0.019591842800172378
0.022730227324932864
0.017892123379087778
0.022461663155265797
0.015824288342432477
0.024822070819446648
0.023753971343459607
0.012619725515636225
0.021919694961527274
0.01777942812763178
0.01635345601859302
0.022429838830765055
0.03852475419116652
0.022677889482930372
0.017549784596462267
0.023825829887835093
0.025828907525786367
0.027895850477815246
0.03686933407598241
0.027450071496125415
0.019844323903827038
0.019808504115972524
0.01931344235403162
0.02255909842810413
0.012995488208519774
0.030827460632729786
0.017914182818719367
0.02151762132299947
0.025876912496017243
0.01745640166471885
0.02033428271378832
0.02397025985334535
0.027809433036571466
0.026323098011489753
0.032419130967696
0.019392133907028545
0.03022669176133902
0.03462963201166756
0.017476599694702874
0.017503686827708642
0.012316288749276535
0.018393715300680794
0.02436825505538805
0.020915098791363638
0.017423754723556773
0.013288104546715645
0.01768383561511754
0.02148506411585735
0.030407647730141773
0.030219596498040808
0.012808350370884345
0.020448468462836628
0.015413638416098328
0.013011142690487388
0.012930928565093704
0.018687324990819307
0.013311030993544809
0.01521083083420053
0.01728185303721797
0.027881424121725767
0.0143485571593647
0.01463881201540015
0.01606382529038458
0.02646307137471637
0.013115311501362694
0.016132347727082306
0.017327033643670456
0.01690715862253321
0.03605875950308375
0.024395240913387635
0.021140761766785976
0.010574029790009085
0.020289428021618705
0.02088164330985474
0.018000947194214207
0.020922894060812883
0.030419959922630524
0.02422069021229581
0.021753744962189795
0.02088623767832783
0.02048051304180695
0.01995892249026735
0.01766219590525357
0.015375803736986347
0.01711877124947803
0.017448418989696467
0.015208755755265858
0.02122552573047354
0.023259455455156234
0.01670831200001964
0.015819463852974135
0.015812843098640485
0.016002367713658015
0.020135293724204768
0.015199207397609776
0.013431793431175825
0.018892661856276995
0.01358993988213343
0.0245807186477369
0.030193673186246755
0.02176944971398594
0.01821604525290365
0.028986402253647812
0.016866321665674505
0.01788283753866602
0.0176311621525894
0.01358215659479578
0.013892685947019022
0.013988502212966856
0.01451955392596707
0.01384070229920815
0.026395557474981353
0.0299451544978142
0.024799766864943642
0.03330861383075755
0.019026527047782536
0.018676993340471
0.018246355505963405
0.020292414199399735
0.018257737149288238
0.02566674363678937
0.036240053216893386
0.0204547392097501
0.015938086251492085
0.021673238394850046
0.029301820143503427
0.02085115105216017
0.01421286533391501
0.020050362728950766
0.021754507888711267
0.03242139664210173
0.024572659169084635
0.017905513410120373
0.01604692226916115
0.013156840088376516
0.017591115031813633
0.013219309406602948
0.027149404995014854
0.01696111395516226
0.02695015454501136
0.025257362702124413
0.017791332999213132
0.01911443687046519
0.014239200401093456
0.014062468251075246
0.02569146772884922
0.02221948853416747
0.02122449498292009
0.0218376048686664
0.01325441569188671
0.01723179884864027
0.025082633747165465
0.013332591421025285
0.026002033734028443
0.016749032529895565
0.02103954607136021
0.022847791592770283
0.021253402676277587
0.013530068341783531
0.012852429999377114
0.018317086273818155
0.013125565304228044
0.012821444226860724
0.01721292133471247
0.017846208358079915
0.015144440933474525
0.017814686783662496
0.023607541359489247
0.01833009781970619
0.018781072315853835
0.011459522467690421
0.02241391564988148
0.015209992850097016
0.017509203110435925
0.014128939258221061
0.024438252704520484
0.0209325136589788
0.014836877436391331
0.02311239712930053
0.016137315799792173
0.021549735150634707
0.013979772434217233
0.022270221363066858
0.0183660338005379
0.0142300826288888
0.01718036400953135
0.02009532311813433
0.015013654921807403
0.012772225526073759
0.022326092019876623
0.014239273026123909
0.016425607606721862
0.017798640016585536
0.023518646205936262
0.02322725279843701
0.01736377073463592
0.023103562988422317
0.01704703739539516
0.01366456188695782
0.016675037544935208
0.024568322226802563
0.024868845138043705
0.027956027833406904
0.016941434222048662
0.018256229794579706
0.017151647988458727
0.03653796316972034
0.01617348001165797
0.02200234842465682
0.031679318737933726
0.014343333161699197
0.01751248518857328
0.016927261652804323
0.022549028142250384
0.02025857409427755
0.01674407481207901
0.014014975675594388
0.022227424413998165
0.013862791135355785
0.022320378947500007
0.022041883226882
0.01927504142181022
0.013763058235726553
0.016625638547887456
0.019233205576554373
0.016704082581063772
0.022272534480835354
0.01939908981434438
0.018032354668453262
0.012913554106699986
0.022803050815016466
0.016795367904946314
0.019698911929025478
0.022290054936282677
0.016977649500519738
0.01311490964089688
0.013274032720566318
0.013102806383027679
0.02220591516212513
0.014460671463922417
0.013305179847629961
0.02035644063619668
0.02309089096332142
0.014063789605312679
0.013454308686150343
0.011674836157843854
0.025825597363081376
0.01719255560191676
0.017934431035301932
0.014768894436920085
0.01410287475028486
0.011705411998836271
0.014685869896774954
0.013591535834236489
0.013150511967220202
0.025068332722779994
0.013797862162306152
0.01262450736992675
0.012724932556031694
0.013575894230788501
0.012923712719734274
0.011879459490871406
0.014044763744265073
0.012538071807986342
0.014299437412447406
0.019124607200214586
0.014028018047227269
0.020996919049291508
0.020940473160544853
0.012666629464857658
0.022405153544664654
0.013933166103462142
0.012892319207790177
0.019590517691985592
0.013732147467773083
0.013737664266776453
0.01847942550297497
0.013853798215651955
0.013957678863701624
0.017147351444538
0.012597839395882335
0.011258805018493072
0.012714832562754783
0.011148111717909893
0.012894553481735361
0.0124626261219072
0.01590420501895647
0.016664513651844126
0.012604882257107937
0.012470041388151961
0.01244898106495288
0.007811103606761055
0.00995972019352619
0.01863419556943635
0.01223791568752617
0.020743937861457208
0.020007733945652136
0.02438693455862512
0.01348167662669103
0.012094793730155184
0.013894237642514469
0.02150461397290362
0.017955680272914346
0.013773083765213946
0.013751832407194183
0.024334980885291423
0.017000131051259564
0.019747618744104314
0.017075160731600723
0.015217309571304221
0.024681033998578832
0.016996071577867672
0.01803633001052044
0.01573811185268106
0.01269207734507372
0.013324241337585484
0.02259733722551399
0.012529004549444476
0.022020057335586096
0.0167389500913289
0.012842535471367541
0.01668763508746821
0.012950774052370575
0.016071804077716346
0.02209563203582326
0.012470717358854867
0.012873493158855965
0.012505912757618119
0.0124718199773378
0.010894202955016951
0.0175117520824033
0.011106006264207895
0.012409343232072712
0.017373424744071945
0.01305798771944931
0.015475218199112933
0.012548841783341345
0.01590753043765751
0.02157694685309736
0.01697897812663649
0.016661754832340593
0.012406339398757219
0.0169155263185996
0.016924690981018373
0.016494238026069127
0.011682584317184498
0.013062590779312417
0.013013252248039725
0.012819722145292357
0.017084135577663844
0.016908400698310417
0.017849837198417255
0.01647314505072797
0.012617370769680954
0.01993419448900181
0.012933463932373258
0.018646927045146755
0.017527718462695012
0.012521351836363357
0.013715046429469333
0.01703996649424524
0.021507281035035616
0.012929816068125445
0.013492659868733532
0.02417505637661471
0.017856200983367116
0.012825287723283259
0.025645756873611085
0.02278791158728681
0.023626780933508534
0.012908887334786914
0.014065297255124037
0.018028677530157265
0.012985894445726703
0.020086272924257936
0.012319919937442823
0.017289731490902353
0.011345734495395185
0.019889987104179933
0.0141520969186745
0.022132040603797094
0.012501447811798534
0.014459809749248249
0.022256776242560117
0.011071335311881982
0.017625527953668674
0.019179980646105994
0.020264392692493898
0.013461062463474255
0.018103105397939016
0.011472940237249561
0.011371155134511398
0.012652414689387253
0.014801411442409792
0.017693803974272938
0.01758004049518943
0.009397371174961689
0.013299742868065793
0.013919598896968977
0.012764862641076673
0.0186929358670094
0.014843298279105613
0.015028426045102863
0.017746257801857897
0.01408176552797979
0.012296089595205981
0.01427943653685256
0.016963593992500504
0.011475783848064596
0.013933665171487041
0.011650567105295792
0.013030540570521264
0.01263464675564778
0.01223272444442913
0.012370256958617373
0.013256842262286885
0.01659069232063872
0.012315001818062724
0.010816038834902782
0.012480299855060465
0.010791776414821649
0.015686413015506658
0.012401254653128142
0.024913892271389456
0.017000857513225776
0.01693428113536559
0.015525121369126257
0.013866628345960693
0.025431424818218914
0.012764529388939936
0.01289038296560658
0.012350840289182312
0.013219540729961477
0.012386613670500203
0.013727662085487577
0.012593459739969082
0.012734280636664694
0.012605306628955912
0.01713828647241682
0.012376867208178726
0.015387408893132191
0.012250185795461775
0.012258735547264962
0.01253095268684708
0.012438559920219435
0.015619697266612605
0.0129732074715546
0.018674898466122847
0.023655467684554326
0.02393734480629851
0.019926056797570407
0.013099344174900508
0.012861987858284862
0.016135488802291934
0.019503265239441337
0.021006602500999564
0.016732038141989636
0.01461063894615838
0.01639356711594529
0.03059311537158591
0.01749030722314503
0.018840126117886723
0.021057807904433
0.01892665007735449
0.01951119260860274
0.021101408140216608
0.039108779520080614
0.02435136520485041
0.013879809224846185
0.015970541568775906
0.015990092324797766
0.022638457238182114
0.014094209378322667
0.013733801136854549
0.013579434782051796
0.012600650325479188
0.014201828368206656
0.023556182689018178
0.016428743283039008
0.015350431724384845
0.016101159333259243
0.013945912953661833
0.015946150942747497
0.018176385232009203
0.016482574370798062
0.015764144626510972
0.026628558231008785
0.02346807709303095
0.01358303382900883
0.01673022880193216
0.02389897816320948
0.012744100278996189
0.014887763002658731
0.01641397834178069
0.01759891986226437
0.016719837387355132
0.012684793616914896
0.014584828881013834
0.014594433463177353
0.015780887856206877
0.013838499101861504
0.014314303971406444
0.01573671551948653
0.0169908018700001
0.01361437727340101
0.02043760583397181
0.023220328471492385
0.022346027005686893
0.013181206872833931
0.012228723478499286
0.011239605634906669
0.021412701294436357
0.025735284517440258
0.02195353285694351
0.017607412227588284
0.01778016544356729
0.015093678020247053
0.01510751948813718
0.014569880565208675
0.01510226446188336
0.013413396775197869
0.013886369218949913
0.013998966514433168
0.013730270698796208
0.017171974270031528
0.01774330747783481
0.013520828532541912
0.013417094371484927
0.013953775665849127
0.020126648783971277
0.024134196502174174
0.02445402282652078
0.013169242368320061
0.016208386887657873
0.028173151944222083
0.025582232298218252
0.0236835030430232
0.012861318391898123
0.014162137934961972
0.011955330296566515
0.015140889690668794
0.015209775369076887
0.012832223584052418
0.014208281986221913
0.01167318450820083
0.022935876338173695
0.017750013813374953
0.012750983975103082
0.018316630900905344
0.02883765268128913
0.023149631003538694
0.01210784334865438
0.013601439797152209
0.00909004137015395
0.0196303044224995
0.02499150277434317
0.019899739710923296
0.013093537091082632
0.012862181480776993
0.022530935867824013
0.021181046897639416
0.013950200560087549
0.02091146684387537
0.01350882997339148
0.01833751344466679
0.012839854070648802
0.011211603514885824
0.014095760484095924
0.015468143898563498
0.015285932063910936
0.014605070283980132
0.013621008952676329
0.014523822383415532
0.013061146372181713
0.01801493351528114
0.013102661354186808
0.013403380506424518
0.013582106549918264
0.014675015237546472
0.026533199911054836
0.01698989859445899
0.017220012508706244
0.01870216863427875
0.017573850687882763
0.013683674543045844
0.017061291135198497
0.0132147240354588
0.013607593762307921
0.013183440479969086
0.012666123425302704
0.013888819364270387
0.014630847643857702
0.012819471188608166
0.014679955828441745
0.008640420308706705
0.013046069394265856
0.013085353686894011
0.013075475181507657
0.012788233454581962
0.012801403781530317
0.01480221449015316
0.01846694778895526
0.013374930998783565
0.012618238325711057
0.013123566715391577
0.01331892296696701
0.022971210117013845
0.0174533274283158
0.014935262743662116
0.01580404858335362
0.012772357430534644
0.012787981175914993
0.019591770229359057
0.01735675330202914
0.012763942037369688
0.01320177026849891
0.016829117293399573
0.012768146698370534
0.012694809057248534
0.015436767918188017
0.01964623726855856
0.021782483458963102
0.0158647229214695
0.011594928053355878
0.02484449864769977
0.01704798333293417
0.018010366190613636
0.01368146605594594
0.017042362099871165
0.01746868957164216
0.024783543036413877
0.017183481166387744
0.012865342101250997
0.022641828429665327
0.012908203360654064
0.011140418599069788
0.012790583098514203
0.015979935647946218
0.015959216743389973
0.012765584122945593
0.013176492439188827
0.013501503973837715
0.01367768808437058
0.01436706120494603
0.010414981463684456
0.009880671665203521
0.012643984675374734
0.012599549290880724
0.010332703880882305
0.012831704129875601
0.01320267790917182
0.016868094182157192
0.010046501170191376
0.008592671955412537
0.01676190996025289
0.01238316330242174
0.012654425919855508
0.012396700902032112
0.010828694117165055
0.012943472011187665
0.012486948482575274
0.012384853759848942
0.011543825398562637
0.015842005173844816
0.01278532454722128
0.011115652078263335
0.01369770094659032
0.01352552012144285
0.019371726833196847
0.013934121193833655
0.013934224563552155
0.016380631384733012
0.012725843700473827
0.016706116255375596
0.015639354885112762
0.012998423482014182
0.013510108165575773
0.01276572442406272
0.01335085181984863
0.008203331789012613
0.013880560742815845
0.013658891731518095
0.018971597627456812
0.01310856169163247
0.016340423779074912
0.0130341552458659
0.011147370624725822
0.01771095872146206
0.017671425273262667
0.022029795216907677
0.016863900531391206
0.026943654862315917
0.014709607413184092
0.013949999828315442
0.018349514728069137
0.013215387680864877
0.013632333786855931
0.022965580053331963
0.013948219722176965
0.020368196718659207
0.012210353643527343
0.02504303297177932
0.016749989639144047
0.016957634623330678
0.018263803306625994
0.014023129805194453
0.01261129656857793
0.0127464641763902
0.012834837976729128
0.013639740914776302
0.012823331834329724
0.01283357969027607
0.01949407188762782
0.013194485064264872
0.012805422935442448
0.018675802440926058
0.012773733801133533
0.012778490373366598
0.012797458324040542
0.013053982189355174
0.013255312612098032
0.012861792310733536
0.013338280061537162
0.015708775684311012
0.012825378629888471
0.01281921991906423
0.012756065028056249
0.012939720476115392
0.01301465080421122
0.015334380361217708
0.0172072307947851
0.01924381135430301
0.012696302760165194
0.013060129219200778
0.01435640459265914
0.012709744900359796
0.012852151372003379
0.012589960537401752
0.00837359238041436
0.012612138783330923
0.04165061569209829
0.04008879315058009
0.023558160890588965
0.02314386872034842
0.03734590989199347
0.030610699227854362
0.028190655618484627
0.012212194571411008
0.007182922712239062
0.0218792380104906
0.009771155266906794
0.02080812042282077
0.026884001173977976
0.011695824265523144
0.030993327326664488
0.04030347213677753
0.034620016232551766
0.04125468135713685
0.038425499954914365
0.03957431683803935
0.029126320014346563
0.02130298147364982
0.0064190828589448775
0.025564612461477978
0.03366484637616247
0.032534043241059143
0.017733262788080253
0.018040461406516203
0.024831111622307785
0.04055485140438749
0.038475784102211634
0.038910201746568604
0.04114904929724118
0.03856290359573217
0.02408743968106387
0.03835926303437014
0.027639334908964017
0.02935815427037716
0.03900072187080374
0.01868076609276235
0.0
0.011995899882876698
0.03399433073751389
0.029122533788975245
0.03158006374268122
0.035589287318822826
0.03566679114285538
0.03307186620080434
0.03048908041218592
0.034108427419119985
0.031470706058019146
0.026056090986050277
0.021657774713026424
0.027159478289459065
0.025820190828230755
0.036861347568828674
0.03198284627777489
0.034765237027273396
0.029306410711233664
0.03607315137910748
0.02969906062796721
0.03753812305567784
0.040740512518822124
0.03982164536593132
0.03417362749912547
0.03466012766265922
0.030919268259291026
0.029855162689595628
0.03492808902850873
0.03770191947815994
0.012944321074220194
0.029609529571744755
0.027679026731884878
0.0270891097251071
0.028253896714542762
0.02647823461984076
0.026688770957089783
0.030373283731831225
0.03507879195889097
0.03492225027255788
0.02836813447642709
0.03149964354354114
0.025428637449957662
0.019264980012415014
0.040630019849178356
0.03492115238210039
0.030208726956059955
0.03613328826530897
0.03718325809129624
0.037854317099315936
0.039664755989991585
0.03237421362049518
0.026043087659956884
0.039777769784810485
0.021435182962246908
0.03719064380550034
0.03458900736045801
0.031083267783779168
0.014203723613076489
0.024633745051859217
0.027447569660026344
0.021010242673600892
0.02885580025421903
0.03803267700930121
0.03286020685247969
0.03140870337512223
0.03597834942370313
0.027346392343034327
0.04164369297460215
0.040204207163774035
0.0249821764074493
0.03340872809496918
0.03113826281654932
0.02645785955416571
0.02905580186473197
0.025062118968736984
0.023258675846727077
0.02559804682933183
0.022945630018765158
0.018898258790841685
0.035351432406264566
0.024238982435151823
0.03927648959158208
0.032251954560533515
0.03462137785461608
0.03774889025939174
0.03218462674981159
0.03847370325553742
0.040290511717493906
0.037863201164372376
0.03327752828562823
0.03298440662510102
0.024773414015835583
0.02254504933461001
0.028175956385267337
0.025334832683086735
0.0380506452371047
0.035391661878909006
0.030304307119412156
0.0330561437239736
0.031217536179238087
0.02171647547186239
0.027397223870920404
0.013941179695868635
0.016137049056441533
0.030167845227162045
0.029999939178744932
0.03083222704772103
0.03213546940687196
0.03257992618593934
0.032594428180288654
0.02290170138269692
0.02793087018973015
0.02319616677604391
0.02807501490934594
0.02085840815009861
0.02571110157569912
0.01870208485973222
0.0
0.03392569679823018
0.032861929458342876
0.02163271099418946
0.040835976158024534
0.037260955013391696
0.03594305785803986
0.031424635895238126
0.03216534069871465
0.040444791245722866
0.02130290237884266
0.024430814379474964
0.03626293229461119
0.03568381586573951
0.030796391029992834
0.034618391158773895
0.040276183652004624
0.031600096439403334
0.03744047437097267
0.038268385263204675
0.03323543936312561
0.03515090808955957
0.03681064537791862
0.03037442848824735
0.03292846355471326
0.030686767915081452
0.02452333637238887
0.0353971622034698
0.0393060946178036
0.041388441804634524
0.03679521867575698
0.02826585945633987
0.0351508135967885
0.037369485544486714
0.04062098243055348
0.03114451010834837
0.02993477202524323
0.040534962453280934
0.023475219625872366
0.03071819999492604
0.0359794719374479
0.03113042906604968
0.04182609464483754
0.03388945257542855
0.04151771975179862
0.036026604671736094
0.036701959884180534
0.03939416518317904
0.04133419519981745
0.034403412968305534
0.028982628008170672
0.028619195643232596
0.034347030891739634
0.037491614342350536
0.02766445575704204
0.04135247203189225
0.024316984624948905
0.033537099655419254
0.02386349494264309
0.025085923076996693
0.02903270848628121
0.027952545081262256
0.03230039634431755
0.035025128361203084
0.029114375674671837
0.03642422966996011
0.0350530563702007
0.040782202941425275
0.03430106558225453
0.03731726198222482
0.026592416841502473
0.0351960285705488
0.035770397516277544
0.03274929463204466
0.015635581160148827
0.03122539900754461
0.035135672020643424
0.01892909490085638
0.03217611785035026
0.03229324655645548
0.018353480061694013
0.030732586954872073
0.03143695278856752
0.032448348362373036
0.025962910952545385
0.02091509654770927
0.034682729419439
0.020443622404447397
0.03531217607078026
0.029534580931789154
0.021672588878042826
0.02735313902565287
0.023529639994058556
0.02442840194135029
0.02314812696646438
0.031727366463579675
0.015229545601304793
0.024539978697468816
0.03961701066889729
0.039413992585264596
0.03177522632743945
0.02723113984651171
0.01610277405643202
0.024495758948120883
0.0
0.0417839823612998
0.022348177519466772
0.033029811385947204
0.03564024828927122
0.03828120028530452
0.024928036036759894
0.02339817989810319
0.024989958784407885
0.01644509800710001
0.0228174129987078
0.028118378163246846
0.027404282539235637
0.020943845050886804
0.02779437731805261
0.03393194458144679
0.02110075489378892
0.02952997315526688
0.04054370862140271
0.035137418176283255
0.041542119316824486
0.033057976606422596
0.04181485410392737
0.0368158372214482
0.022938174534169017
0.02845441077031317
0.018810872165123588
0.030510599620823944
0.02238406419134432
0.03072386590649028
0.032086590861273544
0.021468033020697937
0.030209282707329664
0.021077751509115047
0.027710236073335726
0.02958848971204849
0.035489558430306246
0.030815447438023044
0.028849698249049725
0.023819799001507585
0.03705504599430419
0.041132850532434755
0.03638933420578072
0.03326098138426819
0.029786277520336666
0.03996208725930124
0.02578446849425544
0.019898794179861755
0.02306688210942251
0.02804564535662153
0.03842783418331573
0.034091545642761685
0.03181423497604661
0.02185638159439933
0.026289429720334358
0.0293350197952623
0.0301798024574445
0.024859134525025823
0.03877511160594199
0.03797185492287608
0.02357028962250753
0.030448150941652017
0.035913112486590335
0.03559693199251862
0.03083997726334445
0.0383933337367679
0.025338903679805003
0.03730079879031238
0.03955702788237414
0.040744864223646114
0.028527750801202525
0.024043000835170178
0.019437264713132923
0.023560366789115356
0.032752715046542355
0.03339632518583998
0.032502896320789634
0.028521911319238473
0.03633779597760716
0.029275625031820438
0.032982201779211635
0.025063394984686307
0.027110737217370652
0.022783268924037228
0.023331763482608136
0.020250319489902517
0.02263187256331701
0.0316298498383548
0.033744362717015634
0.036577939106242664
0.03859915384098208
0.022629036879231783
0.027231281352518105
0.024497571470340592
0.0337149703342687
0.02647917289588171
0.03156035021653153
0.03581457368487853
0.03296784276713827
0.02866214179663428
0.033960382952814
0.024816869141775333
0.022174801189920445
0.025593343128833355
0.017815205992509776
0.02650252446780619
0.025786612572006675
0.028270317503140886
0.021305845045902362
0.031484301537131
0.02653371001151761
0.038135674574078335
0.021626641579311306
0.03435694932288305
0.03857584514515871
0.027619947177606168
0.02995006203388117
0.022523360936481083
0.027844115309751147
0.039561365690396116
0.03473418023171551
0.03027472575140029
0.027875799251198572
0.02630126088082301
0.023796340191420937
0.036025658713201916
0.03802434829112732
0.028362924888178764
0.03958616446853004
0.037265045422138515
0.0
0.023533336182530517
0.026518329243197518
0.03378295398529411
0.0098590671339889
0.012133990028016363
0.0
0.030426295924641845
0.023332208678921388
0.022676332821909267
0.023901615877499886
0.02909240254400145
0.028335466676186655
0.025621899696512834
0.0248617790328459
0.030556632863483212
0.026608226416388228
0.03871811049814899
0.0368387114592733
0.03947524135203004
0.03581817225825283
0.0352233746371373
0.03944317009833576
0.027749896587394955
0.041605950849073946
0.038028040807263436
0.03547859231517883
0.02286472880151143
0.03375180083580729
0.037413191863013964
0.035510174283619925
0.026427775263704722
0.03493228569876298
0.024401692350235777
0.024324438491746925
0.04075311258093944
0.033848487531097454
0.021305223420560508
0.036217962908018535
0.033213490865206065
0.0364292736730194
0.03623793921977128
0.028087092787991548
0.02802056448674645
0.023237538856780864
0.037334208391251456
0.03524256049504516
0.030718659844313066
0.03861940825447227
0.02279011376584306
0.040592379244184525
0.033017139761098414
0.026849279426116014
0.030743365287312287
0.03439971945999947
0.034649625380503195
0.030218959948812966
0.03546180065819952
0.02819789521006051
0.03724395935357334
0.03542850223033306
0.03920612431089653
0.04091535235990274
0.035528171900357036
0.038278503724625386
0.022187646646275917
0.035560877727748304
0.030578287989885142
0.03470774757428634
0.035609738190915015
0.037522572698864685
0.03690317166663722
0.03609078961700272
0.033466337095625284
0.03867212070287766
0.033827440957327565
0.03285354616820419
0.0336642101838139
0.02543331197746097
0.036266489872006674
0.029161264496326094
0.03287811777014372
0.035280838304382764
0.039521706547288656
0.02945891841403892
0.036345165478181084
0.03605025479780201
0.036147164779789874
0.04006201178103368
0.03547862533234038
0.038739252571825415
0.03624326625968597
0.04048741547661932
0.039616262506569494
0.034802087482875436
0.04088457601697654
0.03921199201143149
0.0401199306250646
0.03771342561661565
0.03840710896692869
0.041859054875439956
0.03087750167824455
0.04076043379953639
0.03665333103839364
0.04083457352943189
0.04087241971185513
0.03026281400833577
0.032078548071275095
0.038193731690540245
0.033397216827561554
0.02396246240900808
0.019612089491490205
0.028195073037290137
0.040078540944625256
0.03343097140751377
0.041443512919826266
0.041247390300017645
0.040546385080988505
0.04030342786772477
0.02534726089847883
0.02855974493714884
0.03604805592878618
0.030706084331484217
0.029733559269536795
0.03244390083004187
0.03824858676875067
0.04128438550367048
0.040745361695312635
0.03006392786400746
0.030443462420073838
0.03610245355235564
0.03909097451103289
0.0401876061334927
0.03579870375610388
0.026679367879688446
0.039902149191260394
0.0286210936984872
0.024991200072336576
0.028743633206438045
0.039613739589462134
0.03069004796560383
0.02606761886168462
0.03690055556741501
0.035332840106314586
0.04127484379972081
0.041801432920854406
0.039650183046397405
0.04000557727370646
0.04097509676300768
0.03578708331502769
0.029018636027626762
0.038277248336423396
0.041674704112631376
0.04015283135679155
0.03593321992404798
0.030619039832340263
0.03962148088701973
0.03126614159342339
0.04165060254839813
0.04002442507394706
0.02924235975884351
0.039431675367097956
0.03865826409610814
0.034876160160138385
0.025661602181079757
0.03198612696521046
0.04143556405161525
0.03829862053835134
0.013028308877306397
0.014862618838885702
0.0285385508073496
0.036629453321193176
0.040348415939350346
0.04015956975004687
0.036874275578260285
0.04132979290427437
0.03492615692357231
0.023876720076781908
0.024039829383869483
0.0396155796936358
0.03499370455075007
0.028010708554306256
0.03980896297631981
0.03355632738008839
0.03841505448372617
0.03437353366862437
0.038708268328226596
0.036497853633090306
0.02974713405155612
0.037927567485808195
0.03038093923564577
0.03591912574525932
0.026149026010117055
0.031165652343604168
0.03277343492472879
0.031581724462568385
0.029369350865315273
0.03949075038537508
0.039376034038009815
0.032212335826512214
0.03432889303487658
0.0
0.008579657962296653
0.03998329916679859
0.03786760039551865
0.008032894582434162
0.028232533516251268
0.03437238498995904
0.01732849229455642
0.03262575451120106
0.034549400048051265
0.0
0.025985062011678623
0.017082807351252314
0.028428222583994904
0.023384875681617782
0.029152519564578337
0.03279907843093415
0.028354223381678555
0.017550272330903807
0.04151978926730784
0.03443571739124942
0.04180588361997523
0.03754002715526702
0.02475852812507235
0.033037614155408325
0.03979110864175559
0.02499500947355965
0.0
0.022904160629021095
0.03069053853886492
0.03815925749421753
0.014012239150114441
0.040378089030583354
0.03490639937322561
0.02719259481055919
0.030481350178100632
0.038225648572134584
0.03581973656519546
0.03388642774976434
0.02903400827512447
0.027408612033142675
0.03761267996908797
0.039633043545960984
0.03920607930215562
0.030425677965604376
0.03345120443567816
0.03852864541325057
0.039328248683230274
0.032590030768933034
0.026527389039443763
0.037319689256897666
0.019193403459913008
0.03434730112418771
0.027526928438256597
0.024878226962798285
0.013170797261365785
0.02801262171688194
0.01152392784600803
0.024218878468783726
0.03438786111940296
0.006824554948859322
0.03335742293869381
0.029787174240681294
0.02351636505634025
0.021475810835973146
0.029616757312143523
0.038919949926144524
0.029403747035760812
0.040224114625281186
0.030315950317723293
0.03409343316435139
0.03523352421804654
0.019777960573914982
0.03467496753406654
0.028620675946303804
0.03395836598148941
0.0
0.028704054603164074
0.029711188742673915
0.02576038144575899
0.03273210730034031
0.028023756357983154
0.023401565860869458
0.03712659049385499
0.02904452126230813
0.019702101440934906
0.030749631678219685
0.03896178023217899
0.03787569512364057
0.03725369406731684
0.03624004081801863
0.032275536176927015
0.034724192725185586
0.03692195490129168
0.029371731004942253
0.03776555438114943
0.035066677049934186
0.031408937906370685
0.03957094782915414
0.035171327898289674
0.02188411931693339
0.03194212004240951
0.03889500193701591
0.030549830590546855
0.04013014316456251
0.03816102214799808
0.04130444316860778
0.038977435185052096
0.03982989082217334
0.03947264731961464
0.03787575110133667
0.036739457455030544
0.03277779321434871
0.03056918956207336
0.03905899114165758
0.04090376977814214
0.030123297289873452
0.04016127411314434
0.036720470859481706
0.04099495792583135
0.025733762453244123
0.0359258643857259
0.03308501436452
0.027772475176218062
0.03003834631940389
0.029737586166186804
0.017695620407196768
0.018688654497582207
0.020429991420567045
0.020531072367836346
0.02653981413160237
0.02416579386786018
0.030046776683404795
0.0416974989038779
0.040943399366375845
0.025788250813508246
0.02679726214149496
0.036087020053761944
0.03163674151520658
0.0
0.010607047810300523
0.026585598285027153
0.04153156095454375
0.038946357905438246
0.03867117150472267
0.038001560615250916
0.035376970576757656
0.037427838513224426
0.03406246700601288
0.03595181684969928
0.030821211024877015
0.038115765185356115
0.029278533008654847
0.03288036123233996
0.03881762785812183
0.03730895615967362
0.03759529398457565
0.03588776870962698
0.026887368306648125
0.037278357506945164
0.03824578909425236
0.04129795654449381
0.037343858989987946
0.03207135901846452
0.03742667848491979
0.03614415193488203
0.04091362745996303
0.018206721155935777
0.024474542004780192
0.03461520125734383
0.02882885954230586
0.03165001268052968
0.028848490248384047
0.03529267300659455
0.02678005712454235
0.03584600266501135
0.04187660558403706
0.030651620677596556
0.03952166297029668
0.03759740686821207
0.036724667865297954
0.0405558649138534
0.040081228566104965
0.03784799345565326
0.031006468547025105
0.03467983370157184
0.03809881781711439
0.04112777926761222
0.030636422382109216
0.02821522153377497
0.026896028696940848
0.03217007675727547
0.03868707411393419
0.04023837706930537
0.037534210155303685
0.03904600750735468
0.03628525773933542
0.037754853200810304
0.026071705429688948
0.018936085430732535
0.03670599609343471
0.040275268889496285
0.03824255445613653
0.032123707244376375
0.03607207432861184
0.035980311017301196
0.03027824722000564
0.031336246691964276
0.024283422862452237
0.025926590801156415
0.033363841850284306
0.030837519649541314
0.02744262722325424
0.021510687673650365
0.028922025705414574
0.030770694011370416
0.02048822535781221
0.039071312983375676
0.027286821047486462
0.027709767396780386
0.03552862294346991
0.02712814612705442
0.034641607572016626
0.03354233871348823
0.03796052788639283
0.018304697845583962
0.027566397672381535
0.03246279312065014
0.03022926843175913
0.031675497070990356
0.030552186692403845
0.02972231530690578
0.02642340272109385
0.01793327027560169
0.024052150082684968
0.027621731274940046
0.035647244784169266
0.027797416479898657
0.025998537825039275
0.023760384546814412
0.02989957665810471
0.03307699451922281
0.04021192797810184
0.02566246543646535
0.03026992579597579
0.03179967354539588
0.03276213276469329
0.034540398164260855
0.03055564357696909
0.03820122853952469
0.03916534951178952
0.03184782746657585
0.021037176680343866
0.02583453443229304
0.03623616246209849
0.029488255449733724
0.04028273090540815
0.02666114940580935
0.04180577618206817
0.031183738871656
0.032938247906594074
0.0358662159290064
0.03778114926427147
0.04129623844694994
0.033991387369476
0.03221360201363792
0.02578564471010087
0.031418352185356956
0.01856617172533004
0.037027627686907746
0.04054086498146469
0.03832742368681662
0.029608032490166837
0.029521113839645858
0.03212329865387815
0.037134606042863554
0.025528432710737778
0.03195948028632299
0.025408767535811477
0.03545530328252012
0.03892406439587593
0.0340039597407258
0.038181269870321666
0.026932228724254426
0.02646732695230101
0.02628319218626229
0.028722479675721283
0.020943128552237688
0.02923791121424153
0.03568277634419728
0.038417725308768566
0.03926976049790089
0.021440004456156205
0.039811295066350165
0.03357892070043728
0.03983597369116843
0.030537649257719606
0.038847369572983986
0.02248899616037194
0.0238411463279263
0.03822831545341223
0.022605822665853252
0.022124481858339602
0.02269794973773784
0.022389112440226646
0.03183991683122938
0.03140279146902194
0.0358869786828887
0.028367024950580827
0.022721128660590603
0.03696113256761036
0.04073918773592231
0.0327096531310181
0.03398809217575843
0.02970291347520951
0.036586144504410015
0.03747520894117688
0.03107129520862063
0.03343202048038114
0.0278299329018092
0.037857986386219324
0.036282977334743914
0.03522357564271807
0.03104595660243693
0.040463155121837596
0.03689084146118568
0.03987893634780158
0.04114121845409727
0.02652944451063992
0.023686135808747944
0.038607929435384644
0.034912735767155235
0.0323405232046741
0.035907589645060446
0.034376874261880526
0.034181451994774514
0.029997135421059598
0.026868751372172105
0.032756866721838515
0.02383354642909348
0.036972930554236526
0.028769881677907196
0.02161628067938606
0.019369068337000618
0.03610745472681964
0.032073868572734414
0.0298912617748666
0.03447420701666324
0.026989884913307963
0.029054353537707276
0.03698851645729364
0.04037313246205475
0.035402577717864654
0.0321196425767213
0.03441028606782748
0.030160388406880262
0.034360023094196626
0.018739534167786162
0.026719118574071127
0.033800262000694414
0.028839688896879438
0.023195815280215727
0.03127544860857884
0.03330833952763782
0.026573535847247462
0.025371378868449358
0.03540430684202698
0.02967152318717446
0.03263953795434392
0.034514287497060515
0.03999642115918887
0.022429041828064464
0.02381034340567671
0.031598992499842514
0.031235689130633935
0.03788774048159934
0.03058107803287946
0.0375700689581283
0.032325199319924905
0.03205584584825412
0.028406006848989078
0.038167052141954386
0.025717494329974045
0.02772001315160227
0.025534986435085522
0.033373400151972925
0.030525212061930082
0.027906387027681914
0.04018507786113282
0.04164151894270326
0.030448592924414982
0.03187513638676503
0.03874081694877217
0.03940638845714768
0.02595397509481388
0.018472189008825583
0.031751415395465256
0.026465971347919347
0.036270886411592436
0.039683829975066684
0.018568875132530263
0.02623569140651965
0.04111523338681111
0.041698791130569034
0.03532212319238723
0.022009454682931102
0.021843183703846802
0.006981105026426695
0.015585561432961786
0.033426603151980566
0.04118632405582473
0.04134194114840733
0.02681269331560582
0.036233914828237956
0.03292491597807458
0.012971431207176077
0.03460174496282275
0.036420526544518834
0.011239936899289088
0.03884038862184946
0.03134689957109
0.03866963870410688
0.01897871539172234
0.030670046029473205
0.02897674429219942
0.02996293063963578
0.03099560836007434
0.024787799523959358
0.030775307380599477
0.02975545918986973
0.024926683561752823
0.03647365992836479
0.03879626908787612
0.04143737940980115
0.03895830402972447
0.033182451396282696
0.02681015472726703
0.03245950776289101
0.04167385830223813
0.038750960920630025
0.02970846571078499
0.035464160653961574
0.03957837698238776
0.03532678869419695
0.03745260564721005
0.03142758023802162
0.02145725018915515
0.033640385171695014
0.022297950354298577
0.013277464669966958
0.0266422507760803
0.023954598924858243
0.04190622497972045
0.037359889793449466
0.029094882169539402
0.03561354159785304
0.03888603946251148
0.03905611959534831
0.03241957522383997
0.025427457512745884
0.0418973369546398
0.028080973410725508
0.03892468375473647
0.034300025528312704
0.029615662454350003
0.034377778341758224
0.04181553105065519
0.028927647286346687
0.03754195213604621
0.03314728467299394
0.031319395774317436
0.04129929501733652
0.04005523411319052
0.03176574806277445
0.030300985312207682
0.03280710488993821
0.027303709551370948
0.03410888569943036
0.03112201810236422
0.039692237020429365
0.035405366190022484
0.03189990229270226
0.022731068736688113
0.030803530011794086
0.03224680796036486
0.03707839933187356
0.02372269219801163
0.027942110968114848
0.023559245904259098
0.03296164021525631
0.03377245151759976
0.04047834722410641
0.03663732505747093
0.037783353258804206
0.017093715009104952
0.02963346197712985
0.032738561401062106
0.02372769805464118
0.03578469092800021
0.022941804512856497
0.031916035866943165
0.03225577660280403
0.03734287663832285
0.03192065387165109
0.028511421847307095
0.0188996517395162
0.024626206902178198
0.026808237649295696
0.036250287476584216
0.021818698390142315
0.024012013534762122
0.03982698328181927
0.0
0.0
0.036129692700180356
0.010179443071700964
0.03948030035131752
0.02396380859975364
0.029315203091717496
0.03340268377436163
0.030469228394636127
0.02473200085496549
0.029678481133436605
0.022105798744221
0.034794083768832085
0.035075606628752636
0.030107147209775604
0.026760994673942436
0.030141260945857087
0.03074159243402986
0.028857900650753564
0.026082050298538783
0.017228831475175583
0.029918210895759162
0.02825001316205428
0.02716944470908445
0.008911215980437235
0.03017271893378415
0.023531932628768404
0.02824192925117062
0.030685448591800016
0.030126631675209674
0.01501122864100402
0.037224195135690995
0.0308459180590451
0.04030773987474359
0.036471905545227556
0.03519409696682093
0.022032815738348102
0.0328918631201152
0.03318260468180779
0.030117926071968153
0.040409961260517525
0.03479350102939706
0.036586404363994525
0.028523861356664317
0.02709569556737749
0.030145404130070778
0.02335127274161012
0.0408993419346982
0.038256152705135084
0.040461695272062524
0.030317419474293148
0.04179840659857743
0.041010487166224976
0.03380693615586766
0.03044201152687635
0.026126742633001757
0.02892024052388193
0.025694243226231685
0.02662813707804054
0.02967787984375577
0.02430030198267045
0.028668194198340248
0.02811985625499628
0.024332332261954026
0.01550129544586519
0.02286092214380924
0.025112647199944705
0.03358832880392061
0.028120458334436438
0.03138737077941463
0.037480081111557165
0.03562868681360197
0.03879978866792683
0.031904387163053285
0.03675750236402654
0.03233864847238374
0.03430509866308431
0.027861453265054494
0.02064872646345289
0.027671392803604207
0.03583742874460567
0.03263867980661164
0.03695819217453688
0.03606526534795025
0.03630668030806088
0.02463399043110966
0.02809603054285975
0.025184907098410238
0.023446025650416823
0.02674060852839273
0.037963913836909995
0.03299734317667691
0.022624488585943906
0.021848755742604663
0.03448778999470691
0.03451905461828295
0.02763328087382768
0.033218594742294306
0.02651736684414451
0.028081328455042867
0.030145676090496436
0.03778175123648811
0.031557644735418874
0.02299321887169417
0.031078304981630663
0.02417147830185146
0.03480576624571537
0.038119619466495336
0.028112515387279043
0.034226990370210396
0.032406763416967
0.02860286892061348
0.025158171696687274
0.029194036171444206
0.027219417781564316
0.03902900699819683
0.035656723095215705
0.03177995798367977
0.03437984571673025
0.03227583899607904
0.028042721435156664
0.02450117991036354
0.028927268503783736
0.031062459132719985
0.036755595303308485
0.02757355439066007
0.03212194336351677
0.03366036654080221
0.029822693971442046
0.03233230346301494
0.030543080416192463
0.035328797303578734
0.03291757585579797
0.02556517854697847
0.02555863515326974
0.023393985527511714
0.006793148951149243
0.038218497137403704
0.03998406574512556
0.026003792793016567
0.034570550075165234
0.029036942245109134
0.024491105139079983
0.022716336015441416
0.0410462889092149
0.03236968383377184
0.03879198257719205
0.022814909439272862
0.02685120405362731
0.040927805011434504
0.040282899906115395
0.030315200218784626
0.0267772857630782
0.034415556210437834
0.027957645876451998
0.028946914186837824
0.022102644828164788
0.02844982423539188
0.028909029432242876
0.01929496407420855
0.019888771985772283
0.028063924936778575
0.03692790347557191
0.0389958656493649
0.02705580913172336
0.03430123207978452
0.02775436487155275
0.032937500560980576
0.023347945266461494
0.032871050569893125
0.030925407532771686
0.025867766559589733
0.03612030365744376
0.031058085628519118
0.03885504649438853
0.033062477966481325
0.0274943818760807
0.03259658201927261
0.030288005511624933
0.022000128685769095
0.033305575680863835
0.021586494473174633
0.029678954607059542
0.026322020441806707
0.03190532542269589
0.03322492169504656
0.03358561306219231
0.025206685749712177
0.02878038802835263
0.023834652823083956
0.028734936038238068
0.026518536389690837
0.026426188495274068
0.027160795291699413
0.024850148112687372
0.03160639176250738
0.02302848899495772
0.03820856826571121
0.028647268564557352
0.02882209623263124
0.03337688758592814
0.03267826278153881
0.032358143129411134
0.03056872417491809
0.032425414618333946
0.025489359017862458
0.013642069749183972
0.035586646028907716
0.02628869546021637
0.02653745021809971
0.021308443151014076
0.026075124360969027
0.04017392852997145
0.036919690295059905
0.025655799787047986
0.027996310051932736
0.029282437312120598
0.03061189540695335
0.0355748745312286
0.031706247179216725
0.03895049113205255
0.02882109121047467
0.0369039326024873
0.028527622705166785
0.03848351346033865
0.02735468597625184
0.029904689946654794
0.038482768924153
0.023173397759661832
0.030840034903206606
0.031993056392323596
0.02915390696234671
0.020437231531757333
0.02335787786184388
0.03515128668893381
0.03464648225735356
0.03053261669143019
0.03642421458232969
0.03908166315186766
0.03902965814047026
0.02663030024390679
0.0
0.038411839716456855
0.0346747972580952
0.032924772378263994
0.027098589134373796
0.032829545998621375
0.03170501855883899
0.040336830593252965
0.03000557778493799
0.03307601133533356
0.04185483455194933
0.021251997023809324
0.025548122620746933
0.03628226274345023
0.031644768559338475
0.03079785355442814
0.03618658197968476
0.03031867343424673
0.03876134127582042
0.03832546416350801
0.018613935841191687
0.017437173570421335
0.04151140271153829
0.03356246515723412
0.029465035865093584
0.02545092418802685
0.030421656874939227
0.024550203124512365
0.028276191510158925
0.027395615314658422
0.03645189629862109
0.028899307366808152
0.03320742740389757
0.02253904353855004
0.038548586587088
0.03946188632502097
0.02806423118323838
0.03399743274182224
0.03218124242829808
0.02406778437334808
0.0410446881185076
0.02626070932184468
0.036609855660939085
0.02477225271060393
0.03569204054335008
0.03950150184123554
0.03271490543624543
0.026347105724395973
0.02419502624760819
0.031748618738654526
0.034033087044891455
0.024237340144075217
0.02936791908878104
0.03254526291130206
0.04001902489502408
0.02120423296646644
0.02921165677449897
0.02991189488093992
0.034105523409991255
0.03584695716312776
0.031976266857991494
0.023475586467410967
0.029985110335819975
0.022643018592316693
0.03508802257022019
0.033729629951728735
0.033181998934964756
0.03006560758507145
0.035984682231799694
0.04034429184882532
0.0356978604149552
0.02566102575281322
0.015112653986385787
0.024396073575559254
0.029349953073471175
0.03347115669979299
0.030888615032929147
0.03106444301965602
0.03142641118438442
0.027685794803435942
0.030666467857648635
0.0256687453296806
0.026858661275767304
0.027979392207996567
0.027120740379015035
0.025029305825749422
0.035977288682867856
0.03354978474781915
0.028226329306141898
0.030497323789489935
0.03130445001469001
0.025355255393770586
0.024837104864608394
0.027264637787434487
0.033196722615436755
0.04062807775713327
0.03446608579072663
0.03234207518898558
0.034126848043439344
0.03396102183933658
0.034685126254937935
0.03594503551966527
0.03030712948919766
0.03295813405481262
0.03743399598340675
0.028796472323815884
0.032855496142350324
0.027471784274961088
0.03807924608910063
0.022021683963387904
0.026127837198942603
0.020489265722506984
0.024745749185781846
0.030296206283322
0.02778197609772444
0.027125873344135822
0.02723134419063606
0.021719619621153152
0.02695838582409948
0.024034181586141536
0.029499199156940287
0.02537838495102128
0.03424278842736451
0.03385755091950396
0.03883604506558087
0.034367019177949085
0.04088121125502037
0.03839133725907771
0.035478009028534103
0.01909337676067279
0.040305028117107615
0.03926215118991821
0.025542303997877748
0.024063428802535442
0.01657957645342607
0.03505223575185682
0.03760253094761178
0.033449437912214344
0.034285346473040046
0.031170734172096416
0.03653099030282512
0.03153253493288485
0.029405459052939596
0.030459306091078296
0.02563132202052796
0.04160182430722104
0.03691684879331024
0.03459980904320785
0.04072298988292844
0.030274748148725335
0.03191981604660308
0.02069801090346612
0.03679529650605832
0.031688355111607974
0.041171514626523645
0.031968884269186995
0.029543819611196624
0.03670826948441541
0.032255650203147024
0.03405531027867065
0.040706843064127106
0.03915310893645101
0.0386893888836462
0.03770087696833891
0.04037267231130638
0.0300952268374958
0.022877600882269075
0.03257968674788439
0.04142277982345408
0.025738678079212055
0.03917840621558952
0.03953440149827039
0.02804052374831826
0.03218056111444643
0.020876677073351592
0.023402554198800236
0.019675010801044696
0.017272081062319394
0.01176355216335614
0.030247287116184293
0.024526951485253926
0.028810143464213754
0.037122501717152596
0.02398322325316411
0.04074319047130764
0.02718330444408849
0.029323932209799154
0.031233851373049556
0.02180169553131131
0.028177216002029
0.019506659829914556
0.029253343980645965
0.04061881978904287
0.037140519961689974
0.03860376891004295
0.04076269893584787
0.0390807891543454
0.02689585299408692
0.03333458497842165
0.030239417924395513
0.028877849576654326
0.0236685355322209
0.027375192453661375
0.028293735073838727
0.022421247912291713
0.027742434911160935
0.02417073890930679
0.03542467567470679
0.027685018071038882
0.029835849771585037
0.028382825388388908
0.03438671026515909
0.03203191989470233
0.03575885408342762
0.04122258581952998
0.04074759564594725
0.03097321638856914
0.03774778026296708
0.03845084879142789
0.023535050742110337
0.03482801486096058
0.020203346298908017
0.026774047935986055
0.03322599266436434
0.03636758078086647
0.034114508175732416
0.03074641906137187
0.018144570946362966
0.02773607218497018
0.025514993702239194
0.018275893947583836
0.027862753086980024
0.03535551320990435
0.027971239157436358
0.028546737476121745
0.028107612680998033
0.028542866711710174
0.041396552844652636
0.028676216142637396
0.038132228066756695
0.0302701291822896
0.03944573888906716
0.03725989832055863
0.03395778465062443
0.028821365798380835
0.041699997702334755
0.021585430631852146
0.023706091271817754
0.030080483934517104
0.02411263035233965
0.032461757557251524
0.030267098740417907
0.01837576414474034
0.034907606345597225
0.03324230018797075
0.03955840033817198
0.03845225196703567
0.03871344133439385
0.037189706123801555
0.03701054402287164
0.037086078541912655
0.017642929468513233
0.02177204168054958
0.03297498512438061
0.028533274124525342
0.031086557280277913
0.0365218841504765
0.029729049773822985
0.036739226631449885
0.0228582430742368
0.026489250269081478
0.02781827868706156
0.03752796279848002
0.02012624795037562
0.017040329230387504
0.03111038984884102
0.024860074333758513
0.02463188865632002
0.01823573422568997
0.014355885946615177
0.02324894692247982
0.0343036799716436
0.026981441350222735
0.020661238840534866
0.025042675376770872
0.03189913805320521
0.030076687374429516
0.0328870529556282
0.032496584917317085
0.02778556655719288
0.025059482706779008
0.03527277988694861
0.04189047625584373
0.02494087033897624
0.027211656253856756
0.03510730956323635
0.04129783308017896
0.02737709611295788
0.039401524951845006
0.03826406247499439
0.041826976778408104
0.02749874732629874
0.018251595264181703
0.03921218329550132
0.03750603877794213
0.035708794406633264
0.04066938746526683
0.03563975262016336
0.03334417072215395
0.019682410096891673
0.022380826128351454
0.03861909909733783
0.021407234793405724
0.0242979816954459
0.02865236413795341
0.030404966180355698
0.03568818501156934
0.03288822680595594
0.036362272187428726
0.03065471028765401
0.030688081628143973
0.035867293648580004
0.03203125291024382
0.03216965139962755
0.029258893338746837
0.0324071400428224
0.03438732396672633
0.012844169523562056
0.012445002350341312
0.016052820184904823
0.03799606910092734
0.03269185690703412
0.02685049354720305
0.03668864355042652
0.033292242632759254
0.0
0.03483939222413147
0.04037164971863855
0.03691321400001928
0.0364542915466423
0.030436523360017707
0.03451399193768323
0.03960059623538955
0.02860708891059651
0.026850930879618297
0.024034990727387958
0.024373059518913522
0.0300143629890573
0.03605877756558678
0.033549546645065535
0.041819956377610525
0.03496744868945851
0.019345809420843546
0.03065332492643687
0.02896225728426571
0.027877967198017797
0.019232164788138776
0.02121582429197079
0.02762168501836607
0.020069151200282374
0.01319433499229456
0.01862858306641971
0.02758762505748735
0.03280628579589915
0.038705119682618604
0.038673501578564445
0.03489368283891087
0.03757742396492235
0.03810935803632517
0.03376225631483711
0.029565985996897734
0.031427316747834895
0.02849004566169653
0.028859183776091642
0.011162742203419439
0.023700187569581282
0.018521611283998905
0.0
0.03078516530598239
0.03870470376473158
0.022158182551824984
0.03939109215562598
0.01876130020073831
0.02103730768515777
0.03513985719518817
0.03732086352432627
0.04052174277175158
0.04181066348188999
0.036895201756145274
0.025554683617012932
0.03183443356293199
0.023413611475070564
0.025174026152961698
0.041853112420425935
0.0399666977512528
0.038063135001505786
0.036523760071457474
0.029016274414918806
0.03579004089209527
0.0352673629076516
0.04015432013743002
0.025163874171783073
0.034137544120714854
0.025261658695788433
0.030372362793500356
0.02989781215373865
0.01934111017082531
0.03446530797584736
0.03351820922391481
0.018042156206599325
0.020986942874082492
0.03031122401091713
0.041017292210401075
0.03771012535075963
0.02401788131593314
0.024191057400755955
0.006730979144968488
0.018150221600850943
0.03552639329744145
0.040600103247652106
0.032720411853688514
0.036819344875779966
0.03608883804059087
0.032673938008994645
0.02476317661209639
0.02541535820529985
0.007942749051808222
0.012093696508925637
0.006741942913582112
0.023151492941061065
0.04012025123802662
0.037664585766840154
0.04141983846232269
0.04070536687288529
0.03937109622000758
0.030183253369363408
0.036396182473878665
0.032124465619420575
0.04179986531377822
0.03984427929367152
0.03516244910858839
0.02162296045423841
0.028917671136507245
0.02774748820770513
0.019423756527124223
0.027158502385686355
0.02202373956728925
0.039134555099681376
0.03949340056974717
0.033937153666280785
0.03359644580631359
0.03231910954590169
0.025070623165148617
0.030822984740515518
0.023515338476992043
0.03328524968311722
0.03168301915162101
0.03435079846711171
0.026745855327462143
0.029329408627742984
0.02896526313164982
0.03942486970112154
0.030749455830977414
0.03758437433130359
0.029099630090983968
0.02380061019992739
0.03713750641864505
0.033161302270458624
0.02427149691799006
0.031000951043431268
0.0333973165920089
0.028481323609461654
0.016402989906992273
0.024249703038181677
0.020313904222231664
0.03272797286819377
0.030574557229464065
0.03948491652587802
0.03716344487979195
0.03663296359571169
0.040931004919196864
0.03888192685593146
0.03442775092232201
0.030751773362360794
0.039849618129279216
0.0378027210226288
0.024964980599770852
0.02852663434435494
0.024750492021495756
0.017713773627070835
0.023749836715228175
0.01972464496309125
0.02331509448061492
0.0
0.02887280999702427
0.03919948637469632
0.03270715725953565
0.025756648139870875
0.027964350219956868
0.03313315193137782
0.038805040095636664
0.0
0.023778072614173217
0.023164745783598527
0.030709152905616766
0.0
0.02971538405991286
0.015938517020273747
0.01953115189575358
0.024872949239686123
0.025722891355512433
0.025770472247807236
0.02601512071200134
0.022314192818137072
0.03635836922714995
0.03317913906569153
0.022266684547996764
0.024179030851090036
0.035037990836931265
0.03428011796968647
0.02776197057577149
0.027816523158228128
0.02491728481451735
0.032957508979017815
0.022719387220774705
0.027113703083746762
0.025923292400368367
0.017571306615047213
0.030237455893477518
0.03385798594237511
0.031939804530467145
0.03780197809859522
0.031094921356793634
0.034308327793459534
0.02214160268024886
0.02178063970307118
0.025091997088266094
0.023312005614656565
0.02431062026299255
0.025745314178830053
0.0295828740469303
0.021808778693070564
0.02697418514611478
0.019545357692109362
0.025712137793625307
0.03456327747327274
0.025142544389440774
0.0388379033752696
0.023578202151629982
0.03263068793414494
0.04122031134036403
0.02599760026515665
0.020318993355287553
0.027480528768714846
0.03100159146568066
0.025457042740303384
0.02380469629799971
0.029378366576431437
0.020796935867260356
0.023440748568939122
0.022557445625779556
0.023102179900606756
0.025314161502568596
0.024291765235118785
0.02301394290114457
0.028059349358549857
0.021443066146717496
0.03011170265530346
0.022032513957594514
0.02605535856861097
0.028796396348617363
0.019519606462933076
0.023606966488712293
0.02754092268772513
0.024353191929629786
0.03127717589464316
0.036056799697283204
0.03093028215724083
0.03821634445909984
0.040349047593396976
0.03776551449886017
0.03697920843531416
0.02704916447038781
0.022621453362129496
0.033647739841183986
0.022916318777359466
0.03658832301566672
0.021881826904921436
0.03218479441811162
0.024267508090903018
0.03364977904593138
0.021556576778749573
0.02859265797450307
0.024660503271560875
0.026280481312183024
0.03922916507962557
0.026315509578609227
0.03452409783259386
0.0355326937025987
0.022894616496023725
0.027568390983301275
0.029402727991261694
0.0321185324535063
0.028758556661184622
0.032134445180692014
0.024066511396313925
0.03375040133633431
0.024703146082442482
0.032823048751843956
0.026029843717617584
0.035870369138647766
0.034064608135726725
0.033316830193962664
0.03502260848364789
0.04050070455328524
0.026071399142546945
0.029980664106736984
0.02146129641750473
0.03339386158683947
0.024768979128706074
0.03853800587090025
0.026861772096563007
0.025210544478772624
0.035388821276641794
0.022448530437389442
0.02720980962203049
0.029391382295992242
0.025028760672724134
0.026472354467680016
0.02196234875140647
0.024009705140302862
0.026803934978349674
0.024920917855488382
0.030618378596667863
0.02793759098345228
0.030545422846046007
0.03172797226014831
0.017652403151979145
0.03197461998319048
0.026263326240293275
0.03104001684703475
0.023508249232982
0.025214205669250284
0.02989272770309273
0.02679322452817663
0.0234359320342183
0.03009699713362432
0.03493258474558765
0.03633077917071459
0.024635924609247024
0.02470800947037862
0.02259961299179493
0.03341163729441021
0.025304858929316172
0.02468735404932387
0.03490763322810426
0.024190231767920553
0.029027046732008982
0.03420798642510309
0.039797159047352815
0.023659153307361323
0.03282213844823902
0.023807249409783567
0.02118618536096475
0.02329493163930729
0.027051267791030415
0.03481184934807484
0.030414150491588653
0.026340406643121605
0.022555777827421533
0.03356153759794495
0.01820887273590816
0.027075024224942994
0.02674317848302629
0.02854314272568772
0.02590297180997912
0.023374461886094617
0.027031628395879102
0.028658653925705047
0.031367081394014854
0.03532376580773561
0.032418115853613115
0.037027079778306694
0.034367370587835164
0.02553368804159764
0.019797396751672323
0.022681792704844925
0.028895134506398357
0.029499243776853843
0.03573161462923755
0.02536190859038292
0.028794231393728036
0.029907453827913048
0.02474816496227543
0.03261533212990296
0.019597535497437753
0.03787493311765271
0.03387119179747369
0.031774958613485414
0.025931007837296995
0.02511483834447099
0.03210767527182031
0.03832217072831335
0.04029752716105447
0.024074152729985455
0.02690208008831527
0.0338652311822848
0.030499196559909503
0.03771728334449453
0.03949148539905074
0.030388911732065385
0.04013207032209121
0.030027140657713752
0.03644456293411038
0.023188754727237956
0.01702672932316851
0.03933980598947142
0.028124798441777753
0.037254764015268324
0.027121988769876888
0.030405574105283276
0.028050136276654453
0.03703906261296188
0.03174421903339257
0.023714514435717964
0.041465624681346396
0.036879670788513536
0.035956769864136894
0.029448393489687304
0.026100739021572266
0.033390005028673175
0.025373555256627114
0.03584890351585748
0.03321481571551506
0.03650220573126965
0.039140803020331294
0.0366866563807154
0.027048904974947625
0.023600314361448358
0.0211718619171768
0.027737667859429032
0.03727344876570984
0.029623333812058252
0.025083464754295792
0.030096000166135076
0.0256435001754831
0.0276102170521268
0.02246455657947642
0.024592273987191764
0.026292471589224074
0.031957732448188426
0.026603456785515307
0.028178644490608924
0.026829356242276885
0.03623059826553488
0.03588774826194
0.0326943598943305
0.027798942605481547
0.031187853845304588
0.037804843657030164
0.028459177180785552
0.03445461244289353
0.04093883095814271
0.03050797513978592
0.03292506675934018
0.03141772883983759
0.038257144959954886
0.025172406075801776
0.03185845524971792
0.03171793575332459
0.03186122928156819
0.02818385725048941
0.030592152112755934
0.02360108371158227
0.030491104307467844
0.027333681372784156
0.03252449862915842
0.033039680248244774
0.03627547004007118
0.03210549815928027
0.03171734784257138
0.0300931163220096
0.033911060750133185
0.033985245542643185
0.033094929420804914
0.03288386908072968
0.02349465994081826
0.03204510143288274
0.03231887472960131
0.03183169052767821
0.04098573072381759
0.04152080760816888
0.037418763027204864
0.037255962104023
0.029571800093594433
0.03507229690112262
0.026450865770854818
0.027924073876079314
0.03998837487692552
0.04171217184297645
0.033668504061511235
0.025936678749649094
0.02017645912028797
0.02609234511675853
0.03463805533056644
0.03585585984561865
0.0317326924933449
0.0387792464713228
0.032678417286545185
0.03796339626036241
0.041511121887595114
0.029802465123996556
0.032489399427164146
0.0284576477295325
0.030641546221653798
0.029523084242113726
0.0219217750778193
0.025163534818374668
0.023235964090704095
0.0331343163663613
0.023834814605483694
0.0338644881535215
0.01998496009903449
0.021183050702284486
0.024516918973167788
0.020810433502269934
0.021375718650973017
0.027858948087379536
0.035109304351268515
0.026584037438493986
0.031073439724471224
0.02770411580704209
0.030308498786944308
0.032270853671640114
0.024461072811305724
0.024743445776419768
0.03812199815154404
0.024131922509829234
0.018533710308516194
0.03028008689079666
0.03838554688395158
0.029999109245906434
0.029769898027297063
0.03905955213063649
0.03257289170125929
0.021840605111589778
0.026737963384163125
0.029588683362755233
0.0385116067358933
0.034565424117915605
0.020971512335978205
0.024403134512248344
0.0340881114247638
0.028265016963196693
0.03065740167314847
0.025633050793348874
0.028594028269411025
0.039151676232513366
0.028365917998128345
0.027057926918557584
0.02969412784594382
0.028710893924660866
0.028247553835741693
0.03521571766157834
0.020827232257311555
0.02305023087013804
0.02742404396364615
0.029333942507879084
0.03786289641137038
0.03763690631925957
0.03520012663311961
0.027124943609676277
0.020726793520465272
0.029165544711932775
0.03399475329414822
0.017394855507448168
0.016953052234922186
0.02620309762222776
0.03558213108646416
0.028922436233484887
0.03124268014096457
0.03233855013756802
0.03032215116116953
0.013908107691399118
0.0279854761984776
0.030274003141474378
0.02564902617090218
0.03586653070151195
0.030299715230345654
0.01869490185553604
0.03142048689099665
0.02535325887376221
0.03138100786058983
0.023222004978657118
0.018014073448896138
0.02301170026916254
0.028311771720957182
0.023802085331728538
0.03464086777030851
0.014674005764872213
0.027850513199756198
0.023733918156933147
0.0397276805330639
0.030196647457811702
0.03397003075279272
0.03160108989439903
0.03655189658101789
0.036946643033279505
0.03098671021135068
0.04068203920386385
0.025942075307885424
0.023054215612334276
0.031960200220841006
0.02410854169557955
0.025951981976635737
0.029325106050799188
0.022350745563627136
0.02774201154668226
0.015917248313979615
0.023449253090232845
0.029824221657739812
0.02315688104065926
0.04040860703258723
0.021105615203989906
0.03689348495807946
0.031985411281312624
0.023176470421176647
0.025117535712127503
0.017872707626123384
0.028769679690604795
0.03537387356914297
0.024209649271175637
0.018557906051060762
0.03006689004659568
0.03527874923126273
0.03145342911220752
0.03529232946948554
0.035279517607529697
0.03899357130206064
0.02913520252230324
0.03515585945138636
0.034585793512895764
0.02553382609559335
0.029095962947511617
0.022604492977061137
0.017377329410598198
0.030344525906965937
0.035541695699839525
0.02662922739268366
0.038202035995448365
0.028679364758996885
0.03441931154991345
0.034518761219896714
0.033441606518390565
0.031878744688239556
0.039384636477819535
0.02459501895647542
0.025997611588645192
0.030611098179872318
0.036233877712413334
0.037217914134056444
0.013873392887906741
0.0
0.03634665346071608
0.03645586375331138
0.02681811744205402
0.032407997398886654
0.03189695462171895
0.03135847060155763
0.019862871541871507
0.023852198360738118
0.0205014056062831
0.033776368631633594
0.026249269280129228
0.03196837007138216
0.029275792267246983
0.02806037235698235
0.030762422980653292
0.03714773593948559
0.030452233701158928
0.028514082749137953
0.021785474748097517
0.027094392151159524
0.030741296400890628
0.034004047623085835
0.023450314525544014
0.03490222766847729
0.03162000127638759
0.024385122063693327
0.024674586006906838
0.026985456450783842
0.023203907637292482
0.027136492369501303
0.028880209485389982
0.029606426399740832
0.03915460141775663
0.03208119540908712
0.03007225540417199
0.03528299669330828
0.02363500732388293
0.023058570745073413
0.026080536689263117
0.02277108125589353
0.018414959991810965
0.027928778351768754
0.0322546234765227
0.025485178037112713
0.030199093237030232
0.02413047850553831
0.03116706313874387
0.029712470282641866
0.01633134960742685
0.02734786276641424
0.023317268360862953
0.024498901818358246
0.026014311148972524
0.03466856239335403
0.031223541673199923
0.0215858318225688
0.029030948619016932
0.030883305490183515
0.03164936065357396
0.027047365084008707
0.025677656738154676
0.02528639600325318
0.03119897970084841
0.03283854151116615
0.026061936176327762
0.027125881124592213
0.012608100379220543
0.024552803404324895
0.0221283850781449
0.031713214272115986
0.03576555483772064
0.026312950824680235
0.0353640001446585
0.02587050507315239
0.02641564488057769
0.023391731645794993
0.022167267082093964
0.027443939794663724
0.0279907091021434
0.03257801838644658
0.02343335126764106
0.0308466992756113
0.0174149318761228
0.024320670558777235
0.030068413754968864
0.03479145804882665
0.027588607905936497
0.02248594495735056
0.027155008139038567
0.020812928929180352
0.027146796734564355
0.023506435897406648
0.030374238265948043
0.015849845168859115
0.030268654635757286
0.027379667628050195
0.031219371353604905
0.030092229973200768
0.03660540886966878
0.029837866228984374
0.020543755598315894
0.018863915562081255
0.02600829724608328
0.029545407108353385
0.033458621658101734
0.025671571268130886
0.017578868388165803
0.0213191600708858
0.025832458965263847
0.02781953121334662
0.02335694152305449
0.030414630361065984
0.04100127145770797
0.03555336000181131
0.023861955245222492
0.03746934448673091
0.03138513015869336
0.03005055579675487
0.01156543519501105
0.023362116783199133
0.022841463884786462
0.020822929214270043
0.0232025169016516
0.019744878028871236
0.024662922006336276
0.028648384091951976
0.0
0.03702498403514131
0.022890625569433398
0.03191059791621534
0.0256198258932413
0.01802113015497355
0.017308503934322123
0.02473099160403288
0.03467292256777076
0.022325819251261467
0.023402643887355325
0.017707833727854363
0.028617024739101844
0.02510421860028432
0.03424465825701874
0.03128486623220025
0.032552329294473874
0.03765053645916973
0.0359960210480139
0.030185458515597834
0.021782239433997666
0.03527265132620823
0.03059904682409594
0.027520090645614767
0.029943436459953014
0.02307293314600469
0.01877522283711533
0.03265156242724074
0.02857648951547032
0.031559921318501445
0.03427152447107412
0.023382849149750744
0.027179810666322503
0.025074206302382652
0.026578716853067886
0.020618293312614413
0.02378139105939769
0.03422020488881756
0.03596714441610403
0.030935060587122233
0.021449424830413365
0.03452830790934653
0.02972076783143401
0.026142952045245405
0.028252589358145612
0.021172332617645707
