0.03897244587926837
0.03594900675844
0.022591024079487917
0.02181663175927939
0.022626433678830174
0.02212997823500064
0.022610343253015162
0.012903307560466816
0.01912574922534081
0.01384960497413218
0.0170362203615239
0.016718021673032924
0.022329054066341503
0.018352609611782682
0.017084083977737884
0.02263881452196643
0.021796563693389844
0.025182128586757738
0.022632915118472853
0.031260849407756794
0.03193844928212506
0.03281889365090457
0.020725294858032817
0.021812223491877183
0.03991498559113786
0.02943452818426679
0.020926069051362715
0.02785976612329052
0.024761091854207475
0.02750818110934349
0.020675640107140566
0.03107151910804223
0.026173915888087266
0.024355859075361967
0.026257943375000307
0.023005475824512265
0.017438963649253927
0.03457450002648817
0.025782456045084896
0.033839403188960025
0.025499551860490244
0.0264153017395902
0.01736655361591356
0.023392937486344016
0.02562108316892338
0.016867597934056813
0.028974381158188726
0.021396155747236446
0.023034449820721493
0.035254088770535784
0.02108683683548576
0.023874207908442233
0.024658386652244745
0.03183125914403077
0.014205975229537005
0.026675151470235414
0.01782148662149147
0.021590917932952706
0.01400763103856247
0.024046146070420476
0.020140526018763743
0.0171344959511507
0.013009399554851843
0.03653378688396988
0.020245031249173262
0.024988004136985358
0.035584789953890424
0.02368482587480853
0.02087678749424829
0.01431378974974819
0.02111944440705051
0.02276583828283071
0.01365676710564321
0.03306879013049075
0.026688220736169308
0.0289928616221304
0.017274255043311978
0.0316700872547853
0.02723418221317733
0.03117861915719114
0.02607604065270646
0.02658333666682197
0.0340170426443833
0.01825351580574291
0.03130281356814787
0.024070888919213423
0.03178272244892351
0.029952110014246986
0.024334656236299865
0.023506025758515618
0.020446271919350025
0.0326257944598885
0.023693895297312327
0.034494881545480506
0.025122431473386494
0.022660273659071414
0.02203290545968921
0.023559209053242856
0.0225132799445581
0.013049624473098374
0.02434940420385383
0.025365314233670364
0.01602013636817812
0.024116383305437496
0.013190097423488246
0.024526980795369017
0.02451957287205157
0.017011191793546297
0.020968591162259808
0.027998326609557297
0.02238333964255234
0.03368487223703707
0.020334212617792717
0.02482642856137639
0.022629623534650364
0.0207578963924575
0.012769092298767533
0.01111090842438189
0.012706201495682717
0.016713865809111914
0.012808373024999068
0.0127725119520615
0.022269896719001647
0.020553850390498653
0.015749687524237176
0.016569167738771786
0.008056648469156154
0.012706689550521576
0.01700166167996519
0.012683119735389345
0.012692114551081646
0.013636574132182087
0.015680613311108038
0.014905003040086955
0.016709287815837658
0.017109339973242692
0.019858375954430404
0.01302804658095585
0.01176618853571643
0.01966851144012243
0.014552432012299547
0.012715060573932286
0.01130260562163104
0.024623308171121117
0.0170132347033832
0.012964488508760698
0.01960849902943737
0.027052773677073736
0.01704073828118493
0.013722355735464103
0.020916943790754844
0.017635615208246476
0.011414642429597019
0.016798222877658812
0.012819150127836118
0.01699593140179144
0.013113721655833119
0.01284675418652074
0.01428774709751332
0.02195725235930028
0.01268825734028648
0.02172970587007561
0.024600718493346645
0.012746987596203982
0.012783932519638302
0.013156371211106981
0.022026533640134946
0.02227996946390411
0.017113437790227934
0.014483366707623603
0.021595169590443067
0.0138717583487999
0.01576068129277732
0.012940153133217256
0.02412357952582686
0.01431755490211229
0.026233760229902207
0.019388381811022846
0.026558854051332823
0.018064229188855495
0.021017710008466663
0.01801516775164741
0.030382420974142243
0.017610597867477432
0.0181373538577159
0.01868691331186077
0.012637732892677627
0.012822988042314167
0.012949028196054806
0.017736127124036973
0.01894800892207709
0.014624626191804005
0.02665759410974668
0.031074887909693302
0.019146807054310645
0.023360542700031565
0.02286898808955045
0.019469029723512193
0.018560481734648523
0.012706084784683071
0.014051754378408162
0.012419243325491968
0.01162286361283229
0.01827790714735959
0.013071386579514493
0.015194725495674105
0.012850544346446982
0.016699293976468
0.023684458344661333
0.011753305949816824
0.013798055896937049
0.025067439158841527
0.013150174482136116
0.013591753091448083
0.01468538208519693
0.011705233585906093
0.014103244269040534
0.014768022754173219
0.017934088278761202
0.017191929435411615
0.02582528450687235
0.01167484852685465
0.013453695588945009
0.014063419677149113
0.023090247985537035
0.02035598207563949
0.013305244083109133
0.014460446569325108
0.022205053566995186
0.013102591941418796
0.013273729849091621
0.013114529270833784
0.016977278430467743
0.022289565340591573
0.019698732776961197
0.016794856124718642
0.02280204707416643
0.012913261272600507
0.018032076385646165
0.019398896086907265
0.02227180503147419
0.016703715043759813
0.019232990299872754
0.016625318681156197
0.01376240883308186
0.019275102415421814
0.022041065348287966
0.02231972957900705
0.013862385370671165
0.02222697266026135
0.014014305658616305
0.016744410281195325
0.020258186337626573
0.022548904680455197
0.016927027667571228
0.01751255522596847
0.014343377405248728
0.03167900797310429
0.0220019254148359
0.01617275564607033
0.03653713817483995
0.017151371387139874
0.01825617684511189
0.01694110242501943
0.027955495193332583
0.02486871936874498
0.024568373920231364
0.016674895105872046
0.013664355834615867
0.017047051261834104
0.023103082043129955
0.017363341531370022
0.02322699586054189
0.023518033377891132
0.017798317579602832
0.016425051429219347
0.014239131321840702
0.02232590081619102
0.012771987487423022
0.015013341071823009
0.02009441223257074
0.01718046296526053
0.014229879181357244
0.01836566516213061
0.022270553797775264
0.01398013804082863
0.021548860064857227
0.016136846440769917
0.023111815388738403
0.014837150550560618
0.02093192576676966
0.024437817939670873
0.01412937317479092
0.017508804345956936
0.015210235436129841
0.022413761089116708
0.011459285397113543
0.018780827445976808
0.018329758533052198
0.023607179649420204
0.0178139749848258
0.015143968789174763
0.01784603431873871
0.017213109010649378
0.012820750918920492
0.013125113658936451
0.018316888534304243
0.012851964830328418
0.013529633817004139
0.021253182882570776
0.022847219895913318
0.021039148720632422
0.016749094626650734
0.026001101813192515
0.013331731645464032
0.025082673813035007
0.017231585514931508
0.013254180057627114
0.021837348119219974
0.021223834406628783
0.022218683547861107
0.025690331500877947
0.014062413119731616
0.014238594898637264
0.01911385397591238
0.01779094045356294
0.02525715305611465
0.02694899818100855
0.0169611789708145
0.02714934377455345
0.013219132112680417
0.017590262766300574
0.013156672147621534
0.016047266895409355
0.017905639265884937
0.024572496036015478
0.03242068809213261
0.021754026191948904
0.020050520337699503
0.014213049954179486
0.020850558027064876
0.029300896276583607
0.02167251698903473
0.015937820201018756
0.020454849035266846
0.0362394138884667
0.02566608568714749
0.018257997750985713
0.0202920779074002
0.0182457017164317
0.018676173797649197
0.019025418909645625
0.03330786360698059
0.024799538720508472
0.02994489319720209
0.026396023828599676
0.013840967076942271
0.014518583099676763
0.013988732195751174
0.013892965508666623
0.013581734343513651
0.017629563852375935
0.017883316663552355
0.016865311009287762
0.02898533335357826
0.018215427361018628
0.02176949840447998
0.030192409796063684
0.024580951224076088
0.013589807949750805
0.018892343213405948
0.013431641320239173
0.015199082342036289
0.02013530480921511
0.01600268218387559
0.01581248958134038
0.01581928443795378
0.0167084413153202
0.02325887418241894
0.021225508974806705
0.01520852088373853
0.017448454414710296
0.017118712383744773
0.01537558083947144
0.01766224800166225
0.019958407093315235
0.02048012966610872
0.020885540506637563
0.021754294725409833
0.024220059819909632
0.030419316338471537
0.020922866138270796
0.01799974462473165
0.020881163832507085
0.02028909433935156
0.010574152269672595
0.021140858088545003
0.02439404389338147
0.03605818821462042
0.01690684786743233
0.01732652775370761
0.016132114172900613
0.013114538370322764
0.026462538658975493
0.01606381726116193
0.014638810322791428
0.01434832129553826
0.02788089165888435
0.017282046506128947
0.015210373412028093
0.01331102464542505
0.018687281177648677
0.01293117583808828
0.013011025311890925
0.015413527082115628
0.02044801938758372
0.012808021188996266
0.030220724635918395
0.03040839561042315
0.02148459405161055
0.01768427416696825
0.013287428482090446
0.017421658197006754
0.020914715795642587
0.024368377087711262
0.018394234099983565
0.012316388959431334
0.017502732974095932
0.017475698291564177
0.03462845807882093
0.030225038773755132
0.019391364245779637
0.03241816658333708
0.02632158531153662
0.0278096228848937
0.023969959013836466
0.02033538968017199
0.017456910637337873
0.025876345949416405
0.02151768779864597
0.017915773277338464
0.030827016931175878
0.012996067819836024
0.022559006228112105
0.019310718828865533
0.019806664503393873
0.01984409354745137
0.027450553878564998
0.03686757593604452
0.027894706368323637
0.02582852547451173
0.023825831817850498
0.017549217168358888
0.022677171952428334
0.0385221628861695
0.022429909220030655
0.016353366342947002
0.01777876935467924
0.02191967949889094
0.012619409164986016
0.023753994020600515
0.024822036536639173
0.015824234289496874
0.022461469134386552
0.017891921654897766
0.0227302806751946
0.019591610591866437
0.018320254720216086
0.02801460248798828
0.017752056073245422
0.011985444097117598
0.018123213223808422
0.029899730418991535
0.02032503367610493
0.020320291443390676
0.011791134505450471
0.012791503921874612
0.019180114420815
0.022019725544310646
0.012827820336414645
0.01496537566596085
0.024128594429315583
0.018231824526799285
0.028248569636517888
0.013255823287377422
0.018552273242662214
0.023311177088590467
0.013214708253558465
0.0242015375007632
0.01854717700783599
0.015623198196932201
0.01407971860072582
0.012265092222328468
0.018590740438807842
0.013749999688132931
0.020061568178275577
0.01631114652816057
0.017437209759087028
0.022392247516662963
0.01253130816510749
0.018807274687301187
0.01284788884240001
0.025992148922395753
0.017574830453467406
0.012967785663113223
0.017149998384201854
0.011431651978060734
0.018851938556634567
0.012613792438239976
0.020449511919114347
0.02554209625953984
0.018919097744594614
0.017757955536750986
0.02040589642628816
0.023554151627025104
0.018069972649041283
0.015323783237422159
0.018826633863708194
0.012367334512964206
0.018340206186409167
0.024682582129104735
0.015834294970797483
0.01713770997303899
0.020473294440670763
0.024101790765936867
0.02138377983238697
0.019754321972362834
0.018526892548502323
0.01821661205767967
0.013162686275984842
0.012875373755524304
0.017989457304943904
0.024587554223753114
0.01777067812891787
0.023413152039505482
0.017195946456418126
0.028330221189824797
0.016611363543947873
0.01312495925668343
0.016892136767685317
0.013509774032981547
0.024520434486207623
0.01662499831978766
0.020549064592842177
0.023293302366775414
0.017205673640348876
0.01921517918282638
0.024829758201837616
0.01717045746518129
0.02816350529088036
0.018713706089521644
0.01287976726194778
0.02428604799990337
0.017189465607667962
0.025719232357418808
0.017440734566076626
0.01392110434492256
0.01227246544296984
0.01118572194878923
0.012556301484115455
0.015668467957174366
0.012247769479469397
0.01759033616001188
0.01925114672197764
0.016869616954750314
0.021005512803071492
0.01235053253912559
0.021331995932870388
0.012829964778682038
0.012879086466913036
0.010753372032181338
0.012217010822801362
0.012241148588991854
0.01226091776970858
0.012342201221824256
0.012917125114444875
0.01080675499687577
0.010814806433196126
0.016616110234122173
0.013182718182024038
0.022100323637336154
0.016874870317723924
0.021962567202515288
0.012260742373753526
0.012425431416610367
0.021936392650114555
0.016893494335986286
0.016879243292280625
0.023687075020520747
0.02196526730454244
0.01685060503921151
0.012644854460741487
0.012522267189113825
0.016795921028258606
0.024668500774874823
0.012849633691276967
0.012861914735631952
0.013759081207969526
0.012650535109455062
0.015671563654434756
0.012846460160941844
0.01868188885826322
0.023906056409948195
0.012439172091957485
0.02446064192739021
0.023188603054625775
0.013720950773361149
0.016877978815012157
0.024409247770511525
0.012764583807464196
0.013927655254026084
0.016852535544540474
0.02492844299467755
0.02182322311942028
0.022008757827228678
0.01684518113645559
0.01753562928883809
0.024407130876766294
0.014527184742234116
0.0130504040646257
0.014604684032443135
0.020138865932410425
0.01243613055665721
0.011058356348255395
0.01555224611792455
0.02062843554804873
0.02263111774885413
0.01704065682067452
0.01127521499240702
0.017339167265022992
0.013413014136361114
0.02474319665928395
0.017392939728522093
0.01355943234636157
0.01761620856271296
0.013474626842905738
0.011945960245518156
0.025900778850065472
0.018145880705066418
0.013682579861512466
0.024199888942720394
0.02212627161905046
0.022327821308851487
0.01586229679538876
0.025813133427772778
0.013218640688058695
0.012429143950141282
0.01728971667748197
0.019407840115224676
0.017306938296179887
0.02119707730985569
0.026374301147897718
0.024916192441975474
0.028629668247893546
0.02307825142864166
0.01796792725053795
0.023492815013442605
0.013969172127714806
0.013208875639249364
0.013287124047163982
0.02805646182056619
0.012183015314369284
0.020031046864820243
0.02872282176173948
0.02097900665292297
0.018137139152165076
0.013094235896590329
0.012518781611110048
0.013635331017006265
0.011303610111928831
0.017631531332656405
0.015097622906192905
0.013023759293648223
0.019087765310926263
0.011348906644364463
0.014783300093949861
0.01600526411569408
0.024605014263348827
0.01695251209939105
0.02227030085292967
0.02055713329718905
0.013625304698427832
0.01768099901023695
0.0281520809587063
0.017010470857558718
0.012464736436532575
0.01668648380606293
0.01715379824922164
0.01780876121496387
0.022416613409453414
0.013820516739374586
0.014571649444833782
0.02263795192326372
0.02439823374754826
0.022890817528845187
0.01940077567231527
0.027540757224016648
0.014888588150828774
0.017017299960169926
0.013881520742019263
0.01385607219721536
0.012083337803277914
0.023556872234140616
0.010188895909218502
0.015219088179733406
0.01736771365069391
0.013985876947200052
0.014105938935427172
0.017916585576027703
0.02587191002175156
0.030265236621521155
0.013132794768314408
0.015522373162744978
0.03051637381428167
0.01791862797239579
0.01414580997174306
0.013949984787598641
0.018901318952538715
0.014536715957877137
0.017153612846791157
0.021976105923670854
0.02006521885397856
0.013892924109616211
0.012482593275838177
0.0135451578556488
0.012431563342109835
0.01799753789411206
0.01399775026193692
0.01717859484858158
0.01710125564523262
0.02757219365701608
0.01555149556154087
0.009337275324797223
0.012536433592666348
0.012761466112219792
0.020760963360024687
0.019002794375154418
0.024224719444569894
0.028275219553756337
0.013617375105678379
0.01949169803776869
0.02210183359847038
0.01701452872029517
0.01876365019804472
0.01663709291690183
0.01364176755638724
0.010890392827769097
0.016665431574088493
0.02607892358583074
0.013078636209907788
0.013892488865390495
0.024035114358417813
0.012421802931226324
0.017656297406654156
0.01766942767050265
0.017344403104448406
0.022157116494819426
0.026529097456978706
0.01919511370824616
0.017971104853069006
0.01144941087185274
0.022097161538589108
0.01400988634262724
0.017096284788295377
0.02136512642040762
0.017448370153111774
0.01788526667847031
0.01804355193746506
0.016357858426838772
0.014280443248547952
0.023560805564185112
0.017710946476998658
0.017008766879465426
0.015850182449659727
0.012432225366182556
0.012695694974631758
0.012333703796237848
0.016456680008096653
0.012675945154329012
0.012680551876353334
0.012591794056271585
0.012610743263847164
0.013667773794221195
0.016872547765323508
0.015764201070562443
0.013020874405225851
0.017047191766534422
0.011495974253413947
0.01343273543648754
0.013272599668489968
0.017080422524340548
0.013628369943338789
0.012764204684281012
0.012773862989192662
0.01266670269293125
0.012697086201172344
0.01757845255191701
0.012916648490309789
0.013755808397424954
0.01408622195178686
0.012683306824326232
0.0114678728738158
0.012746704197120437
0.014013285803122692
0.019823632407810574
0.01763392007254767
0.012672480222908277
0.012822649232250467
0.01055602776721544
0.011676583532866072
0.01555200306498599
0.015773571767754468
0.01629370014184928
0.013413699315749312
0.024714713504307526
0.01723050622239518
0.016432097933617655
0.022455124472211235
0.015693052004700076
0.01782029068449785
0.023051357596950817
0.014366573792275185
0.013677120972266024
0.01350144633881864
0.013176211953533704
0.01276518952098504
0.015959249738180838
0.015979321674452412
0.012790481775132577
0.011140118076124748
0.01290737842820481
0.02264183034650685
0.01286494448318972
0.017183928430949652
0.02478304919137718
0.017468724547602146
0.017042740674184403
0.013681423788805346
0.018010316693495322
0.01704826609951874
0.024843551741626852
0.011594435775540068
0.015863819752033204
0.021782069611687483
0.019645920335737026
0.015436774854923575
0.01269454268262986
0.012767769129465584
0.01682858694619442
0.01320108227112034
0.012764044217558165
0.017356671696803695
0.019591275629616364
0.012787764003530865
0.012772083286301488
0.015804453608101288
0.014935428858217956
0.0174535933069246
0.022971052573497804
0.013319113238959271
0.013123497074843832
0.012618257180063451
0.013374454330758958
0.01846679449031693
0.014802464581025005
0.012801243227645236
0.012787790019997807
0.01307529343694517
0.013085322871276669
0.013045616202908854
0.008640645478010696
0.01467974478022354
0.012819114003922178
0.01463094579873614
0.013888756614374574
0.012666005455055676
0.013182946298574957
0.013607405994122707
0.013214779663526615
0.01706094645205819
0.013683480100715108
0.017573296819638363
0.018701959533027567
0.017220383493987596
0.016989800736397713
0.026532300391786653
0.014674991921254684
0.013582026640625683
0.013403541609092282
0.01310248576129738
0.018014602743330208
0.013061273551142642
0.014523524802454136
0.01362035657878803
0.014604559181601126
0.015285301965859265
0.015467664123727428
0.014095564375451607
0.01121163388516598
0.012839507592669651
0.01833768893108764
0.013508714543767618
0.0209112016647179
0.013949957486992116
0.02118106282602458
0.022530111290448684
0.012862134979163484
0.013092576446215615
0.01989918062854605
0.024991078728218243
0.019629490682134404
0.009089519104746667
0.013601370886789256
0.01210808679262654
0.02314915399896074
0.02883691450833653
0.018316129095417556
0.012750845536233587
0.017748801825757166
0.02293577005901483
0.011673188989624874
0.014207589681418727
0.012831565709435264
0.015209584091033658
0.015140555826983341
0.01195474908509171
0.01416194574280748
0.012861038224895465
0.02368327277965519
0.02558202333905586
0.02817292015196314
0.016207786249978703
0.013169166838574867
0.02445318746503199
0.02413289499429258
0.020126495295726205
0.013952785822989758
0.013416367980111987
0.013521570836588823
0.017743544459887246
0.017172792268949747
0.013730775287652267
0.01399828208507504
0.013886577010282286
0.013412040316239876
0.015102820284819511
0.014570376998859368
0.015107499749020882
0.01509429117985416
0.017778751216339688
0.01760637339502372
0.02195268658860693
0.02573515226720839
0.021412557375871822
0.011239113401115152
0.012228221473478644
0.013181524777927263
0.022346674854562956
0.02322021796173329
0.02043541098939779
0.013612209159450371
0.016990533285756376
0.01573470164415661
0.014313865198627757
0.01383819676439087
0.015780824103680043
0.014595281581540059
0.014584350859560726
0.012685463974794368
0.016721812758834637
0.01759862801875182
0.01641401733306015
0.014887691157798724
0.012744244894112472
0.02389839679833445
0.016730364873131856
0.013584419649812747
0.023468191072646003
0.026630356525338975
0.01576391996159443
0.01648261880824094
0.01817626664527139
0.015945736598435012
0.013945982970016866
0.016101696513877013
0.015350839500659188
0.016428710024298878
0.02355599092630158
0.014202012040552627
0.012600089139069568
0.01357932855482921
0.013733519731744692
0.014093614539137274
0.02263862418798901
0.015990243504503978
0.015969880240280128
0.013879793431009754
0.024350777698053012
0.039107381396895166
0.021098634287851494
0.019508415372175576
0.018927725870399693
0.021057049073588158
0.018839940230502027
0.017489564695046634
0.030593176084164043
0.016392468051288033
0.014609040020223823
0.016729413815940973
0.02100681173601782
0.019503193434025113
0.01613591854631557
0.012862235761242216
0.013098818947237273
0.019925481667641073
0.02393705086393259
0.023657481831864606
0.018676483600506822
0.01297326725248673
0.015619407189935203
0.012438362592131392
0.012530627108364886
0.012259145957610601
0.012249689087029466
0.015387557221901374
0.012376999550253268
0.017138317090295084
0.012605051337548079
0.012734086195195431
0.012593240556831363
0.013728356597811242
0.012386770975744865
0.01321973884356312
0.012350461378729713
0.012890307401361682
0.01276431586906999
0.02543124055226605
0.013866092941777089
0.015524407830594522
0.01693467812282243
0.01700064598781836
0.024913758463828758
0.012400981372859167
0.015686228657049793
0.010791360856027365
0.012480473321686725
0.01081620472370048
0.012315291713962758
0.016590418126888783
0.013256570119504263
0.012370641391797126
0.012232547154574488
0.012634026146350445
0.013030954331044897
0.0116501044710981
0.013932483339304635
0.011475574307523818
0.01696376997839806
0.014279270132919564
0.012296252696067858
0.014081480580801872
0.01774548998262939
0.01502813712249463
0.01484358961860726
0.018692845052068065
0.01276415141998171
0.013919737122607615
0.013298938850733771
0.009397333948165002
0.017579362170241006
0.017693339744536667
0.014800949707725676
0.012651550150958715
0.011371239449813726
0.011472518209535555
0.018102380160385283
0.013461090998545054
0.020264080990205262
0.01917967490926267
0.01762491978862756
0.01107153514649165
0.022257005470188475
0.014459944035584043
0.01250132853828833
0.02213133131162695
0.014152528980912071
0.01989008119945998
0.011345357797465015
0.01729018143103549
0.012319668644717062
0.020086441972108644
0.012985584973774254
0.01802876811020652
0.014065596572955046
0.012908661050671023
0.023626045304527776
0.022787906074124606
0.02564558238523067
0.01282505972149838
0.017855767470625998
0.024174895034790273
0.013492583591818942
0.012929884200923378
0.021506937916346947
0.017039678330370525
0.013714595286035929
0.012520976093473439
0.017527367332973873
0.018646488377557828
0.012933067018263255
0.019933743623501823
0.012616805656477952
0.016472373428513574
0.01784921386931089
0.016908183169400556
0.01708398829812292
0.012819598187540795
0.013013074384206428
0.013061964749267657
0.011682307598271218
0.016493702882407143
0.01692432531728033
0.016915182082520498
0.012405898547778708
0.016661413411420127
0.016978862352478145
0.02157674445534796
0.015907352944570196
0.012548735026731227
0.01547495127793641
0.01305795183633328
0.017373237004513573
0.01240926102307822
0.011105692624758925
0.01751182286837477
0.010893704181228937
0.01247127760095174
0.012505838196618409
0.012873212190393191
0.012470393319512144
0.022094590799752463
0.016071806668636418
0.012951307903827028
0.016687308761024238
0.012842729226903275
0.016738698228524185
0.02201968996944837
0.012528752796002183
0.022597553646260028
0.013323926283236167
0.012691771945328315
0.015737719891156392
0.018035628825189293
0.016995621758558857
0.024680835809951316
0.015217286264311377
0.017074777237785603
0.01974708388123419
0.016999580419528024
0.024334397584746172
0.013751792327628461
0.013773241815927003
0.0179555607420793
0.021503878692924267
0.013894297028157464
0.012094356008615121
0.013481590972054343
0.02438686275490684
0.02000714545700108
0.020744299983609937
0.012237458797913318
0.018634066132758004
0.009959760528134071
0.007811032070091688
0.012448452004145906
0.012469989102702164
0.012604618178336692
0.01666390391422431
0.0159040225531939
0.012462740409538976
0.012894723615150155
0.011147177207145345
0.012714471724071832
0.011259005345648158
0.01259733828363047
0.017147694582654565
0.013957605417835812
0.013853569912962257
0.01847960705318165
0.013737151269459033
0.013732088005835077
0.01959064939346324
0.012891549182830359
0.013932583747779522
0.02240467655557651
0.012666498889239706
0.02094008519711659
0.020996073591269385
0.01402735090219574
0.019124293779444496
0.0142992096219511
0.012537493254678617
0.014044144730891338
0.011879058627475491
0.012923448881780736
0.013575771973139026
0.01272478607111158
0.012624440938116852
0.012709109563179112
0.014356528188423565
0.013059018080323712
0.012696305613138852
0.019243472605535567
0.017206272302927785
0.015333490539502058
0.013014063008914539
0.012939273102071885
0.012756264525670887
0.012818796787920445
0.012825306324303573
0.015708372397387354
0.013338117083506792
0.012861958054666537
0.013254928764635349
0.013054610164825158
0.012797615042568726
0.012778922341974756
0.012773826321384291
0.018675349939827092
0.01280509058929303
0.013194175794224015
0.019493483933868818
0.012834064966157584
0.01282305417770836
0.013640029382503333
0.012834116452296644
0.012745915367503231
0.012610717953887518
0.014022553298169337
0.018263015204916227
0.01695709090852569
0.01675235252501873
0.02504299627765209
0.012211240260286627
0.02036848723839416
0.013949855391185918
0.02296463985187672
0.013633165172658893
0.01321563259948017
0.018349498173059784
0.013950037805603848
0.014709488464555415
0.026943436839423428
0.016863416613337862
0.022029560819246733
0.017671343614026645
0.017711253992871316
0.011146736498298483
0.013034041672993596
0.016340323629005185
0.013107942634567448
0.018971648038405228
0.01365873011182876
0.013880297479273473
0.008203097723916546
0.013350466750059464
0.01276509557347686
0.01350987861611727
0.01299813609714873
0.01563857865786159
0.016706112600426384
0.012725665560241323
0.016379687957287996
0.013934036914324453
0.01393377292629071
0.01937162181781637
0.013525187692310321
0.013696918638105765
0.011115870256670192
0.012784800528579063
0.015841757024869427
0.01154342846157501
0.012384880681074196
0.012486540189295412
0.012943536922126188
0.010828120183260103
0.012396025174986083
0.012654250269419806
0.012382833071994837
0.016761227492788237
0.008592564792630665
0.010046376872908007
0.016867458635268683
0.013202747382436918
0.012831435954976664
0.010332567229665416
0.012599304967603055
0.012643464482139037
0.009880181700983221
0.010414526292102282
0.0126114192461083
0.008373399126333895
0.012589789983178657
0.012852153716660333
0.041646549101625116
0.011696013284448711
0.026883527910569298
0.020807669289108214
0.009771037253024894
0.02187831448078211
0.007182904600508113
0.012211872798633366
0.02819035742164332
0.030610615793964596
0.037345222802789665
0.02314294772051402
0.02355752949703991
0.04008890769639405
0.030993243923295333
0.03461973835798313
0.04030268186461054
0.017733584659873212
0.03253353658150309
0.033664374405630144
0.02556431735675074
0.006419191557353631
0.021303036875316872
0.02912489697245731
0.0395757437129373
0.03842226562610505
0.041253653506150685
0.024830341645049468
0.018040783507252522
0.03856248422784093
0.04114961271737112
0.03891134195562408
0.03847556725086134
0.04055369221854181
0.029357822863518172
0.027639218099435155
0.03835796843342989
0.024086773042135252
0.03399473569442636
0.011994474529965916
0.0
0.018680519162686537
0.03900105277368321
0.035588843261442155
0.03157974466017197
0.02912185284283947
0.025428153081553034
0.031499320000844766
0.028367800390943346
0.034922410776670985
0.03507863152578833
0.03037310419466138
0.02668897226196618
0.02647821235888515
0.028253527964564696
0.02708807596157859
0.027678552222253218
0.029609468929079244
0.01294452289667337
0.03770219194168499
0.03492740824902529
0.02985481953019106
0.03091897775897525
0.03465974033665098
0.03417302824014928
0.039821383743034365
0.04073784886682532
0.037538740132407246
0.02969836953608805
0.03607220106259105
0.029305559155357527
0.03476485096733839
0.031981722122869614
0.036860931736053475
0.025819706428060904
0.027159089876503614
0.021657469785037114
0.02605552204961127
0.03146992707783032
0.03410758440563705
0.030488828372551006
0.03307094329501166
0.035665831233498375
0.019264630646748045
0.03340907173751285
0.02498030944080644
0.04020349619945228
0.04164452139349994
0.02734565999546879
0.03597897363784951
0.03141043193749498
0.03286018690402321
0.03803205979527797
0.028856004496464888
0.021010136602916587
0.027447614444603356
0.024635901151741937
0.014204303651436824
0.03108261945023511
0.03458778086738983
0.03718897635738305
0.02143432281849607
0.03977709015501255
0.026042435422134528
0.03237218482938859
0.03966519646391163
0.03785393475850816
0.037183560073847446
0.03613326543464366
0.03020815418704746
0.034920816566241124
0.040629804875417765
0.03298361212552729
0.03327598579540877
0.03786281411164681
0.04028978739710771
0.03847404188209094
0.03218403900409774
0.0377481344132265
0.034620868139028614
0.032251308360626625
0.03927628419188704
0.024238769022374086
0.03535104678933917
0.01889779531784059
0.0229451641594815
0.025597690043352578
0.02325863730289248
0.025061776251395163
0.029055383392378877
0.026456981141514423
0.031137721146705627
0.028073950965263127
0.02319558126683022
0.027929911540740864
0.02290170182177155
0.03259300179486398
0.03257961891514765
0.03213479586978248
0.030831611011806297
0.029998938706124533
0.030165985178840123
0.016136772206671385
0.013941427594582988
0.027396846905965073
0.02171567552529738
0.031217300080995613
0.03305539753353462
0.030303773613565437
0.03539162290654651
0.03805028392798135
0.025334887788975885
0.02817545343930071
0.0225444768581033
0.024772803884754346
0.024430354698555257
0.021302802259327357
0.04044401612850659
0.03216458751323031
0.03142357941960144
0.035942697497696234
0.03726120392373815
0.04083523145438034
0.0216325301702089
0.03286112621366484
0.03392520739734192
0.0
0.0187017855330714
0.025711210705822083
0.02085845649706617
0.03388938846313196
0.041824671873683016
0.031130402270948196
0.035978351802854976
0.03071763704899875
0.02347520306771003
0.0405340869402492
0.02993473042304913
0.031144588581574723
0.040620834798950275
0.0373686381217258
0.035150765487469274
0.02826596668254746
0.03679566111349174
0.041388506167549084
0.039304869175852616
0.03539805035877673
0.024523204356645085
0.030683554469599663
0.03292835944896135
0.030374579951574172
0.03681153319198267
0.03515079663616493
0.03323460973473284
0.0382681675102407
0.03743952092820276
0.03159971598522591
0.04027508568345926
0.03461771253839029
0.030796134983414162
0.035683091820356734
0.03626268577890232
0.03229236407902802
0.03217539200664456
0.018929618250905084
0.03513415779139619
0.031226113930253725
0.015635818104995314
0.03274872939154004
0.03576906363577341
0.035196984805362035
0.026591844222221418
0.037315865451708355
0.03430194736408931
0.04078235792480212
0.035052770864216355
0.036424672883912046
0.029114807957167043
0.035024634666411876
0.032300301165778575
0.0279521797604409
0.02903248006974259
0.025083451454594466
0.02386293394084868
0.03354011462179238
0.024314764685725885
0.04135140165791507
0.027663956943830732
0.037490261355065446
0.03434837019900828
0.028618050675557026
0.028982406928686862
0.034403219346883
0.04133318508109573
0.039393260457526155
0.03670189762696204
0.03602576538240963
0.041516957083823
0.02735294784452167
0.02167137335800901
0.02953394786546493
0.03531196551257014
0.020443758726687165
0.03468165096360349
0.0209150532755716
0.025962222304332684
0.032447358815298866
0.03143665129768908
0.03073178135688444
0.018352812114223804
0.024540299819322025
0.015229311963739235
0.03172669680575137
0.02314767319120141
0.024427839651946743
0.02352915243314607
0.0
0.024495580153513854
0.016102300786029006
0.02723089771014438
0.031778473645125815
0.039412261178099664
0.039618567645568994
0.018810002664067394
0.028453697616654314
0.02293759766640785
0.036815749784409824
0.04181456277586864
0.03305809599422694
0.04154217263469661
0.03513752345078175
0.04054346251044551
0.029528999296331675
0.021100760983696093
0.033931218283842476
0.0277942458393701
0.02094386102700264
0.027403891424595546
0.028118740708372603
0.02281747887300438
0.01644494278296522
0.024989235362354673
0.023398208392131224
0.02492794399867566
0.03828037028216955
0.03563948222982484
0.03302967246682331
0.02234768909932297
0.04178412289201097
0.022631715617812877
0.020250223770430256
0.023331084100340165
0.022783301046613618
0.02711096690733052
0.02506276041186196
0.03298207701544851
0.029275106099895847
0.03633747410324613
0.028520777210036027
0.03250106917395171
0.033396523296381
0.032750967777456695
0.02356094761916691
0.019437331672521378
0.024040876912459076
0.028528253789633095
0.04074335831066597
0.0395534460786696
0.03730048012487131
0.025337308769811794
0.038392569297421186
0.030835960893761696
0.03559643163071265
0.0359157281394338
0.03044763899842032
0.02357036509935028
0.03796843219531694
0.0387749521584938
0.024859402009657753
0.030179358157154022
0.02933465388374871
0.02628960775551387
0.021854489305403665
0.03181206784469617
0.03409196622854325
0.038427143446915106
0.02804478330114454
0.023065808407684532
0.019899003663814387
0.025784821783185207
0.03996128584595615
0.029785174435830144
0.033259953062241124
0.03639009336687661
0.04113309516096287
0.03705244561712503
0.02381886192005549
0.02884878026530619
0.030814787585129802
0.03548933066804197
0.02958791393390212
0.027710076184666102
0.021077124268742174
0.030208875581340146
0.021467520222419642
0.0320854061062034
0.030723177110448686
0.022383638714719985
0.030509773101326895
0.027843011346910827
0.02252444812448242
0.029950545982780758
0.027618959526530467
0.03857542976422809
0.03435624156750799
0.02162646945862637
0.03813529036299567
0.02653343771545629
0.031483635996529785
0.02130585074199108
0.028269465985820388
0.02578629260214162
0.02650244403142636
0.017814974285072067
0.02559274653737899
0.022174539861347712
0.02481675033117742
0.03395966660326236
0.02866077959016547
0.032967273822165286
0.035814294635804274
0.031559595886489454
0.02647845871909632
0.033714622623203086
0.02449630652261672
0.027230113301269895
0.022628062441515915
0.038597635999435116
0.03657740002036781
0.03374383210622376
0.03162928800277526
0.0
0.012133597992763737
0.00985875589322
0.03378260092879761
0.026518133431012836
0.023532432673304418
0.0
0.03726425060498102
0.03958765029939543
0.028363791053844907
0.03802198741300877
0.03602229280765029
0.02379709749593403
0.02630107271840615
0.02787612171044647
0.030273982979325795
0.03473342258453119
0.039560836172238475
0.03384757945389601
0.04075135054492551
0.024326993468245916
0.024400058360585817
0.034932594216004094
0.026422816992768605
0.03550903994960798
0.03741225081646187
0.03375166846986976
0.022864859850871586
0.03547807141390299
0.03802742934461914
0.041605262362216754
0.02774933825932212
0.039443323612512717
0.03522298035419312
0.035817493633087345
0.03947418298805612
0.03683845824560687
0.038717451488535844
0.02660747397048723
0.030556185211938196
0.024861108118948722
0.02562167527144364
0.02833511170058172
0.029091735459672273
0.023901630259368405
0.022675173171885516
0.02333194035467871
0.030426457480895407
0.023237573177971857
0.02802026878274624
0.028085889367761366
0.03623686218920517
0.03642643183527583
0.03321287956807006
0.036216443505313375
0.02130427919717338
0.0396497059954061
0.04180066480523691
0.04127437410619366
0.03533213715270816
0.03690026485391741
0.026067591060974955
0.030689087096179214
0.03961263961260496
0.02874312197889706
0.024990618393042355
0.028620089628971668
0.03990164326719162
0.02667902612586707
0.03579875934207919
0.040187192552440326
0.03908938385464534
0.036101635084931506
0.030442903700775494
0.032332280557952064
0.04074533716283533
0.041283538006710384
0.03824802210489255
0.03244313719167047
0.02973318835633924
0.030705501800256507
0.036047558917395
0.02855918188658854
0.025347092122070324
0.04030269826858241
0.040545351152537754
0.041246391185425633
0.04144228131590566
0.03343079315354337
0.04007826571709401
0.028194948180037486
0.019612421600041594
0.023962024565249672
0.03339676405814713
0.03819296361122246
0.03207856784954363
0.030262378224145736
0.04087270898204099
0.040834264707857934
0.03665309306117815
0.04076105860533087
0.030876724963149835
0.04185854400238975
0.03840722499240587
0.037712105863899906
0.040119213678360986
0.03921174020569074
0.04088468405524876
0.034801975994879254
0.03961625839796772
0.04048650868447828
0.036242665491290495
0.03873884932270468
0.035477856348353154
0.040061239218764186
0.03614749030767161
0.03604971385267165
0.036344455911743394
0.029458373660450957
0.03952070312226309
0.035281149097216184
0.03287701858567234
0.02916111349653887
0.03626605545624408
0.025433577727893817
0.033664982088068916
0.03285276908231195
0.033826710668902596
0.038671231013559015
0.03346610986523863
0.036089791400469494
0.03690269065417208
0.037522040034648
0.0356094857266018
0.03470733515448813
0.030578346147831975
0.03556080739015621
0.022187081674929648
0.03827831168431261
0.03552740507242172
0.04091542511675767
0.03920609082220428
0.03542698695201623
0.037243972455429375
0.028197479250012696
0.035461068282422376
0.03021869870772002
0.03464952232978292
0.03439961164354427
0.030743073550613897
0.026849025819914888
0.033017321085949417
0.0405921251072434
0.0227896482131277
0.03861877511926813
0.03071857626847366
0.03524159467703077
0.03733394498847907
0.03937551031644618
0.039489490428171736
0.02936828379970947
0.03158077729171835
0.03277240389318844
0.031164978633395533
0.026148335922195905
0.03591875255807366
0.030379811228840863
0.03792642543540978
0.02974604613431839
0.036498339104142026
0.03870726315661704
0.03437224802080726
0.03841544760562783
0.03355602721316359
0.03980948136054528
0.028009975957978453
0.03499363219025418
0.03961499537480035
0.02403896685199651
0.023875921530320737
0.03492551284505347
0.04132932374334336
0.03687343190480121
0.040159120615330675
0.040348777190313705
0.036628054411158024
0.02853763127371096
0.014862642614959171
0.013027423814783974
0.03829928351524664
0.04143576002047614
0.03198593558923051
0.02566080556616342
0.034875516938767344
0.038658390244612734
0.039431123307919855
0.029241723676150664
0.04002409552000645
0.041649373591517894
0.03126585398694406
0.03962058393929708
0.03061839048886046
0.035933591728855845
0.04015313759289207
0.04167453844418187
0.03827713532497779
0.029018038852403404
0.03578680079861849
0.040973849758668045
0.04000483807577216
0.032340084414855835
0.03491166558315427
0.03860775020216147
0.023685600444204546
0.026528732713236865
0.041140026659026836
0.039877699545150726
0.036890071640970926
0.04046268004742331
0.031045317692824457
0.03522295482165682
0.036282341587803635
0.03785756406337445
0.027829824333853104
0.0334312011882706
0.03107122038081427
0.037475102847624064
0.03658523914239888
0.02970293331158563
0.03398675068268434
0.032708814625645996
0.040737768337241624
0.03696038231418408
0.022720759732138326
0.028366036046101887
0.03588606229269231
0.031402575298701586
0.03183929692895245
0.022388883742830934
0.02269744193082401
0.022123864370729697
0.022605664996190693
0.038227712700866716
0.02384072586682587
0.022489093529431244
0.038847102680380184
0.03053683709396118
0.03983501019344992
0.03357807750927307
0.03981037296446735
0.021439153589636
0.03926958339646532
0.038418470859861165
0.03568331774513136
0.029237339417579476
0.020943332385007098
0.028722565738650643
0.02628326208297254
0.026467461225478914
0.026931123985806632
0.03818113873676512
0.03400349503771633
0.03892309356934859
0.03545514188491689
0.025408239817401902
0.03195916979229118
0.025528079064477634
0.03713402958927553
0.03212321818283273
0.02952096108240543
0.029607408856844
0.03832705815993861
0.04054026798610951
0.03702755358188359
0.018566173366905754
0.03141807722090502
0.02578476595823806
0.03221271357873889
0.03399114673091874
0.04129613322499746
0.037780747787857775
0.035865363650456235
0.032937740226185126
0.031183012598060212
0.04180533568182714
0.02666008509770117
0.04028241296639347
0.029487964647677143
0.03623514208246642
0.025833504113413976
0.02103730330084151
0.031847387175746034
0.03916480333275962
0.038200576820283313
0.030555093371214165
0.034539849713191836
0.032761314353996575
0.03179931274807679
0.030269518997614375
0.025661896752665135
0.04021193861019525
0.033076198592748525
0.029898818867531762
0.023759940369769517
0.025998443939589985
0.027796775996433813
0.035646228663315266
0.02762138159843298
0.024052979653257124
0.01793337614926734
0.02642336654049464
0.02972188709257454
0.030551018697469377
0.031675882916553634
0.03022829547065489
0.03246196807658095
0.02756663020103524
0.01830414008667166
0.03795961892814503
0.03354229666341872
0.03464093417302707
0.02712757433396685
0.035528473791983324
0.027709591426074834
0.027286191491339356
0.03907065289122949
0.020488064217368117
0.03077008324339654
0.028921862936441015
0.021510031399455343
0.02744176366125181
0.03083764834403918
0.03336332685234267
0.02592675190388711
0.02428283122908038
0.03133535083849539
0.030277831009254956
0.0359800417603158
0.036071176565645915
0.03212362305531554
0.038242558427751615
0.0402741279327039
0.036704842244280486
0.018936287921342942
0.02607120732025664
0.03775471298986057
0.03628543339881724
0.039045772955596636
0.0375346977374269
0.04023809380475164
0.038686241345137165
0.03216933635802852
0.026895256281958376
0.028214745939667798
0.03063591235108455
0.04112763621492914
0.03809754683478179
0.0346793446621811
0.031005274168780506
0.03784773132255278
0.04008106003991332
0.04055531654621251
0.03672445012428153
0.0375962188908309
0.03952062763202357
0.030651160635880182
0.041876391005928895
0.035845743816107396
0.026780321748790678
0.03529241909712729
0.028848137251630115
0.03165022337445488
0.028828563133288496
0.03461481440345564
0.024473964340958335
0.0182061712991776
0.040913320959788564
0.0361428652264954
0.03742582857185663
0.03207075199315175
0.03734324250918771
0.04129651936071613
0.03824567345261098
0.03727765114361594
0.026886736927567906
0.03588762483313126
0.037594593112308054
0.037309332765051335
0.03881733476485622
0.03287958985998932
0.02927810617642091
0.03811536678060438
0.030820561030496567
0.035951164062265874
0.03406230957123327
0.037426896583122524
0.03537602557206655
0.0380011934619278
0.03867092659226221
0.03894700158192179
0.041532212065894344
0.026585505248323604
0.010606336702650975
0.0
0.03163637611010468
0.03608609430201543
0.026796638302593084
0.025787847042388665
0.04094258198195503
0.04169588153121234
0.030046640095185373
0.024165389131540014
0.026540276474973968
0.020530063852690662
0.020429815218096205
0.018688582484597423
0.017695522430547193
0.02973679028087387
0.03003825911139144
0.02777237160232091
0.03308494713371042
0.03592437663739108
0.025733299461483672
0.04099462764885027
0.03672052201064817
0.040160304922075146
0.03012330082752555
0.04090270654827741
0.03905888500902106
0.0305690935744642
0.03277770509551389
0.03673903190804026
0.037875535844104254
0.03947172492735837
0.03983032294679526
0.038977723986146844
0.04130307258540595
0.03816055651245142
0.04012891103002455
0.03054990954018653
0.03889480918767387
0.03194174230580419
0.021884241783910793
0.03517061699840176
0.03956968796653164
0.031408689984095635
0.03506627880434724
0.037764762521910494
0.02937147284836862
0.03692141121554696
0.03472374442253399
0.032274973741023415
0.03623896605767047
0.03725390160362596
0.037875728652847045
0.038961781660039406
0.03074931970400743
0.019702093349692553
0.029044423328754124
0.03712581457598682
0.02340149149279914
0.028023874119935652
0.03273207985229387
0.02575974777092963
0.02971107680831097
0.028703171354242697
0.0
0.03395794002828337
0.028620599205743984
0.03467424969123418
0.019777622248530306
0.035233263312980774
0.034092349099790344
0.030315898043898618
0.040223094289530914
0.029403024200794436
0.03892030765525886
0.029616073972340687
0.021476481370617962
0.02351629811526291
0.029786766454428393
0.03335761001058225
0.0068240227505482615
0.03438741189619198
0.024218454418235773
0.01152418702121762
0.02801242399058188
0.013170510402030728
0.024878029571792908
0.027526384052025205
0.034346767800533265
0.019192869812120338
0.03731932931731517
0.026527856036744638
0.032589875263339056
0.03932797181241773
0.03852808724050043
0.03345054368286313
0.030425052543075235
0.039205632318404515
0.0396320678458838
0.037612457492625095
0.027407755997182776
0.02903407453101263
0.0338864754464905
0.03581881619611491
0.038225274148706995
0.03048124432247477
0.027192322239995466
0.034906477963749766
0.04037749731390736
0.014011738937563972
0.03815819005865582
0.030690491403332937
0.02290324929960812
0.0
0.024998712199042424
0.039792718416519435
0.033037328077480395
0.024757452202720628
0.03753808956377259
0.041804465598068004
0.034435230399310714
0.04151921680385228
0.017551421525493476
0.02835245842376373
0.03279849439395359
0.029151999737367932
0.0233842531299258
0.028427840381668602
0.017082734591133575
0.02598415282323834
0.0
0.03454866541897419
0.03262537041998522
0.01732859321008556
0.03437193038262111
0.028232474414396122
0.00803265185290637
0.037866926049564924
0.03998245515579485
0.008579126252130814
0.0
0.034327857125021816
0.03221193842288905
0.0404777779860307
0.03377195078634871
0.03296055128376949
0.023559288597155895
0.027941801398422565
0.02372251659668514
0.037078003545921834
0.032246589648506734
0.030802763202450723
0.022730652523921577
0.031899496327538
0.03540412300603486
0.039691301370443174
0.03112172705660966
0.03410814277225866
0.02730393786073951
0.03280596781805537
0.0303002243715908
0.031764938998140035
0.040054669777630114
0.04129874246448597
0.03131852919787345
0.03314688415251128
0.03754149129518794
0.0289274861499081
0.041814725310580614
0.03437752038081471
0.02961498808053109
0.03429908339358357
0.03892391963999289
0.02808119269735744
0.041897115070916625
0.0254268230160101
0.032418303917579695
0.0390555197181606
0.03888508403359827
0.03561247899810586
0.029094752841596332
0.03735893003049816
0.04190609155970829
0.02395448295055798
0.026641340991127978
0.013276961110635793
0.022297857722211795
0.033639626094606113
0.02145637686935981
0.031426560249234514
0.03745197625368602
0.03532632826295748
0.03957715025825436
0.03546253720192058
0.02970783326208849
0.03875077294037745
0.041673283559315065
0.032459516732731834
0.026809633221101668
0.03318220856121551
0.038957926287371145
0.041436863093786594
0.03879532551094262
0.036473532044669035
0.024926467108253594
0.029755273241176435
0.030775240202914833
0.02478753333064028
0.030994740077514415
0.029962343837173874
0.028976645966328738
0.030669739739581175
0.018978859019274874
0.038671392609179955
0.03134689283326173
0.03884057240013811
0.011240005115657257
0.036420504278084714
0.034602485198160185
0.01297164589836236
0.03292413793395176
0.0362333785479631
0.02681344000683243
0.04134218834437818
0.04118453932270142
0.03342656032109803
0.015584159662137694
0.006981029240019026
0.021842642660630674
0.022008755823080955
0.035322068779674136
0.04169789334723796
0.04111511493838606
0.026234839809461917
0.01856560276425182
0.03968412402787796
0.03626984025673754
0.026465336740830563
0.03175110299887182
0.018470561397351523
0.025953747860376547
0.039408934268113455
0.03874065429768206
0.03187318250173948
0.030448584958243746
0.04164090334931315
0.04018618299828479
0.027906830278332802
0.030524654679922623
0.03337363810454792
0.025534916882574716
0.027718753228861262
0.0257153138814288
0.03816719471286827
0.02840601147431889
0.032055973690340175
0.03232420605689756
0.03756974809730634
0.030580422203479462
0.03788725320434907
0.031235581851862485
0.031598443083440376
0.023809268918548954
0.022429011427541036
0.03999621477587359
0.03451430835298178
0.032638665510777015
0.02967101403512618
0.03540339275643509
0.02537102991499556
0.02657349787234422
0.03330844377689988
0.03127489095682193
0.023195759113563072
0.028839650395292026
0.033799927728334796
0.02671857204724663
0.018738997908706277
0.034359440264679735
0.030160213637353713
0.03440974139449719
0.032119824122224784
0.035401769742034905
0.04037166772024595
0.03698755083297956
0.02905321652319894
0.026989698115850048
0.034473965690922134
0.029890834997670743
0.03207278022758774
0.036106631170539374
0.019368971233222478
0.02161640398204292
0.02876975989461955
0.0369732297275661
0.023833428872188783
0.03275696186637317
0.02686859411432607
0.029996718423354222
0.0341807555223176
0.034376726260939836
0.03590701456775802
0.0370849675674196
0.03700971336626541
0.03718825214598839
0.03871196419315408
0.038451920401197104
0.03955743841233351
0.03324169475426613
0.03490812941725592
0.018376465781672974
0.030266522746037392
0.03246115187980168
0.02411218317392808
0.03007936878062034
0.023706082919456185
0.021584449818070544
0.04169929904480477
0.028820930023463972
0.033957027798058224
0.037258899035672796
0.039445158053080694
0.030269225805396843
0.03813222884884743
0.028675194774965742
0.04139556231454092
0.028542451894077274
0.02810668589646701
0.02854630481407277
0.02797095637298029
0.03535539762483735
0.027862009130503428
0.018275350058966827
0.02551431213764427
0.027735574164788685
0.018143570730856675
0.0307461344259047
0.03411359541025858
0.03636733011329588
0.03322570224368189
0.0267734546507967
0.02020309222470654
0.034827627354443814
0.023534273227506626
0.03844996642558886
0.037746861288887865
0.03097233367863724
0.04074721803226934
0.0412224312023137
0.035758455652415456
0.03203069571594564
0.03438642350313865
0.02838284062217009
0.029835593826180846
0.027684987841520868
0.03542386992868638
0.024169933390617248
0.027742202470633196
0.022420510903337357
0.028293389259110506
0.027374869266400145
0.023667991105288156
0.028878079739505666
0.03023864494510706
0.033334021577373946
0.026894832656862336
0.03908034887907219
0.04076263304979516
0.03860336049970267
0.037139819778244834
0.04061809819795772
0.029253038905043712
0.019506050783282606
0.028176815022505654
0.02180159305096769
0.031233033326861993
0.029323112701590964
0.027183163520251897
0.04074176884832847
0.023983271214883656
0.037121377082484475
0.02880993437397328
0.024526273765087106
0.030247581972228245
0.011763284415927389
0.01727202822806606
0.019674499306960552
0.02340241093289797
0.020876309665503648
0.03217993670436408
0.028040111272960355
0.03953382245245807
0.039177797187549414
0.025737962424704705
0.041417679109808155
0.0325786209205643
0.022877489432205182
0.030095620435598845
0.040372362276256596
0.037699465147684616
0.03868844297482641
0.03915251687146053
0.0407056197762968
0.03405440017684879
0.03225548280912864
0.03670705601461394
0.02954288267240301
0.03196818305890353
0.04117096293518047
0.03168788115391582
0.036794066255223135
0.020697846355101725
0.03191998319269992
0.030274179439439938
0.040722431616057576
0.034598962423892425
0.03691586132466685
0.041600361291779915
0.025631388043568744
0.03045894154088256
0.02940535723534449
0.03153195508633295
0.03653059298730429
0.031170449235423645
0.03428502820698861
0.03344941221990059
0.037602088733776864
0.035052360265138076
0.016579406897187225
0.024063392953799712
0.025541348407631108
0.0392617180543961
0.0403047446727602
0.019093095350479414
0.035477989554044236
0.03839077713076188
0.040881661205392585
0.034366551924670766
0.03883603137872672
0.03385677595452761
0.03424273094515143
0.025377479375559432
0.02949874178454181
0.024033862039763904
0.026957749526458095
0.021718994238914473
0.0272305834092029
0.027125400702735336
0.02778191637389779
0.03029539518606752
0.024744661127312943
0.020488661115663442
0.026128165480739242
0.02202163031922628
0.03807974603837238
0.027471396455121182
0.03285514979816712
0.028795763996390233
0.03743362430396783
0.03295752499762002
0.030307052851038126
0.03594424856663444
0.03468439411872018
0.03395977200555711
0.03412608995270329
0.03234124244459382
0.034465224641195245
0.04062733197223041
0.03319647228928281
0.027264578043314787
0.024836997433264722
0.025354402224597318
0.03130360539893484
0.030497299706614453
0.028225521674585
0.03354970801754465
0.03597584429148546
0.025028321141037133
0.0271198832114005
0.027979044804460406
0.026858271377850233
0.025668302440169242
0.030666386006364742
0.02768557168657071
0.031425859198118994
0.031063751069932248
0.030888633006334244
0.03347069961548456
0.02934962149009035
0.024395944322776288
0.015111866665343207
0.025660825132995398
0.03569666747916459
0.04034370274899256
0.035984101173589245
0.03006581657985204
0.033181751217197665
0.0337287995296058
0.03508754746078237
0.02264295772613637
0.029984426815914022
0.023475631754160405
0.03197612347025186
0.035846391864142395
0.0341053412117524
0.02991129082167636
0.02921133615815485
0.02120391883258249
0.04001872122597156
0.032544935921566945
0.029367602583951737
0.024237127775377933
0.034032578505613524
0.03174843784651269
0.024194158080927165
0.026347259828532886
0.032714324757621184
0.03950184118810155
0.03569082309481229
0.024772584946884744
0.03660892696691115
0.02626072769059353
0.04104390270849477
0.024067398091378422
0.03218139728597528
0.03399760358660514
0.028402814274544802
0.039461626179816175
0.03854755439690329
0.022538933418257676
0.033206282514454254
0.02889916918410019
0.03645119148520877
0.02739470917354526
0.028275670854742176
0.0245495200614373
0.030420938163031905
0.025450515070583976
0.029464547727417342
0.03356265732541235
0.04151059605876793
0.01743719122313153
0.018613943632999952
0.038324699043628736
0.03876108215431727
0.030319205648081056
0.036185710061364
0.030797506378250787
0.031644640650353356
0.03628258373022281
0.025547739342258794
0.02125134332159319
0.04185348705953168
0.03307583311422403
0.030004356094162507
0.040335630595786785
0.03170468085920242
0.0328295390338168
0.027097478377885984
0.03292395879040211
0.03467433385459632
0.03841073124620328
0.0
0.026629681055637882
0.03902948288068757
0.03908002782420639
0.03642458265265366
0.03053184278061591
0.034646583942255664
0.03515132230018352
0.023357771758243655
0.020437570314863734
0.029153236033929428
0.031992113581162454
0.03084030905415115
0.023172756465028047
0.03848163845758347
0.029904696326129507
0.02735454653404687
0.038482360944463875
0.028527315300101528
0.036903149555389377
0.02882110608672922
0.038950735792921805
0.03170586389271981
0.0355742098561672
0.03061143634074934
0.029281999634250495
0.027995461167804003
0.02565517211926542
0.036919784403491925
0.04017239972800048
0.026074864068677338
0.021308372872652692
0.026536357179231508
0.0262882384506215
0.03558588539838194
0.013641579112210972
0.025488928358567454
0.03242491772022837
0.030569313617785122
0.03235775679210263
0.032677966086192896
0.033376710468861724
0.028821695998606844
0.028647203802961183
0.0382088281117935
0.023027528765846236
0.03160581107381154
0.02484966058607491
0.027160153995441562
0.02642595857624984
0.026518115344092447
0.028734288011692675
0.02383443825367099
0.028779728756153627
0.02520650253901132
0.03358534816119347
0.03322500862442574
0.03190432834155551
0.026321369072279787
0.02967876315998812
0.021586442987736546
0.0333053634814462
0.021999653815685388
0.030287277911813626
0.03259627036697518
0.027494580607131294
0.033062298799356356
0.0388549970745747
0.031058074379087704
0.03612028936022405
0.025867822860058943
0.030924860226316166
0.03287043175674326
0.023347986431746712
0.03293727536659491
0.027754231391791978
0.034300761724869004
0.027056414588510335
0.0389950997944908
0.03692678951364834
0.028063995788416243
0.01988884493470489
0.019294358613659583
0.028908971669002397
0.02844979196044485
0.02210240358285949
0.028945962438264104
0.02795765588464243
0.03441530233794299
0.026776757579940434
0.03031451755064105
0.04028217275469592
0.0409270404952903
0.026850854713645185
0.022814728213030412
0.038790959837440735
0.03236954606551677
0.04104578782138792
0.022715885875099002
0.024490939714893984
0.0290369527637151
0.03456911752481458
0.026002944970675165
0.03998296387483713
0.03821848001789186
0.0067932636383405956
0.023393765077848155
0.025557788901577526
0.025564529558528802
0.032916355761382486
0.035328032415547855
0.030542477994661785
0.032332388269378357
0.02982204900458439
0.033660608771688236
0.03212087156790481
0.02757353642586992
0.03675582762094459
0.03106184789629093
0.028926905533134692
0.024501073493125927
0.028042437562263905
0.032275470783628954
0.03437967109132482
0.0317793732440994
0.03565616798810101
0.03902860650019336
0.027218605206883188
0.02919338313037288
0.025157722365905837
0.02860201585767075
0.03240660131132265
0.03422704220349763
0.0281123147230888
0.03812041594221061
0.034804543603418794
0.024171398320173763
0.0310774196943707
0.022992894585404256
0.031557750266119414
0.03778122665277575
0.030145475307446698
0.028081041616008485
0.02651617207560422
0.03321743223081334
0.02763324720929658
0.03451846440200374
0.03448700308455536
0.021848762942352346
0.022623842359397267
0.032996465327940226
0.037964031476872745
0.026740345580449677
0.02344534505027381
0.025184190268594895
0.02809592370528344
0.024633596179202008
0.0363062362929611
0.03606409821386302
0.036957532188310424
0.032638486509103545
0.035837218634153144
0.02767046057744432
0.020648709557137088
0.02786186269100191
0.03430492630873909
0.03233744646156988
0.036756376611162295
0.031904328823250554
0.03879926054083537
0.03562619836983083
0.03748085535710414
0.031383405942512106
0.028116766315437865
0.03358753188170349
0.025111740688836107
0.022856767089433433
0.015502338102363835
0.02433070129398961
0.028119800474381156
0.028670235719375242
0.02429924833682498
0.02967620963922151
0.026627373076638004
0.025693613259681444
0.02891959427023665
0.02612642194004318
0.030440746178323503
0.03380416943404209
0.04101061527728787
0.041796484215900334
0.03031677941481284
0.04045912657217719
0.03825586329739397
0.040901204937048775
0.023351779473028054
0.030144834602332516
0.02709622955708032
0.028523999057340144
0.036585773962410216
0.03479311076423165
0.04041309805885052
0.030116149181846134
0.03318170450082768
0.03289199151124089
0.022031783503511527
0.03519399130792768
0.03647223677831685
0.04030657566273794
0.030846821205254414
0.03722305103623427
0.015007786387926257
0.030125979756176126
0.03068516822649663
0.02824093298680136
0.023528179675917207
0.030172639911171025
0.008910374642656723
0.027167082605248572
0.028248221763976827
0.029917281987565485
0.01722869294411222
0.026080395534373826
0.0288582479654215
0.030741889904948673
0.03013990182101831
0.02676112134408154
0.030104896568523713
0.03507538676511883
0.03480086203263342
0.02211371269684041
0.029677837167581985
0.02473280694293847
0.0304690750332357
0.03340275368974304
0.029314831627712142
0.023961903007704174
0.03947960386291724
0.010182432325456478
0.03612694652028888
0.0
0.0
0.039826260696424524
0.024011980984367003
0.02181784598003202
0.03624947261533597
0.026808272158773804
0.024625477629321678
0.018899515608872097
0.028511507796620185
0.03191990163601894
0.03734251665159974
0.03225498780808954
0.03191502008146008
0.022941672061992272
0.03578411603892845
0.023727308515482506
0.03273864493988715
0.02963294457609641
0.017093566715653544
0.0377825150607569
0.03663720271488556
0.019724375084650955
0.02374930898357959
0.017712777635242778
0.024750621044362296
0.028526252755101487
0.02496481967383179
0.037801389866905795
0.039848991322101124
0.030751738411185784
0.03442659370655363
0.03888081382044373
0.0409298162885451
0.03663244784623467
0.03716185351229325
0.039484887439865904
0.030574149678373054
0.03272704873336306
0.020313377725309823
0.02424972987313471
0.016402521367833062
0.02848093174443649
0.03339670471978671
0.030999444114751636
0.02427143990454626
0.033160221172462166
0.037136173886296635
0.023799815128833713
0.02909899125279084
0.03758325216121316
0.030748329853287053
0.03942453377000874
0.028964046049119417
0.02932920981803213
0.026746168650047714
0.03435081653732912
0.03168183920072333
0.033284678990979415
0.023515411213978307
0.03082259854298704
0.02507100083318937
0.03231849673112908
0.0335969331717106
0.03393618849100282
0.03949319699506005
0.03913391487635754
0.02202309757328026
0.02715754877357105
0.01942328969224587
0.027748028144084443
0.028916669809870295
0.02162236079088285
0.0351620686015321
0.03984383400179976
0.04179880792708085
0.03212460197764659
0.03639650156973377
0.030181830035060822
0.03937377220981574
0.04070262762742537
0.04141985261185457
0.03766439258851422
0.0401194828208273
0.023151382274067413
0.006742255965179609
0.012093271776074494
0.0079428088545552
0.025415669262275654
0.02476342327594774
0.03267342522481954
0.03608888697978925
0.03681923257106869
0.03271997985128892
0.0405983104647911
0.035526682788563135
0.018149522070842503
0.006729339677858477
0.02418845659319992
0.024017889087160016
0.0377087667326843
0.04101722959689851
0.03031077494225438
0.020986964477980166
0.018041579695710235
0.033518521536141016
0.03446501642999747
0.01934077368255992
0.029897379868270287
0.03037190640476823
0.02526158101773568
0.03413758470444442
0.025163204980464794
0.04015357037075948
0.03526655715149979
0.03578967477008926
0.02901634476200698
0.036523480857966605
0.038062839811642206
0.03996587890635863
0.04185241100502074
0.025173435250941317
0.023413393255190915
0.03183391226765046
0.025554120150611224
0.036893708874187754
0.04181038497464549
0.0405218347634321
0.037320373018075954
0.03514079524952772
0.021036512354475546
0.01876017084143955
0.03938992282575502
0.02215680730610801
0.03870548627859498
0.030784592779235107
0.0
0.01852339611890253
0.02370011922496971
0.011162563471264184
0.02885959739555162
0.028489802144802588
0.031426692992880284
0.02956568040027585
0.033761304896934206
0.03810901798492266
0.037576228017520384
0.03489290444832975
0.03867278281693155
0.038704627703950265
0.032806942101566684
0.027587383155903398
0.018627855098279588
0.013194100002989565
0.02006866910415947
0.027621282334058615
0.021215249540261286
0.019231782714428793
0.027878237239713496
0.028962435690080352
0.030652306623595877
0.01934496951457922
0.03496720868492181
0.0418191839597808
0.03354964722911927
0.03605909295870379
0.03001409180192607
0.024372635968694583
0.02403464272182192
0.02685057491460654
0.028606028971001788
0.03960031635632048
0.0345141483687463
0.030435838188301853
0.0364542032119755
0.036912769243922894
0.04037145007524243
0.034839025639584395
0.0
0.033291697729184055
0.0366879048233962
0.0268499630875438
0.03269187283010882
0.03799478654811397
0.016052445500781325
0.012444627465296084
0.012843830367145155
0.03438698109983622
0.032407052466891205
0.029258784611791072
0.032170006212476
0.03203022726540468
0.03586674629394598
0.03068754518046568
0.030654122222141558
0.03636171694184951
0.03288861844285952
0.03568796372588382
0.03040492564452311
0.028652956541184754
0.024296980517134248
0.02140618237150714
0.03861910115396265
0.022382152055264892
0.019682856014534244
0.033343619541242285
0.03563959983659187
0.04066673335553264
0.035706654304598455
0.037505839933787546
0.03921191297042272
0.018251537772541255
0.027498818389955382
0.0418272823876221
0.0382619906351084
0.03939914506200985
0.027375974108239495
0.04129476914696479
0.03510665560557933
0.027213221189320697
0.024940895885635642
0.041890416956682185
0.03527280874417471
0.025059364102533316
0.02778235287839879
0.03249668726621839
0.03288509302606342
0.030073284115178157
0.03190176413913971
0.02504250148829027
0.020661183585470103
0.026981919938226333
0.03430312507203919
0.023250478444039196
0.014355725356069314
0.018235976628700207
0.02463152669191859
0.02485938679994851
0.03111049776336951
0.017040115597319157
0.020126309029890835
0.0375277057872248
0.02781770789947666
0.0264893700624633
0.02285785068562271
0.036739169253302964
0.029728982908781388
0.03652096207014425
0.031086097402858406
0.02853296769903686
0.03297429715844974
0.02177237238305304
0.017642716786310304
0.030280690375710205
0.01853082860532681
0.024130976340439602
0.03812105257784546
0.024743042221817148
0.024460235938355137
0.032270814227166565
0.030307425257218634
0.027703297442362305
0.031072597083058724
0.0265836453829699
0.03510829295725013
0.027859180598897318
0.02137493513115562
0.02081018184831638
0.024516475196857457
0.021183157992514533
0.019984728375927442
0.03386293223936908
0.02383470742251017
0.03313428287992584
0.023234951905722345
0.025163557508274224
0.021921292008284972
0.029522349074825215
0.03063851149008581
0.0284581833620016
0.03248971289356461
0.029801526617149243
0.04151102915239101
0.03796618516000195
0.032676810546726796
0.0387786023478871
0.03173250860220441
0.035855901369939006
0.03463782054912214
0.026091558060762143
0.020176463405358117
0.025938978430455353
0.03366654418276398
0.04171138470965021
0.039986310244675874
0.027922432104540085
0.026451201433016165
0.0350711695112513
0.029571895261055116
0.03725444328213673
0.037418315262211094
0.04151991846875516
0.040985653852548175
0.03183145700637419
0.032318402021693116
0.032044348781087986
0.023494141349237656
0.03288364807012921
0.0330942816752423
0.033984967126072727
0.03391087749620318
0.03009292423643796
0.03171717569481176
0.03210487956736052
0.03627514396084676
0.03303855520188686
0.032524539172849865
0.027332599915465213
0.03049071854292074
0.023601191416936746
0.03059167244734425
0.028187303217279174
0.03186050796882022
0.03171746181053118
0.03185391313629011
0.025171660731126984
0.03825690151989372
0.0314164965913124
0.032923889047949295
0.030507822333136165
0.040938393068495255
0.034454332954941984
0.028458317793802576
0.03780424147467276
0.031187206397378923
0.027798663754025794
0.032693375870264704
0.035886727650955075
0.03622986384721524
0.026829485927058992
0.028178322135999415
0.02660258253749272
0.031956727704620505
0.02629206910575655
0.02459190948787834
0.022464267771410373
0.02761024164639814
0.025643271775696277
0.030095780423976034
0.02508265390363627
0.029623528762731992
0.03727192630090373
0.027737390021954193
0.02117204044961178
0.023601142934534514
0.027048851076281803
0.036686677134646795
0.03914076265147661
0.03650145635430915
0.0332147384045284
0.03584891110236611
0.02537344663770906
0.03338998379439751
0.026101020481327272
0.029448421645226833
0.03595634346000573
0.03687860416167596
0.041465326073081114
0.023715111703168278
0.03174426237133245
0.03703814220886291
0.02804953859246172
0.030404753668731632
0.02712199966919026
0.03725473406429562
0.028124976320823357
0.039339071101857886
0.01702673357152103
0.02318831922805962
0.036444049457696054
0.030026854345839342
0.040131625738415874
0.030387933112331195
0.039490758674004124
0.03771622501844488
0.03049912143062488
0.03386455395600332
0.026902266129861144
0.02407362740648306
0.040296707765204394
0.038321525619291294
0.032107354200439496
0.025115456303311225
0.025930259933636037
0.031774265779845476
0.03387029022617253
0.03787502204575659
0.019597180833540822
0.03261510369041828
0.024747891615613773
0.02990681473245531
0.028793849530801965
0.02536164808507169
0.03573148149752389
0.02949860698566173
0.028894833702556015
0.022681798303828417
0.019797047508230258
0.025533201013998422
0.034367269377993996
0.03702693520177495
0.03241757613078369
0.03532287620037275
0.031366814906360646
0.028658797439011206
0.027031164124934094
0.023374251674817152
0.025902080993078867
0.028543102006751263
0.026742261018668955
0.0270746841226956
0.018209494024409377
0.03356079000030313
0.02255537068549307
0.0263405798534434
0.030413694062564146
0.03481171673730488
0.027051126531297046
0.023294850625835712
0.021185790064097283
0.02380698334222845
0.032821661136264835
0.02365864467153345
0.03979705837043367
0.03420706983157875
0.029026584120939482
0.024189562321997354
0.03490727661031376
0.024686385308871312
0.02530457040161653
0.03341112478951427
0.02259957975377047
0.02470784637510026
0.0246355636884971
0.036329974454494096
0.03493338394895349
0.030096880401740383
0.023435089808074076
0.026793464944429905
0.029892350604136534
0.025213832272063436
0.023508163475695034
0.03104003617413091
0.02626295361981852
0.0319739886107529
0.01765234215507957
0.031727724931374914
0.03054444236528554
0.02793683084823649
0.03061814770233857
0.024920680600657778
0.026803799316514804
0.02400998497521827
0.021962378547334103
0.026472182279753634
0.025029066285520898
0.02939119620311491
0.02720930367933523
0.022448266342860426
0.03538857025396763
0.025210554399122478
0.026861816028461907
0.038537012713859474
0.02476875465367106
0.033393810721957996
0.021461264525688913
0.029979861146088856
0.02607109423581035
0.04050010826135414
0.03502196490439109
0.03331616118204766
0.034064117939901474
0.03586951652574374
0.026029353830020505
0.03282217179767623
0.0247021654682187
0.03374910813954271
0.024065633691923657
0.032133686436823614
0.028758264398816385
0.032117927396902925
0.02940195650980619
0.02756778230094035
0.02289383579263811
0.03553222026709761
0.03452391194071655
0.02631514678501772
0.03922887718195892
0.02627994533437576
0.02466000201978006
0.028592577515196147
0.02155589700093692
0.03364923593746075
0.02426699699894764
0.03218435644336559
0.02188179529058094
0.03658785514448856
0.022916235366244434
0.03364664519458069
0.022621378451864932
0.027049128231076542
0.036978150809633535
0.03776425866865254
0.04034790787196558
0.03821550675519311
0.030929561232924497
0.03605632572198662
0.031276701424986876
0.024352450048426573
0.02754055381869835
0.023606562861256303
0.019518834824058754
0.028795702619198834
0.026055029153057307
0.022031815194395583
0.03011171513116813
0.02144275128977155
0.028059473377386325
0.023013342754026046
0.024291738222593333
0.025312852757109896
0.023101803550372443
0.02255772606136529
0.023440812272147383
0.020796285670105982
0.029378293778719963
0.02380444307098995
0.025456016925958593
0.03100159899000141
0.027479345054043456
0.020318519893890143
0.02599680230219729
0.041219763206296375
0.03263008686151905
0.023576937769476884
0.03883759083623406
0.025141839819673557
0.03456286114648466
0.0257114362318024
0.01954463474492425
0.02697385172687324
0.021808246846115566
0.029582312860888752
0.025744951656971136
0.024309791138618687
0.023311941098453776
0.02509108625945472
0.02178008529167187
0.022141939272565917
0.034307835906222044
0.031094458536459375
0.03779751132910238
0.03193787769030659
0.033856344956929296
0.030237346359996555
0.017571540172494862
0.025922863418831762
0.02711432342285187
0.022719440678634663
0.032957091165975935
0.024916509820019115
0.02781653257818951
0.02776210811619968
0.03427973452917371
0.03503963876899617
0.024179228982829152
0.022264582112404507
0.033177987788878954
0.03635552327978031
0.022313807476932266
0.026016314076991294
0.025771515792213047
0.02572415008128606
0.024872575524566943
0.019531347657099834
0.015933406608757708
0.02971183118773983
0.0
0.03070861751763686
0.023165282940131666
0.023782165798011116
0.0
0.03880321626756923
0.03313479921237837
0.027958948017091177
0.02575404115174313
0.03270868923716758
0.039198662779742925
0.028872375622432556
0.0
0.023314739567063574
0.02305814367287378
0.023634786857511643
0.03528186337114303
0.03007202924775996
0.03208055954085812
0.03915370061706016
0.029605293990867834
0.028879398833770817
0.02713565933232503
0.023203464018115877
0.026985148625244305
0.02467435103006975
0.024385248500447362
0.03161938838404777
0.03490158089277333
0.023450050019528053
0.03400361293966603
0.03074073460972717
0.027094190122381522
0.021785206491766046
0.028514075729863583
0.030452062905655497
0.03714938436260638
0.030761404869779668
0.0280602014659998
0.02927538328234348
0.031967502209274905
0.026251597592537153
0.03377186154833643
0.02050087904754887
0.02385188319525311
0.01986256986282367
0.03135822744312881
0.03189681478909768
0.032407493815570725
0.02681781583731145
0.03645479203474211
0.03634587681891218
0.0
0.013872844973784838
0.03721755859282009
0.036230575499586644
0.030611282643096743
0.025997536628535933
0.024594279874617653
0.03938382308029539
0.03187841194608174
0.03344103939993724
0.03451955645558954
0.034418574982994374
0.02868024270134695
0.038201763433216164
0.02662877218641984
0.0355413518383869
0.030343720300769934
0.017377657919038166
0.022603731937914887
0.02909560572513326
0.02553086047668583
0.03458575965022782
0.03515904997594417
0.029134114721834276
0.0389897663415718
0.03528129947550122
0.035293098525328234
0.031451327611529974
0.03527818272209546
0.03006567838504708
0.01855775255789341
0.024209123315853967
0.03537282943366076
0.02876947442458175
0.01787201155127448
0.02511627716989524
0.023176459717144285
0.03198480056278793
0.036892989485380195
0.021104349041660145
0.04040892246268177
0.02315647470302574
0.029823426527647752
0.023449146182619753
0.015916542934946612
0.027741323079816343
0.022351137945800893
0.029325854387596297
0.025952139456904583
0.024107636666106498
0.031960398673592856
0.023054014609414863
0.025942133104276514
0.0406821961457718
0.030986207939537023
0.036946072146592644
0.03655092041237448
0.03160058454737991
0.03396931472704
0.030196447224797782
0.03972703206448824
0.023733810890794467
0.027849743415078593
0.014673257767108117
0.03464098030599015
0.023802057999840597
0.028310923117685502
0.023011768693190174
0.01801380932630423
0.023221331746074
0.03138143592810874
0.025353432798735608
0.03142052928211207
0.018694556057513124
0.030299555041338803
0.03586623625644488
0.025649012831881052
0.0302736842937889
0.027985349007213653
0.013907780723992845
0.03032179622795779
0.03233770127111689
0.03124186340098209
0.02892265437196248
0.035581212999711856
0.026203454746782328
0.01695269482412756
0.017395394415620463
0.03398976049547876
0.029162228639168276
0.020725992625686234
0.02712453082226729
0.03520186812137356
0.03763720916056117
0.037863762980801664
0.029331466131859878
0.027424417158437304
0.023047320476334995
0.02082701894775153
0.03521457620698563
0.028247574939065538
0.028710656012837777
0.029696256750904173
0.027058125020222576
0.028362849902654266
0.0391506416316976
0.02859332715474512
0.0256325940210272
0.03065710003965609
0.02826490524908582
0.03408454259256129
0.024399175489700362
0.02097159486632231
0.034563309593797054
0.03851337950040876
0.029586411363350246
0.0267383493819832
0.02184036738245025
0.032571244735792176
0.03905665653796755
0.02976890290321063
0.029997862262277675
0.03838291449834795
0.027819219686529742
0.025832061209896427
0.02131719507134539
0.01757858320178901
0.025671218616724643
0.03345725927599026
0.029548315805090403
0.02600898975744976
0.01886356233216248
0.020543502783145637
0.02983721754519861
0.03660507143847184
0.03009225706805658
0.031218438618475373
0.027379059655348075
0.03026838038851352
0.015849946925167023
0.030373664736794762
0.023506188173448114
0.02714673132447561
0.020812721393550518
0.027154169558789663
0.022485554563277388
0.02758811683090435
0.034791183493194704
0.030067341098441037
0.02432015101700231
0.017414866632061866
0.03084607078981061
0.02343320761662987
0.03257731098384694
0.02799066428147722
0.027443824766750793
0.022166960078885144
0.023391116097308793
0.026414975077046515
0.025870616963002642
0.0353628795650791
0.026312677078269824
0.035764547532046574
0.031712757230363334
0.02212750732155837
0.024552510924006735
0.012608000327173257
0.02712510218319884
0.02606200397717183
0.03283761719081729
0.031198190879806395
0.025286310201591514
0.0256772208399293
0.027047001147294133
0.03164946791732837
0.03088396713118322
0.029030996002204334
0.021585325290319098
0.03122286231445406
0.03466855820599761
0.026015579564817242
0.024500927048362202
0.023317561935709007
0.027346630078411448
0.01633079990240834
0.029712894929150732
0.031168210107843257
0.02413059528103069
0.030200704153429965
0.02548206515318384
0.03225436433403474
0.027927944807944
0.0184170465355904
0.02277163635012856
0.026080227890215104
0.025103779246987513
0.028616614256941987
0.017708100751413856
0.02340207993067362
0.022325585789403208
0.034672985164516085
0.024730934470756978
0.01730774144069009
0.018022817955650045
0.025616205855668893
0.03191002807373657
0.02288716357174882
0.03702296715603772
0.0
0.02864823598077213
0.024663229558393226
0.019744486428177888
0.0232034293546519
0.02082315143356067
0.02284104120043571
0.023361845437484187
0.011566217467262154
0.030052390955510672
0.03138347266103018
0.03746851073854255
0.023862819815824485
0.03555289439837515
0.04099905592867309
0.030417624851409992
0.023357932977089758
0.03155725079122071
0.028574494956166832
0.03265349048371388
0.018772886669047337
0.023072747707197836
0.029942292005831865
0.027517812290683747
0.030594429315614794
0.03526976381520354
0.021784149926035733
0.030185309981636804
0.03599506368022909
0.037650335029812784
0.03255301761031057
0.03128543547945105
0.03424532777416504
0.021169448313286206
0.028253265145289096
0.02614323282534115
0.029721310858203974
0.03452432671212581
0.021449366646956087
0.030933313694927137
0.03596520369499139
0.034220308651204005
0.0237792883905301
0.020614351266168916
0.026578134588834876
0.025075529759552857
0.027178321072621962
0.023383904972437662
0.034274015697621736
