0.04995734523758742
0.06231288198657018
0.03980817176589655
0.031233962175611026
0.054933476459411046
0.035839576200941935
0.04093664881047853
0.06565251363725884
0.04255131999221643
0.029899589184771768
0.06129518369431035
0.046145627884270964
0.035094750084449934
0.023950957825314638
0.04423531151338707
0.05833619505147499
0.06181431733298044
0.031665666594453835
0.05471096444393031
0.03839281670198868
0.055328874475810585
0.03443736460318209
0.040145907131044135
0.027172303701114956
0.049876733052718045
0.028125167828388246
0.03989072189773579
0.03381116310097008
0.041786750975189475
0.038174543662105515
0.028703873790178542
0.037809953997757
0.046714214457970096
0.06086250612185233
0.03767444422841501
0.06551252460504933
0.056797358450481596
0.033335766632411876
0.049685384973139506
0.02507951296849988
0.03002615472539452
0.029079429568114826
0.040063915458941786
0.04510274388832691
0.03625233697047695
0.05422469995942024
0.03292155600921867
0.03511574956878722
0.02345662590757946
0.037639465432109956
0.024130236090276844
0.02845210897865631
0.03174724174140964
0.03697005541624734
0.0370820996213554
0.04150607881696364
0.04637570817653351
0.025660168545388974
0.028859250389822986
0.05109236531334692
0.05817353840235256
0.04190834225592801
0.04566889236624865
0.04261545769365858
0.0508775560469693
0.047752569159287134
0.05182389404693071
0.03412066118995943
0.046082464912100746
0.035112173734689216
0.026291626573683134
0.024985110890310466
0.04778276110104988
0.033471954187216386
0.03047596344335361
0.02927318830526592
0.051260418671329654
0.04340094725988853
0.038665752162015427
0.0405984672775956
0.029930414269100945
0.045706769551627204
0.044342928501509664
0.04945033443832818
0.0348120193396261
0.03524228991783167
0.0396910100742491
0.041181703157895315
0.030047934220019595
0.02580208860523159
0.03298404514126869
0.04222197286234739
0.031035975061334774
0.03058241740016844
0.02243394302373575
0.04490870238863287
0.047375391543236875
0.06760701350134553
0.03663297754841261
0.04656607448621326
0.043439707352144974
0.038455273082512655
0.04498611203093242
0.031755973501689426
0.048337996412631756
0.04049077248266727
0.03556940906115816
0.05301157000512395
0.05191350089715478
0.04448067715769518
0.038968684565430387
0.059107607608449554
0.03308877548689615
0.05471066676618006
0.028323955605883463
0.06578629968454178
0.04775125198609976
0.06664395008458411
0.04987840988724475
0.03612829759233065
0.025618835553714473
0.04121074435427154
0.06374079414121081
0.04630496783284057
0.026081165642087352
0.044735505471617365
0.03496829078756365
0.03211493190263845
0.0532039524293487
0.05656328385343083
0.047353285860952166
0.039971693952255215
0.03446924735497032
0.035398264204627716
0.023276480668800326
0.04448507212572044
0.033165431546656556
0.03349258032594679
0.06944109365451617
0.05064647944527037
0.04412148214261846
0.0553712151123907
0.05429704277109627
0.037925127946480924
0.03476280272781698
0.05727075297565525
0.04974811758375054
0.04829186602727644
0.04035731531507018
0.030802115427556266
0.04325508808637431
0.03599062240979509
0.043984071985431264
0.03926168378757661
0.032902975658223144
0.049828093107749084
0.03462221342109178
0.05407679552472112
0.036461078435607225
0.034130661811448935
0.04931508860389487
0.06466027348979819
0.06660181974330737
0.06070084764441099
0.062474697431128906
0.047217271970752345
0.030276489556089456
0.05052683981806112
0.04172245236656162
0.0631411032179779
0.06676303841145922
0.05958320946898539
0.022478694708051413
0.03565385190796348
0.03381723610659054
0.03961823457449852
0.03372753970570643
0.05020621328321826
0.035900218797317036
0.04086215147156348
0.038020321461160744
0.0423566144940835
0.03094602319457708
0.03435363348504784
0.04001365564966548
0.05177863847324621
0.02429020830113437
0.07085741801343462
0.032806022185339595
0.032443829815929616
0.05047821271543248
0.025245343149325382
0.03908781074062798
0.033555712978865414
0.03683980819385466
0.034928833030535116
0.03052447417139242
0.05730283317603067
0.02825871984998616
0.046250075145452346
0.021136540466426514
0.022909954362132567
0.023358351780228114
0.022693989057310626
0.033468832267050955
0.03643451960881319
0.04200624952462434
0.034251706009417376
0.04134668575442296
0.034925950861151356
0.025802139952434168
0.04292567316959046
0.023544804367152835
0.040460272705148646
0.025338628383030783
0.023477037125020646
0.03897179065968389
0.020434243253258277
0.029954584431175872
0.04085313168840301
0.032509679037343774
0.04825490182644667
0.04368083612981789
0.05139529010094218
0.04863941485626651
0.04783079757070755
0.033764639015914276
0.0388681106549944
0.05094190962441657
0.030607590558259356
0.0440360974026126
0.03479283822961845
0.0309785945811378
0.038485731433985274
0.02929809042839866
0.021572881060413558
0.03264558056447343
0.04922204392335128
0.03478728841939828
0.0334309787553341
0.058883459507953505
0.040317215666123944
0.04717363187281137
0.040356253718699595
0.04876737077436302
0.03742974440064478
0.02821503817706675
0.0388355868003356
0.031197821410209613
0.04555408303704069
0.0593902727648224
0.03618221794694184
0.04939448518116672
0.03668827357996181
0.03335319445803586
0.028587499155405705
0.04324596334442991
0.024657917560739442
0.03609160380417712
0.047217622174894745
0.03201565753749873
0.04828885632871092
0.06396590289723997
0.026192778349646943
0.04083106694292074
0.04282121955272178
0.04149331966224351
0.0526869409514214
0.02409120095018559
0.035492432859413885
0.0423101703713705
0.02258054366379385
0.03846033809211772
0.04506181988052018
0.04956834084898953
0.0497732569882886
0.03521583185002006
0.031759563465198926
0.026586862332111827
0.04137252292585023
0.043525167085450664
0.03875462107786484
0.036414912018384364
0.04706170044649424
0.06068795289903593
0.04811260191472012
0.030669725570702827
0.024903822992375185
0.034279154519008447
0.028610249197670416
0.054013233520823385
0.04024981228424136
0.06773420919510115
0.04801741853295433
0.037083123127548204
0.036133315358375
0.046257327271756646
0.03196863931002451
0.04100459335215538
0.039860377517310315
0.04289721228128497
0.045958625249412334
0.03063644064791685
0.02706693491887287
0.043200080399231934
0.06318112079916152
0.07187840588739743
0.04688503865200496
0.029089507567978894
0.04471282072944332
0.036941203070258215
0.03994721254233519
0.05171457922636518
0.06133960210327012
0.07044209220373852
0.04759933785421807
0.0510081872761618
0.035086907399896096
0.057883413786679945
0.035757129776995404
0.05578232193804771
0.0600014061551894
0.0468445959750161
0.028108427354324398
0.04412231774782469
0.06570157334409028
0.0583270308812955
0.06019173815739301
0.03136223644576389
0.039357522744846545
0.024306921567963182
0.03464428351393377
0.04321557571686385
0.041754366723972786
0.04122263174507906
0.05229851533507332
0.039348316683715114
0.05729332862463677
0.04671726783668972
0.032787449154554546
0.024458318077019665
0.03334296412640003
0.02650188169380105
0.030503128874980755
0.03530140111065004
0.03245142098294776
0.02537333001839183
0.0322299605132786
0.025741237918086916
0.03439342813794518
0.026552714927103035
0.02787289271955024
0.035057417053528175
0.021209812344776348
0.045215025827814115
0.04479349457019967
0.03159042403537901
0.02496996430282678
0.035581397468277653
0.02739515057164541
0.040262775481225865
0.031873959252430924
0.03476187846514662
0.01927283166290483
0.02766130521466568
0.06869277051956092
0.04115364593440593
0.03823948948730878
0.03725510395569983
0.030530352444329924
0.028344501026556154
0.04031775675648387
0.03041777313969212
0.036254076868160644
0.04238606335005648
0.07371044334102607
0.03162910319829508
0.041549275949888706
0.039212971627229705
0.042179929221320384
0.05307031319221698
0.05431806661346673
0.03674663168917665
0.04200262489940357
0.04018746295102494
0.050356659620401714
0.03902211405888977
0.05612533033819418
0.042109182022052376
0.01892955263755118
0.0519412961541354
0.03863459679007403
0.03656033738295582
0.03712699842784743
0.04548273088371017
0.05780212228802672
0.0707169666864561
0.05353846183446067
0.034181167483901126
0.05268249483310373
0.0688925011678601
0.03764196213095333
0.04940916333707953
0.055255144138294736
0.06388537724937308
0.05040518547728996
0.034764297007882465
0.031961552480763475
0.0644176756723477
0.0694835210607523
0.02756508010863676
0.025498082160472824
0.04033034798868459
0.033079855171131954
0.037834022553689985
0.02272661289971148
0.04180147614865293
0.03966194555641468
0.03755942987453356
0.036890810661735315
0.018639664881346142
0.044527464575872214
0.054125692562672086
0.04618643165547209
0.03560729274368836
0.05083446941554526
0.045507981174356164
0.038998151249740036
0.034022055138065936
0.032394510833455945
0.05205696060778036
0.03809723848784833
0.04263241648229664
0.0393493569008897
0.049245288105124026
0.04093357424603434
0.051082247559151514
0.04511490480618679
0.03051172263040891
0.04871782508783127
0.040908483985667654
0.028191359184762035
0.04925050510880725
0.04224924412474408
0.05218981300109818
0.04372944686867192
0.02649254446747449
0.04371309077027151
0.03408669133896866
0.03387801901961413
0.03141972955715
0.041247040275322264
0.029275485184631096
0.03411990917540856
0.030907196445344544
0.040469770090618286
0.02547346454796949
0.03577890255600671
0.03534828453917138
0.048030384803511635
0.023013335066845265
0.029481294888494953
0.047526086501695736
0.03485449482312143
0.06180993461344519
0.041139990252794155
0.025176956419622223
0.032372282653254834
0.03225821962327006
0.04137009388785089
0.04338626113935723
0.03925298398746265
0.039846586486674114
0.03098998466057064
0.05149320931624287
0.03304571452075896
0.013320125650058004
0.042746100911369676
0.03167598085921813
0.022288645963958107
0.031284760852769836
0.03264102275511596
0.047429404943245906
0.03113704414962987
0.027762501950092493
0.02205754311938056
0.036428501481154854
0.04011016793438637
0.032548688650620015
0.023925999479877776
0.03100855920749948
0.03918679236171292
0.027664694122452916
0.03390029758718933
0.03931443443014917
0.03404089519151931
0.04316717769469069
0.05555852324783315
0.032186282740736954
0.023773846678417126
0.04310844172595433
0.029376828105763114
0.03645138349997843
0.044083792822589604
0.027820909571309844
0.03129207680512403
0.041845736979709135
0.0260020753829809
0.03617279772480974
0.03357947667940193
0.022945790033249952
0.04738509737248612
0.04092876095195779
0.044786289895457985
0.03066550554482999
0.037270102347592204
0.031749973385185676
0.023188204151632242
0.04035531147661995
0.02634672976966132
0.03204161791034429
0.03595864996944404
0.04654433842793212
0.02654551125896802
0.027165643028005046
0.04576632385553816
0.04666880691596899
0.030095354561584783
0.04698486944581207
0.04182473222101969
0.03698110796068715
0.025459529582505983
0.04007985631960276
0.037125770020297294
0.04189351084993162
0.04201749668739207
0.02911946685745636
0.022720901625760813
0.06598240318000073
0.02346850128722704
0.01325743462179957
0.031120935926800132
0.03780376975117694
0.019825800460230754
0.041358926889850475
0.0365481936848457
0.03725298699111262
0.0431059946947637
0.02354774761108923
0.03432027834968717
0.03905065451187169
0.02738686144997262
0.04652140281723381
0.031031886283506865
0.027515593128664764
0.03460333635006253
0.02471115546109137
0.036344065036476296
0.02297461845044072
0.025741175545460692
0.027205154873433446
0.02646666132372949
0.022611250963292584
0.03208075643372517
0.040594325455505495
0.029749027959843532
0.03641018167326276
0.042081028550642594
0.02676032686438803
0.03644879323362436
0.036190905759872896
0.03199593969865551
0.0292774787660349
0.014020515203919342
0.02511606207447515
0.029751384324673027
0.029871527432659018
0.030396496995835246
0.037901931309103486
0.042093115043674315
0.03291391184875331
0.02841090127156304
0.046101330745741236
0.026823708549993507
0.013305871321463101
0.03680802970687918
0.03494128255552444
0.029248263861030202
0.0348937337979503
0.03695537756756452
0.027609636870826258
0.03626260035691807
0.021348997148242236
0.03761336933165887
0.02814798579827693
0.03130181453215703
0.03830964672799791
0.03735476356547081
0.06777122637017256
0.02942471648598547
0.03333308804727894
0.051792111130777446
0.05934984762254612
0.03580497987258198
0.04291284650701385
0.046462488841653805
0.02925954028241261
0.05904802582886579
0.055431910752652275
0.058500954949243324
0.03583729831568075
0.028333724735216913
0.032231403632637545
0.02668913955484094
0.038856692237790924
0.03417583816342719
0.051796351762019924
0.024986389336338063
0.04760995639943494
0.03743628811228293
0.022547294199920694
0.040110958906700335
0.02384008789264183
0.034897145883438674
0.0237241094017073
0.02163027154021708
0.020876649074826004
0.03670669778558808
0.04479558309351244
0.07196781022139337
0.027768787770624786
0.03454603313908773
0.0439166504857964
0.03511322938352439
0.021473470756985552
0.026365611091912898
0.0395837300990641
0.03724519325554808
0.0305728367976288
0.032476959687535244
0.03220342406193016
0.03868999171672186
0.0671786539387358
0.03776654309813553
0.06022946379123621
0.037210037908976916
0.044101741912990225
0.023824100778180275
0.031610766042600213
0.06939378333125834
0.03053001557711507
0.05008531643475558
0.022285062513311985
0.040879125178725155
0.05273595428130608
0.04877148810439014
0.050434794612449874
0.041986181575757744
0.02213217714098638
0.06261793461621036
0.04227529751568867
0.029003409830186795
0.05309161781121859
0.04845324672300091
0.03648863488205002
0.043305064073096484
0.04681877978617841
0.04378583269306406
0.046306305511452685
0.025302705918098547
0.03015492256479675
0.03556905505667816
0.03905798920266576
0.03621982433523106
0.04318247910900909
0.020278969525101637
0.03174395902077277
0.0354362143091287
0.031144323235743926
0.026961389533228828
0.05296310073286876
0.04051731712983967
0.061154736671389105
0.05689771838347204
0.026371802401218045
0.024338953917080675
0.029124636721983312
0.032535575569520796
0.026885604890597783
0.038426823633531074
0.03116962902911258
0.0250584414269922
0.04308070527284293
0.027735158661886205
0.04983969354757985
0.0529008455163709
0.03743202314062112
0.03127579445655852
0.04244305561525936
0.03561105492006661
0.0292912015383886
0.04148215701994996
0.03082708880595111
0.03800510332425767
0.03208848331307249
0.04360078863919777
0.038445612409220384
0.051275467875778545
0.029352253883230577
0.0425323691275245
0.04792548808950826
0.041585594922467585
0.03872245761909361
0.04698169645723748
0.04884790580066979
0.042845423143843535
0.04741616851454786
0.0304091327986347
0.026189983969305882
0.01806611360777112
0.02961186628490336
0.027555179567551276
0.031462173960368545
0.0322998622723457
0.0318952778264276
0.036340365821803444
0.034744963793332716
0.03578018232094414
0.03665662587190067
0.022999304753078965
0.033671862782447715
0.02042637971404187
0.028154952022246407
0.031401551785788503
0.04067772728902143
0.052248538054188616
0.03354198330171457
0.03954534111799882
0.028890759211424248
0.0494217954822313
0.03590747107342549
0.025816936708637203
0.027589187806321847
0.03351093110878567
0.01898980434630938
0.03236387542558061
0.04370274927644715
0.03799279287267025
0.02350253344112692
0.023772193331968706
0.02843244927565153
0.02951374579562697
0.029315217231200997
0.03199426262802615
0.020008616205136373
0.025552460766474588
0.028938053298036465
0.018158380746458
0.02782610317468338
0.0184000517385746
0.040438809981447985
0.02331346055850838
0.021636881937807582
0.02262034994626274
0.03222684391832994
0.028656464321783086
0.013451657198856807
0.021635429263543143
0.02705207288216981
0.03607485255080763
0.03741363042368374
0.03119907702961743
0.02518891580884341
0.03324649058338513
0.02323230481463257
0.02279071312082075
0.03296302136991292
0.04355264967553632
0.028231077734741237
0.041498848484188076
0.028536029271124953
0.03466910817824707
0.04725228683874875
0.05058155262583386
0.05686180978917217
0.05817902815233338
0.01995256586395731
0.030727015544631104
0.020007331731143014
0.01650410086749487
0.03788424268877551
0.034326235026871224
0.035835794959439664
0.03965524588853284
0.03502068302815353
0.01891604072103885
0.03147543333097255
0.03730496692298496
0.01582564331572866
0.031610467158838404
0.022207918015478646
0.03298630938542702
0.037783991614372875
0.041336170644636426
0.029229660426810772
0.03534141477608105
0.03461520981331186
0.034654204567591794
0.04881849200738385
0.03553364951750701
0.019238547889444364
0.030285645530001293
0.04302594172197162
0.04334341974087106
0.057318993044653675
0.03186389607551333
0.028875482059828914
0.04561053430258574
0.04007426406295563
0.04223002206250909
0.029877197453353387
0.025316926430530427
0.03143005789940579
0.043932227788933104
0.027091141984071306
0.038192988515244844
0.020887258968620603
0.026227027539459335
0.027020816118087525
0.031601814445228076
0.04105660631567102
0.035090646397936284
0.046232448886036774
0.02400860216802513
0.028496299857271926
0.04052265713907604
0.04430881708202557
0.029717241157869962
0.02268391116824629
0.05515608613650864
0.018524456369291294
0.03179736399770432
0.03351624927278708
0.018146059124075513
0.03479537694387959
0.043165185316924606
0.035143266703061386
0.06896744098398902
0.03900116533675627
0.06693056724737619
0.03794779375503936
0.060793810563247286
0.04501204616683181
0.04789808991088381
0.05321576541965735
0.03658234965201799
0.026226112363205815
0.05780533970692204
0.03715738926512466
0.05963414938875216
0.053157960887222744
0.07365819954526448
0.057072092907786365
0.03528734605882114
0.04424953716458513
0.03243753542151782
0.02879036576704094
0.014281610047734648
0.034249353974442655
0.024214205823579416
0.05130186689157993
0.059649986363071464
0.024977581959740543
0.037868901227326376
0.03856134772184454
0.030435967065094216
0.025020162356720735
0.03272187315895325
0.038622985314091085
0.04333393101057293
0.04447293613598666
0.035957852088311724
0.04169749294044099
0.034014712196526145
0.027915102487273823
0.046331660827127655
0.03923884944158786
0.04674549289444328
0.026352046258307924
0.04297795617232167
0.05126918847690101
0.027579474112704453
0.0354806379619614
0.020248073159572562
0.03575187460120099
0.028368066281692483
0.034813928313607446
0.022764218647364103
0.03387830059610429
0.03559435851559076
0.021808297016910293
0.036640799270587734
0.02479454756594675
0.027678203546392912
0.037825790148521714
0.022071831140367256
0.027679878041187204
0.04269641115919466
0.03512586944910486
0.037679256608956616
0.027026333203830025
0.020461105550124502
0.02094545217410639
0.03237914796663981
0.03564127356107848
0.048222433552616656
0.041688233375378296
0.042979071181506553
0.041959518579812075
0.036537205682914506
0.028576601037250356
0.042834489946836314
0.036171020370395976
0.03461025413199969
0.02755492402240402
0.035864227339927494
0.025316848504525813
0.03194514070202576
0.030497969506181822
0.028345100696573474
0.028243763051611175
0.04066871335213501
0.026878833892943432
0.0239227306435625
0.016806877358986113
0.02102760496435342
0.03283520502193068
0.02254908256446124
0.02646251779824187
0.039585554546455355
0.040769930635617554
0.02858159080566056
0.03746661382204166
0.03232110704806532
0.022194064254410246
0.027736926419886936
0.02348923251108899
0.029747371187309232
0.041913284709372146
0.030222408603485133
0.02501631791371384
0.018818291623400162
0.02988878687625922
0.01862408932598375
0.03659210420722619
0.03902813169189636
0.04544773081640052
0.05790032479543326
0.02476403322473049
0.026755815455086873
0.02278906468023643
0.029828684086518745
0.020630996313530135
0.029023420958100583
0.022497871528954348
0.04544789081602124
0.033629940580447805
0.027726392852174753
0.022431255134051045
0.026334057551222687
0.054962425792283026
0.0458856821439161
0.0365446529862973
0.043605297070233744
0.02922611435274972
0.022878975202865557
0.01846800307137848
0.01905723919902592
0.02245895850212115
0.022032214890927316
0.02280411006570721
0.020116720886422378
0.03788273351574567
0.02746625251710416
0.0240928929608344
0.017661743483837884
0.024805473253292788
0.018341401846005852
0.028124795376544515
0.04611572248680592
0.034763334382896256
0.036564506695564755
0.03369997354370878
0.04442749723828258
0.0415915414101834
0.03720847784569529
0.018935874540523458
0.04344724928405026
0.039194728237843375
0.0361137644889806
0.03942629301108086
0.05563347331493796
0.02480913410397246
0.028125491025891628
0.02318526163023014
0.040005133495244774
0.017996435301470128
0.03708259364010559
0.032191214148817086
0.044459792943409175
0.032251718084061035
0.03262821504337414
0.031710779106942574
0.04366645740269069
0.03259325704430675
0.03171996312918202
0.032136001008642966
0.03673667365698207
0.032945089058468185
0.045737902100435136
0.019537922543976974
0.03555184839014081
0.02823984549306568
0.023716723547929003
0.018456963632431222
0.023328018811458823
0.023289979331248906
0.032060043803589754
0.026782663014304254
0.03206232944906881
0.03799746040150052
0.03392473985949547
0.03145725120718937
0.03213386800318683
0.028527191929111344
0.014354665045049177
0.023026450495993642
0.023454499026039757
0.017553802636466
0.023459927510810875
0.029877874255040286
0.04568880252588034
0.056120022669421746
0.03402493321903803
0.03610756316396881
0.04189751775687797
0.04485859179131688
0.04089175070744706
0.04421951387747268
0.046971390057778756
0.032000501127326074
0.038011148481399484
0.04166104391106881
0.026493963062889942
0.038095383929683625
0.03386821941814521
0.02977667711854732
0.03519395135975063
0.039719006549132116
0.02961706477902574
0.035096923998941834
0.0314109723763051
0.03143708712054919
0.0308128369569134
0.030231201942511176
0.04060540101267311
0.055719675216928555
0.04043963566749828
0.0586969762522739
0.03533078742714662
0.024645346484343335
0.026325683130975
0.0409046269927694
0.04280805530761238
0.024550417685969377
0.039829172178047455
0.03874314321160583
0.05359136134639611
0.042457589704490824
0.017583558835585253
0.027711485481575267
0.03362225085754077
0.03707894480382367
0.02658829576672577
0.02613446329189784
0.023509747791548588
0.03769298483830307
0.03733405221052454
0.025254050695020503
0.030994043623107842
0.03337393619998099
0.046505195227475385
0.04380575334359628
0.04212392213496268
0.031709580396344285
0.02994677179773513
0.046470492262908725
0.03461716840369813
0.01967265867805173
0.03407304339336892
0.028006378072740166
0.052326136477931884
0.0320934274285423
0.04300792896446535
0.029905807845448523
0.03154516179842621
0.033244848380049805
0.03676540572416554
0.038184001698191625
0.02659441144509709
0.030895015860167543
0.022410293847545337
0.025358221535518664
0.0414212033276571
0.022454383256826357
0.015324494720689643
0.02339338853447703
0.03858548600618287
0.03402687032056434
0.03436841777708134
0.03750328446783032
0.034484436386288835
0.03957547793220577
0.024314514149645985
0.028051683706647287
0.021241898319646915
0.02871051486933843
0.031069358740767453
0.03485120461275335
0.023549775847010623
0.02301233540567612
0.024583888376581556
0.02608807963080712
0.034799074125390114
0.024886736067230644
0.020634674525850355
0.0351180941562836
0.03457548733655098
0.03807851457952802
0.03562567549301116
0.04074578617136035
0.036004411270842904
0.03365853798072634
0.014294839760479256
0.019628637885045003
0.019982582526901854
0.022453697648964436
0.03156725689401127
0.04211254422675027
0.03626880328360723
0.0312981677229275
0.04405535111305375
0.04121985413171674
0.040718044906404814
0.025148904756359534
0.02319089933842582
0.026192463150207932
0.030454607403660766
0.018522428860408304
0.02850876144385266
0.031378810702624015
0.026325476840674437
0.03476336288842752
0.026690405470646147
0.024278191343032333
0.03193320725577059
0.030341938358208656
0.01650365351133566
0.02628758410352693
0.02637632790614527
0.028272138312794404
0.022434292176140656
0.029023941586597466
0.028836892687579926
0.03103998550603725
0.028861846833954787
0.031096156723857425
0.03353901036386071
0.03958141819252848
0.028441227629877816
0.036873909944905525
0.021631214403322354
0.03159562332032716
0.03133081043677297
0.035722722309301874
0.022633683266808872
0.049399042037776404
0.03098352060773595
0.046041694054411234
0.04040216926794356
0.048512849666637534
0.027486523618402474
0.029343596241088163
0.045906850722304944
0.02613510837934291
0.042172389111538394
0.04280813580748993
0.044784779544840725
0.040645372328070827
0.047751874409545446
0.03394822984155426
0.03325851947663601
0.03659475793668325
0.028668218611091527
0.039540186977934294
0.03478456187736163
0.028475355736364488
0.03621211324619289
0.04136477243564947
0.023759192144831062
0.02569074715837493
0.032640086786717426
0.023037933021191056
0.02695842009465685
0.03196976044465905
0.03001369022074201
0.028101579425758742
0.04425764104965379
0.022101694017528282
0.02832755153887289
0.04715385257855396
0.029792387987537958
0.03500736734206416
0.030587812198833587
0.026434123949925
0.05074544153049609
0.022979365287144077
0.014859945244403362
0.026670564282068612
0.029987673316825707
0.028513383579976785
0.026380513204425922
0.026612503500338995
0.033738691555467826
0.031584090030623034
0.018119306688968252
0.031859694366471854
0.03234632199555309
0.032173062288193846
0.023514723581431165
0.032097532693339544
0.03590594285508316
0.014417993607526304
0.02005443213437419
0.035183388449348874
0.042078576031515234
0.02263741693293551
0.051299209682484366
0.030442537750787525
0.03130721255270103
0.032348555069310635
0.03180279312426292
0.0467782587312382
0.0642713593917726
0.02222565714967578
0.026067229806300992
0.024568141369125475
0.018150703215639476
0.026471897651377353
0.03114783255138131
0.02258100215520413
0.023081504797468424
0.03539248904958517
0.018025445459128087
0.028278804346188298
0.030301057230253704
0.026313372925907505
0.03482743676868377
0.022212224071943405
0.02444429814607989
0.050414719011649956
0.03935457316359676
0.0363718671176639
0.04440516702197616
0.030978580974961034
0.028803375251435316
0.048335824962029934
0.0388184554674062
0.028531634920265843
0.038375539487380504
0.025096130987774887
0.042375877572395186
0.030477165677784225
0.020716836202712013
0.04090456002968652
0.023654117667755003
0.022317998489012385
0.02738354852826784
0.024744181089253702
0.025340365734447423
0.02692750800245392
0.024271886197049057
0.03648837592473806
0.023886775748657805
0.031223412798375653
0.019845712803189197
0.03632935222120676
0.037116716281212235
0.02397287346611209
0.023242927086654805
0.034309472700698875
0.01934212251078524
0.025484991864494124
0.035722575849349035
0.02793390579564554
0.03265024115956527
0.02245199193588165
0.020274171763292895
0.025179672870966556
0.031553002105804286
0.032590543429037805
0.027815549626063456
0.0299661557056921
0.01803360777363564
0.030518540871356675
0.034118604187781475
0.03882932197093098
0.015870913587160362
0.030711891764881195
0.03469940715792004
0.02842687771177122
0.047598682038753164
0.029507699956621537
0.03538926248900399
0.04930835210631153
0.030424049683186512
0.034630180849064184
0.06259757357015226
0.0
0.0
0.07056516217312898
0.023674222273392637
0.030456999330568037
0.030335267004758717
0.05725463081839569
0.0
0.0
0.071593260640872
0.033950368083461184
0.05495339219695202
0.0
0.018016580793813266
0.0
0.0
0.05993915609048488
0.019570589506706274
0.03166433319187112
0.01894231443092423
0.0
0.03201638356420194
0.04043321377800403
0.0
0.019391911522591097
0.07242759069553548
0.02335001672911622
0.05486153427662397
0.01810463859070381
0.05717135258752854
0.0
0.04802920773565068
0.01988065845866279
0.02435672444674982
0.060898393907359356
0.0
0.052209772574107194
0.01551200346505898
0.011398564931604328
0.0
0.04099451213471463
0.030608002830142318
0.04536218860644474
0.027560315804613024
0.0
0.04138562068755815
0.06483843880433376
0.0
0.06463716746062854
0.06488796425168845
0.04785426629230666
0.06722003656593709
0.05998874429020519
0.041529790192101936
0.043165111387540304
