0.0872492799468282
0.08916176167735225
0.057254071567929804
0.0618838604515149
0.05347072243227831
0.054559283977767416
0.05448003276871261
0.04389313163778832
0.04138792522560175
0.0400474877664005
0.0440512479462841
0.039545090210037485
0.08255056245332311
0.057951603831559326
0.07954977227867371
0.042929399034097857
0.044651967155203684
0.058438875195212535
0.05732292071074188
0.06519943801320777
0.06162463566554448
0.050525118228519114
0.06431567451598628
0.03300775988498767
0.05728123712134569
0.04643090211227863
0.036071873726284245
0.04402367533736819
0.058180861151412966
0.04316759972624141
0.03683712121199889
0.05393987680787648
0.026757359027232537
0.028506196752926496
0.055771413330083376
0.0342676943061902
0.032557120893515715
0.030604388229286433
0.02865825207316185
0.04155755590551488
0.027971889559977068
0.023978043125326157
0.03872415320329808
0.018786419427046012
0.03325795758578354
0.03508116712539642
0.022067679908761566
0.022087513870963377
0.02540352105297395
0.045750848876004495
0.05100009443638317
0.03260345442679349
0.04341533451889727
0.04321492047892721
0.02741643545963805
0.034657097534559915
0.03926084029819026
0.04332184302180084
0.06548649654394408
0.05919982875177937
0.04870334496155731
0.03564412345986665
0.047865229442211506
0.057496881187069596
0.03708900326691641
0.022926834035446077
0.036307568173407995
0.04073072998020042
0.0339236755362517
0.028631700267749017
0.03808809797200432
0.02404451848366086
0.03854923670090268
0.04260064264643068
0.025106246708848208
0.03772041020455641
0.041870226134599495
0.0570234616101128
0.07313371172495695
0.047745479208481094
0.039071168785307586
0.04937995898697719
0.0504104294482798
0.06251532875955781
0.03907664939297189
0.05790997607686308
0.043937602790320746
0.05761427120514497
0.05454292744073883
0.058595336013782966
0.05570928052739498
0.06598002973675067
0.03304640779604074
0.06845662286835433
0.07155891525072597
0.07553547807502445
0.060945766413693495
0.08363201655933829
0.05123205163481557
0.03378699625472301
0.04430768565429704
0.04561337048557583
0.06232493335802003
0.038258623996209475
0.04154847186561891
0.06267538557021415
0.05594077838884619
0.03427002187526667
0.03234966868944295
0.03470893326240415
0.04342078439457766
0.032061454034787655
0.03644354768717639
0.034779693406561896
0.03611134015361381
0.04026933010680479
0.02784022285857278
0.03221131926101445
0.032445303468795275
0.040991397720497424
0.0356877792702208
0.028788357742593702
0.03374931089075911
0.04594999506822608
0.03292111077564821
0.034914433254051275
0.041333044728287624
0.025269802407814745
0.02822072871923129
0.033668870432307325
0.03555040246298204
0.0410997636778486
0.042828167842204085
0.04153467827385329
0.02223843283878158
0.03273605504734042
0.054924422766083746
0.030682384566514665
0.023389400462602704
0.04008157255648318
0.0284346367791115
0.028231825148619466
0.02292215489600983
0.030952760429564304
0.02218648933282497
0.033540278451051286
0.01940466608917096
0.017749485207534898
0.029028473274065315
0.03243926797259465
0.03145750022539337
0.04250566720328019
0.034339442853025814
0.022328578296291306
0.03423593836255992
0.040616635748326385
0.037436032662893845
0.04379093503385011
0.031987273052262524
0.020756384179866715
0.032349845447553906
0.02883784261011259
0.028259091193145246
0.029850844462510583
0.039585632215173736
0.03521828958971456
0.02786341480428334
0.020946734791953733
0.03340473100558592
0.04354483568782872
0.03615654534382401
0.03653174339338328
0.03669412021530152
0.02319370497839881
0.03011195309279191
0.033120015180637
0.03822127430256116
0.02773269812361493
0.04589027661878714
0.06328987722189247
0.04809233056653004
0.02044655878691245
0.03651254062476349
0.02221763490815844
0.029248881479479273
0.02804200688253249
0.03837763934897508
0.022607838888806287
0.02401116480020287
0.03503052957464391
0.06138572123381887
0.013261359847315841
0.024749713547163855
0.025189399750600538
0.02596043178428793
0.027914814873905996
0.022135037790796685
0.022353684446491898
0.019886972771138416
0.03789325705982003
0.031599773165087726
0.04287752546497994
0.03377868710033327
0.03711642027459003
0.02378425621734883
0.0360313470883341
0.04713068176549121
0.029680180778425182
0.05722739796921171
0.03655904234467853
0.02578713316106825
0.03431584147125057
0.04207338884853463
0.0396449464668575
0.031389864725417355
0.04944714483977366
0.02313196845637367
0.02668722909724591
0.038309926601629206
0.03299684371437835
0.034723741163287664
0.03409271468547196
0.038928317205345515
0.04589488745250153
0.044144882436359535
0.043721316645887985
0.045810754070632814
0.021974255396309154
0.05535892501996
0.039023346602546784
0.029659562702229806
0.022896446070660548
0.027203375301197114
0.04222879920371288
0.023857870769761966
0.046209798841804116
0.02773442067404686
0.03204962322191432
0.047995655201845525
0.052365791231609435
0.02586791497417428
0.02330468933048931
0.0284937667086854
0.03300889243560931
0.03122067933555156
0.04953593626624156
0.04635457976430159
0.04046443506359172
0.055066828722029997
0.02868821254357583
0.022904308465634453
0.02121982875124636
0.03900478731249958
0.03518971405106263
0.037876552908392064
0.028644234762183998
0.03192871923519641
0.033105605870645254
0.03665779192153429
0.03653052071186498
0.04812447335400149
0.035205827019472204
0.04048965221578917
0.018339146166359902
0.03059111066654004
0.027454557931648117
0.030492838589208166
0.026621166074635685
0.02085009675767584
0.02946741227467309
0.020136620413751152
0.024500465451360996
0.024263703859880966
0.024524749616662758
0.042365806270092385
0.03167261077611062
0.02434899041156534
0.038435300194482706
0.018495371691317833
0.042226412990151105
0.03190746210887882
0.03638033381873917
0.02577117239489018
0.03419120914813635
0.02113339618829374
0.026170805623275145
0.026563104375660288
0.031354964310119866
0.03410913900537692
0.03034590508976369
0.027782133520663978
0.018594942072151417
0.04685827051420298
0.028267840793672255
0.022275586301525818
0.02485275604031786
0.03926621517959969
0.031685186350091106
0.04094914291609162
0.026200352614251438
0.032919124186743136
0.03462685501258381
0.028295367695083992
0.03244194472053119
0.03880673045442629
0.02323194570655885
0.02366234586614119
0.03327917221589202
0.023690130410972572
0.02254200283175092
0.02844796148525704
0.0360905150636909
0.029990324332399305
0.018978676055129783
0.022633815134936938
0.03507824719737291
0.023865074924207953
0.023830062132191344
0.03382286625938135
0.031182645990999527
0.02905195902602781
0.018605890491992065
0.026794407138223623
0.02607586478370611
0.028963586395890657
0.03296394953771467
0.015494479950256107
0.019790926115689167
0.02500705698112726
0.017148139427711186
0.019878628229990557
0.02294806507265672
0.01470683891180491
0.023203889796037765
0.08333594632660553
0.03725972160393178
0.025791303001205645
0.06991891564414135
0.0597952032084161
0.07818088702878767
0.08665287177519787
0.0542162108738801
0.05735712583768808
0.05425474584842005
0.056326539841810935
0.05860882297808532
0.059306835307849706
0.05977088607875911
0.05343407476964599
0.05746788007137517
0.05165567203790401
0.07307120550617045
0.07826199816925482
0.08273575001896098
0.07124720993991732
0.06786563607989614
0.07562613759791736
0.05896988343586921
0.050612978257434244
0.06313439301458429
0.0461852254805311
0.07633025170140602
0.05605352751277121
0.04262469245068662
0.05926613160410508
0.05608476441121458
0.052772005139739474
0.06871756581269614
0.03766371773787246
0.06373346035678103
0.040902575316965055
0.06686800036800325
0.0857624175386865
0.03496162991409298
0.04240012362434805
0.06149136931309965
0.022457735254250367
0.08619109929833535
0.07198047369843169
0.07462937319410957
0.05696924056541388
0.05385510295158299
0.058722205021652596
0.05448811877143492
0.0487118354028311
0.023813028351093883
0.06800465103706146
0.08336934976459565
0.06496421094525172
0.07041755778086477
0.0820438468298128
0.06383847310952563
0.0
0.03728524879186049
0.08725383336656323
0.0637568955956922
0.0827155270903837
0.08279468280783492
0.07800563919730821
0.05538160208735839
0.06220414921261526
0.08559777324579865
0.08545537466173865
0.06249439985251567
0.05441359936803482
0.04646178235204595
0.06079922029436314
0.08363473713349547
0.06374794443254618
0.08817743515019398
0.08666245483591782
0.08210166536506153
0.07433318256430894
0.06263531474358368
0.07975275773091473
0.08343891872908697
0.051737299485650326
0.08059767053878719
0.07530490250016927
0.07364288084301822
0.05527537322666847
0.07638441536436315
0.04428869693901094
0.06426082686836826
0.08418937641244319
0.06695894709401257
0.0595427400963745
0.06657403626813715
0.08274413516884445
0.07228240088252048
0.08783426432170087
0.07213941761727637
0.029680984004746235
0.052766956686411896
0.040438038382814796
0.0
0.0483078171041965
0.06782254794709891
0.07560177018889096
0.04931547483929363
0.03899154268876782
0.05932439297554306
0.056799222770034415
0.05895927504907518
0.04582558934768325
0.03835263734575494
0.07237309074455778
0.0
0.05834839888167992
0.08480914908010466
0.08849065006284824
0.07278812590577534
0.06153333731351463
0.038146787443374595
0.051525218748492536
0.06805934212345714
0.06681076231650274
0.04242049691594333
0.07218387083210183
0.0712375568361162
0.03720970942764806
0.0672269733572185
0.04815620866425798
0.05826794197750933
0.060052718919962327
0.07975833739422244
0.06784698159288753
0.0
0.0620792425939622
0.057823730158128014
0.06557080791337917
0.07517137236376961
0.04644572236063287
0.039760427416533996
0.059206709934875514
0.07794716423569159
0.08508940346820879
0.0529735477709394
0.07641172612267622
0.0602563698497696
0.06772113774619332
0.07312730514252633
0.06143421438812747
0.05695501458508949
0.08071938172145408
0.07769417315331541
0.08125241965921864
0.07620434643017422
0.061279866575899164
0.0
0.04184947696507099
0.030554474721388992
0.05943271738119081
0.08614744446311758
0.07841724149851091
0.06922135435350217
0.06536677510815414
0.07737526210709021
0.08343916037132196
0.07081152942408145
0.058335592797540005
0.04370484972935641
0.07920640977707001
0.07655743542521248
0.07752572656490485
0.07776141476138466
0.07826105274199882
0.07317568190725725
0.08757677176350055
0.08911914623093684
0.0736859374867832
0.08893688161286069
0.08928904473063377
0.06314138367628283
0.07163540483017924
0.061886323562886446
0.08598436133391636
0.0559693418155449
0.07509206485021665
0.07432336482013924
0.08021560938864525
0.06938299731692198
0.055475870584088115
0.07226018375011235
0.063370431447758
0.07038515752791336
0.07154342268204124
0.07434315187321855
0.08931355564257862
0.0855294064634361
0.08489058954264579
0.016404963433363708
0.08879408162602957
0.05800522436438371
0.07299689247559606
0.043770293256703015
0.04884187058053313
0.0
0.0820638804121894
0.0
0.07209572100600063
0.08605081468673031
0.08187203624205477
0.05248675830754836
0.0824132281934157
0.0714849933074103
0.044422459666395124
0.050279803137641646
0.05290141114020494
0.0896660312214163
0.0646818121487312
0.07958275833454377
0.031246666206173102
0.06242732014090243
0.047013023455019606
0.07743737348359496
0.038952052587772915
0.07737540659385307
0.08488084954947138
0.06019413326629104
0.06368256243961137
0.05025374735591865
0.053795460688807445
0.07971284587898832
0.06257330589200479
0.08241139945901496
0.04950828094574807
0.08890956035098566
0.08600507405222889
0.0882215930516907
0.08955526315288634
0.05888986055175851
0.027237761276213586
0.06962003143938604
0.08200081325415026
0.08365914459628075
0.07774042433244685
0.06822738863012202
0.04965444599904659
0.08059722987975457
0.039515655233084555
0.04851056663472621
0.055462218048014995
0.05286163110068599
0.08465394730506146
0.034947976790907144
0.05490276198906376
0.07026408204176485
0.07916122263521473
0.07689194031937373
0.0721755702700886
0.0637293438156092
0.06347499467374706
0.08530648890391863
0.06965804712972756
0.07153288892703075
0.08673278410958582
0.0691903175613474
0.05079252173423448
0.07639819431776923
0.05499197612400491
0.06360140900819412
0.08023022807214988
0.03870866014357911
0.051762527567729935
0.027439973533150506
0.05755705082403018
0.08203317209605608
0.07847499308888019
0.03903282175706434
0.07844673630934296
0.0542795115029901
0.024814399405587086
0.06561498225893224
0.06115219505531535
0.06326077315761239
0.030215035820101255
0.07302105154774173
0.06098875512617059
0.04740641927717811
0.05281662658174608
0.06754871631898954
0.0797637725976696
0.08934384099714687
0.07260900614473749
0.07871396615569565
0.06881031981025001
0.06192289177376171
0.08163941350334881
0.0792885112491488
0.04973000969917458
0.07739488421891506
0.07912965697020444
0.085248926575099
0.046830614282352793
0.060003629542303476
0.06079612704149922
0.06676806642960524
0.05685420548203389
0.07505329745698497
0.06125396205510383
0.04218224457918019
0.03373811997054174
0.05212790763753419
0.06493914463643805
0.050349865584707616
0.0
0.0578810540645018
0.030297771015373426
0.0
0.0686295029026633
0.07630582020105384
0.058040464172904815
0.07800489827977332
0.05725053194598125
0.042905660005644955
0.03431563853081821
0.061477415748703086
0.05899579898761865
0.06363637711357098
0.05961320403031533
0.04620602950711636
0.06468059729075169
0.0590702019724201
0.05364562739086938
0.08105076783572125
0.06712735829132775
0.06179799247818112
0.05201989977114527
0.08808897809465153
0.05466711449365608
0.031012976276964324
0.06033029522967712
0.06699814666600862
0.0
0.06432356294293298
0.05817967909021848
0.07350073460857373
0.03597161445501166
0.0521029709145745
0.05256580979670465
0.05235525791912191
0.07038390328819667
0.07417231496938906
0.047889988440173975
0.04050801721744586
0.055019227409788304
0.07022223916435329
0.05861991287949859
0.06058301145215743
0.05521212928284513
0.06976013911522112
0.048009428296038874
0.06539719258653237
0.06842701384394911
0.06061354661855711
0.06782001180309703
0.06783986530207804
0.07626044774016624
0.051994758398082756
0.0
0.04360956721437395
0.04950024571095019
0.05728497684419538
0.05559544979207682
0.05674770716249243
0.040186186422976534
0.056832840101476545
0.057843787378766956
0.04815170711989347
0.03130992356266624
0.051029255408050055
0.08881663548053165
0.07355982619024395
0.07804067695288436
0.04628767653460801
0.07861043920904998
0.05599269765859768
0.07887816810251858
0.05950829867337828
0.05742619323368473
0.05787578490353278
0.07388942786395425
0.0431511166613913
0.07942137135891454
0.06595818435766707
0.06287194886212948
0.05873519928955153
0.06297698991943414
0.06789539709545855
0.05397779304800561
0.07139766322515786
0.05797415343464368
0.060519852967585414
0.04296084247905293
0.08029968545431859
0.0780845716274791
0.0590804221968666
0.037586306515065386
0.0554350237349999
0.05022090926347315
0.039920997620300054
0.050765751620950116
0.050378402909977166
0.035449369723769455
0.06556211665688205
0.051091452976229045
0.0
0.07757897010788428
0.07797237682226006
0.04706741090011215
0.035265740350153556
0.08446214085908557
0.07999544861404918
0.07446528613312987
0.06532898126436693
0.0892475003358813
0.060412373310109214
0.02556267885512009
0.07179520677956153
0.05547313582446915
