0.04995741489383738
0.06231294671098098
0.0398081874281221
0.031234236278081105
0.05493392646777274
0.035839543168309534
0.04093682417592056
0.06565236611772898
0.04255117397487402
0.029899031920991977
0.061293627431199746
0.03509521902342963
0.023951790571113896
0.04423560017187959
0.05833571749759095
0.06181422293841441
0.03166542252994578
0.04701565880640191
0.043258814520049066
0.06053519558121176
0.06809414524867789
0.044846937929194204
0.07070620287386395
0.04014590278372129
0.02717217045641551
0.04987700326042053
0.02812556532320725
0.03989089196511533
0.03381171184605122
0.041786560940689985
0.038174986250685175
0.02870410230916479
0.03780999310202262
0.04671301220454641
0.06086345627106621
0.037673945144403906
0.06551189133112088
0.0567971094448617
0.03333605312612007
0.04968624069216742
0.02507957751595682
0.030026446230781347
0.029080351495091174
0.04006496324768195
0.04087031858149786
0.05466880158329439
0.05334942886929517
0.041837556734589665
0.05422637665810748
0.03292316349100774
0.03511481772224746
0.023456730188916596
0.037639523373244256
0.024129845544936725
0.028454814177725374
0.031746824025207634
0.036969930021572985
0.03708197944841265
0.04150587513545514
0.04637572800574131
0.025660029081130006
0.028859745466219874
0.05109260171859515
0.058173842914768875
0.041908350674298836
0.024687324181089824
0.03559349115182426
0.03719281477231189
0.033471927504834416
0.05398174193159248
0.043279122855309764
0.05585099350523834
0.03138258740727094
0.03650543021935228
0.04256292313513871
0.05126055009420015
0.0434008735518365
0.03866563281985697
0.04059841600067388
0.029930512999947055
0.045706765262145704
0.04434318808937399
0.04945030437595917
0.03481208900116454
0.03524233349786872
0.039691017760491304
0.041181623331484944
0.030047933717437202
0.025802222272940406
0.03298407839507571
0.042221982784800625
0.03103599111669421
0.030582499775198245
0.022433955526289955
0.04490870569099048
0.04737527015091842
0.06760697878037449
0.03663262122296193
0.04656594941585536
0.04343968771664911
0.03845533703938242
0.04498637361379553
0.03175576259011894
0.048337962491606934
0.04049078122394034
0.03556925027998204
0.05301038340701921
0.051914873889591776
0.0444806970304472
0.03896876861333969
0.05910726819144625
0.0330889703342032
0.0547107062123128
0.028324454611916145
0.06578600711367126
0.04775100815731532
0.0666435253419266
0.04987832654971492
0.03613003880036032
0.025621133464094375
0.04121111461565921
0.06373842709544297
0.0463034471705941
0.026078294078840707
0.044732316932069416
0.03497119245436166
0.032119246741202104
0.05320406039768021
0.0565626127660017
0.04735333718123775
0.0399719081277089
0.03446946103390832
0.035398005365071435
0.029562080854585074
0.04448472039419991
0.03316549151618883
0.03349259256912064
0.06944407464543606
0.05064436911323463
0.044121809248815806
0.0511763096579989
0.05429625154320624
0.03534986049138515
0.034490785390303896
0.05727081141275198
0.04974804453933622
0.04829187447259028
0.04035737545777722
0.030802592761202698
0.04325525558495754
0.035990873789213694
0.04398423404641714
0.0392617173509046
0.03633050531960162
0.04637416728234735
0.03462196902437817
0.05407663685026093
0.03646054998728079
0.03413077319113941
0.049315202378103794
0.06465952620504767
0.0666019205122495
0.06070090467612493
0.062474597889417706
0.047217118323336874
0.030276918086225377
0.05052701457873803
0.041722858646550086
0.06314031456121273
0.05958806806958599
0.02247858904725897
0.035654931932693416
0.024508696653773008
0.03961648414940427
0.03372717924345271
0.05020605617373271
0.04079304216408268
0.03677871567101822
0.02298271207523893
0.044471259713437294
0.03594150647657311
0.034568388284031325
0.03573548032262743
0.019880875804400552
0.051777913253559446
0.024290270532921165
0.0708573818871256
0.032806130949488595
0.03244389305497267
0.0504782576839332
0.02524534174110149
0.03908784739105834
0.033555302057946115
0.03683974875158629
0.034928766853053954
0.030524789282155573
0.05730257007640321
0.028258540050045064
0.046249999113513435
0.021135877496701018
0.022910298460790485
0.0233586178006224
0.02269394700257222
0.03346881358996747
0.03643465140580456
0.04200624641868756
0.03425154915555726
0.041346694632854314
0.03492581664359795
0.03008465737921913
0.04292564397376586
0.023544889903384526
0.040460257105738924
0.02533878945411565
0.02347715488554775
0.03619501070644944
0.038259489246133385
0.022426330995430187
0.025441782766412714
0.021375276219138015
0.028588053583778465
0.03286626566780545
0.048639719283318214
0.02340980196176139
0.050942070964540176
0.030607805921583683
0.04403612047099972
0.03479282775507298
0.030978470563323902
0.03848564962171777
0.029297748249396235
0.021573178572216127
0.032645548551089254
0.04922204673129306
0.034787870608589996
0.033430189209075326
0.05888278802463691
0.04031725756041923
0.047173370028775245
0.04035621985105479
0.048767500645819424
0.037429672586866136
0.02821470025240978
0.03883558686565713
0.031197387556225527
0.045554156631859605
0.05939034485772923
0.03618249636937729
0.049394322041827365
0.03668845686523894
0.03335328833363609
0.02858749965491913
0.04324587143557428
0.024657824221397406
0.03609146049801805
0.047217071021330104
0.03201556228086586
0.0482886433954536
0.06396590182116658
0.026192722258850623
0.040830933071056855
0.04282084053869097
0.04149321968782973
0.0526870804588753
0.02409125573859161
0.03549248624089333
0.04231016293468981
0.02258055890030183
0.0384600770155235
0.04506174895043714
0.04956836076369685
0.0497727880977927
0.035215669462139526
0.03175959984992763
0.026586898789107027
0.04137254347390311
0.0435251701924484
0.03875435250543548
0.03641509946980186
0.04706151754441557
0.06068816350703659
0.04811261635624488
0.030669504928439197
0.024903888864102212
0.034278989466946096
0.028610290015195588
0.05401339763313361
0.04024981803996139
0.06773419692887495
0.048017453451259844
0.037082923485148786
0.03613330638389217
0.04625695352880905
0.03196868470168204
0.04100482887586399
0.039860369049944666
0.042897301234154674
0.045958577819197884
0.030636431383857153
0.027067144265141937
0.04319989153180829
0.063181042525745
0.07187849396085032
0.04688477214192259
0.02908962569907871
0.04471280599435569
0.03694134247395157
0.03994711010198362
0.05171447426166107
0.061339422523763634
0.07044206874503332
0.04759964244089842
0.07505523044018034
0.05100804657894671
0.03508659507561257
0.05788316008650533
0.03575704629393578
0.05578246658942215
0.06000142724769137
0.04684483329968204
0.028107709140218325
0.04412220089297451
0.06570132134013747
0.058326868782063
0.06019182343074817
0.03251791106958748
0.024307097557435018
0.03464432945742973
0.043215880525595045
0.0417540174584435
0.041222599596221474
0.052298915211435294
0.039348412515398085
0.057293311222411755
0.0467174383936288
0.0327876633669205
0.024458385930664624
0.03334301636145114
0.02650184458779336
0.030503088177428934
0.035301265650115134
0.0324515328865603
0.02537350011111765
0.03222981886122696
0.02574147201057293
0.03439334448374574
0.026552430988183027
0.027872897973559185
0.03505728305662744
0.02120990913906751
0.04521505322967677
0.04479338745144206
0.03159033087136787
0.024970402083711526
0.03558190685821466
0.027395018132864945
0.040262795889505716
0.03187382053700184
0.034761719942704154
0.01927277781108778
0.027662456982945973
0.06691983021531706
0.04115361829475022
0.03823924849304053
0.03725519019965542
0.03053060508223672
0.028344284607110654
0.040317821073627
0.03041800282909959
0.03625406374635817
0.04238601448370086
0.07371082438191302
0.03162891761308037
0.04154932413313123
0.03921284326595046
0.0421799059918672
0.05307040983636737
0.054317997321905225
0.03674659772523473
0.042002629599109595
0.04018693759061701
0.05035682488625549
0.039021804047544954
0.05612552309396701
0.04210923096234366
0.01892965974566574
0.05194147043780721
0.03863474178301183
0.03656022043758005
0.03712690514789927
0.045482971505828446
0.057801507101804914
0.0707167954985471
0.06816702773396631
0.053538835664963765
0.034181314634241296
0.05268308952633665
0.06889234595863027
0.03764197182425657
0.04940933371726934
0.05525514440035172
0.06388534272637937
0.05040547265129061
0.03476432168357284
0.03196173932482553
0.06441772258082402
0.06948391263333355
0.027565075818667645
0.02549827827303028
0.040330623815656434
0.033079860801173415
0.03783386245977269
0.022726352762572538
0.04180147827290322
0.03966180088699964
0.03755990387867091
0.03689068106663262
0.018639749190611135
0.04452776552301069
0.054125469685927276
0.04618644784999164
0.035607436385068
0.05083442573138784
0.0455080727542439
0.038998241046488205
0.0340217827528188
0.032394418952189946
0.05205702993179689
0.038097400558043365
0.04263243537308193
0.03935282918520592
0.04924527829763085
0.04093149777127634
0.05108172207138068
0.04511490922425198
0.02513820765910926
0.048717916702944106
0.04090847514498064
0.028191175993365184
0.049249449072248465
0.04224939740464416
0.05218994039055422
0.04372945785257351
0.026492636282979137
0.04371295860222683
0.0340868021683246
0.033879548403129574
0.03141954255625697
0.04124749472966877
0.029275451538713398
0.03412133206497251
0.03090816384423739
0.040469213992706865
0.025475088387154485
0.035778360248277956
0.035350244231436505
0.04803046719075821
0.023017049953361745
0.0294818179527654
0.04752619055320967
0.034854761651925
0.06180970235723356
0.04113988816087002
0.02517701012608307
0.032372093269151817
0.03225802914896729
0.04137026986725615
0.04338644565518131
0.039252776204492856
0.03984633368429278
0.030989894968521635
0.051493114253849545
0.03304538916967082
0.013319895103023727
0.04274619690905264
0.03167585410647988
0.022288652334515144
0.03128452314028453
0.032641257816986784
0.04742942501053961
0.031136844906033766
0.027762692031973745
0.02205735865510645
0.036428314065332486
0.040110114316524656
0.03254837832557867
0.023926333036124743
0.031008580894044523
0.0391870062331891
0.02766292876155134
0.03390016015448887
0.03931479548624152
0.034042704920144135
0.043168588948592095
0.055560583663370786
0.032188137516448084
0.02377380913012375
0.043108782003670666
0.02937686366664908
0.03644909181738953
0.04408358226955654
0.027820653212811155
0.03129245637707454
0.04184556477244634
0.025999934361028144
0.03617286162968043
0.03358052974288068
0.031601000864951524
0.018115010120523467
0.04738652824126275
0.04483868347336935
0.04478720764236124
0.030662296473030166
0.03726936823794475
0.03175077492084125
0.023188182828520407
0.040351592522786466
0.026347562183245653
0.032040065451322035
0.03595784230699886
0.0465424479621143
0.02654465060149702
0.027165831077384704
0.04576305266776036
0.04667169101243279
0.03009581342354787
0.04698558987689743
0.041824675982486674
0.03698218822622594
0.02545963753669716
0.03712660724386207
0.041895027767823036
0.043142506372385744
0.04201735442201232
0.02911805703189162
0.022720738111084892
0.06598377192839143
0.031120942688164177
0.037804074339150257
0.01982555831075976
0.041358589785436405
0.03654842876325185
0.03725330069940121
0.043106020977353
0.02354764048099562
0.034320198636436365
0.03905032314206891
0.027386909680356297
0.04652207785736434
0.03103142413445606
0.027515664263994936
0.03460333916770977
0.02471076714713646
0.036344415604395094
0.022974759904440045
0.018270785621374505
0.020434188107851664
0.02574136594407272
0.02720517344757243
0.026466831852575416
0.022611117091488418
0.03208074532051896
0.040594450491261785
0.029748691936366624
0.03641022790425789
0.04208129710516231
0.026760804576012955
0.036448933532923805
0.03619100924925972
0.03199633515201387
0.02927749701776093
0.014020251281628298
0.025115922592384828
0.02975128766598854
0.029871762088132657
0.03039635459320007
0.03790203470211066
0.04209340643663805
0.03291390134407502
0.028410772628969495
0.04610120380076862
0.026823637021524408
0.013306296930401107
0.03680797291858113
0.03494100607989125
0.029248352107426535
0.03489342459029901
0.03695550748958131
0.0276094939709755
0.03626239755271507
0.021349085028533544
0.037613511343912956
0.028147974478636987
0.03130188497029107
0.038309679942510604
0.03735463472099401
0.06777111444296603
0.029424718733405082
0.03333308728687647
0.0517921090381614
0.059349860376558136
0.03580494547032296
0.04291269138109268
0.04646251712994033
0.029259342424685482
0.059047941095364195
0.05543157969364877
0.05850082197381713
0.03583733556031335
0.028333727107872273
0.03223150590575161
0.026688877489154748
0.038856850711296714
0.034175891624396576
0.05179638350577941
0.024986413681572405
0.04760986483366657
0.03743647966870814
0.022547283406211056
0.04011111170314904
0.023840294810816953
0.03489719293868779
0.023723717265499166
0.021630343088471803
0.02087665365905177
0.03670671552403589
0.04479541782897242
0.07196780351464267
0.027768596321504375
0.034546079109003966
0.04391674741098209
0.035113143085068604
0.02147348364068273
0.026365694625071063
0.03958378485216163
0.037245189701154695
0.03057292658909553
0.032476990312801116
0.03220312601571165
0.03869003485446872
0.06717864357875683
0.03776651098240486
0.06022931788627294
0.037210275743065936
0.044101568560313054
0.02382400744580508
0.03161091101755858
0.06939395910893471
0.030529990939693653
0.05008533610748756
0.022284895106077778
0.04087920463457619
0.05273577952510043
0.0487718133136232
0.0504353063549732
0.04198629637054817
0.055936753224596236
0.022132359428874468
0.042275139060681935
0.02900343708558998
0.053091275837930836
0.0484533055190252
0.036488353053482164
0.04330493892877573
0.04681870821732366
0.04378610416559114
0.04630604655247516
0.025302663893572754
0.030154754364407895
0.035569296866293336
0.03905804963413072
0.03621980696041873
0.04318265681543925
0.020278802520530347
0.03174396516957984
0.03543609254863217
0.03114406503452944
0.026961184212215165
0.0529628888218911
0.04051755303618424
0.061154950208299544
0.05689789377149775
0.026371726278135273
0.024338828592326892
0.029124650991471154
0.03253576710535702
0.026885562513487924
0.03842704030731566
0.031169516522557734
0.025058622175061863
0.04308036732886573
0.027734978947571227
0.0498394848720481
0.05290138478599124
0.03743204411516949
0.03127602145414274
0.04244292965807142
0.035610957240714614
0.02929113901528069
0.04148247221585141
0.030827263842255013
0.03800471884105316
0.03208861563614801
0.04360105044919904
0.03844544897383827
0.018216307681732758
0.014145375086185913
0.05127571493211966
0.029352273681096688
0.04253216501942972
0.04792517083495894
0.04158515768795684
0.03872258042634815
0.04698118780249532
0.048847963632353976
0.04284485516225957
0.04741614030095658
0.030409109894322855
0.02619028926076425
0.01806613065010501
0.029611845105675223
0.02755540847496588
0.03146193147777957
0.032299665893202344
0.03189496175044738
0.03634005180238463
0.03474492439991137
0.03578002843276682
0.0366568602726352
0.022999171736445216
0.03367190549327491
0.02042615438054299
0.02815507065565632
0.03140231693688294
0.04067772776643258
0.05224852287902502
0.03354196558138027
0.039545563361913484
0.02888994803236066
0.04942214055840758
0.03590753487160539
0.02581659351218386
0.027589499841425186
0.033511011525235196
0.018989703645806464
0.03236390298233512
0.04370262476831335
0.03799318274395587
0.023502515818906673
0.02377215275800665
0.028432369560282934
0.029513914716433193
0.02931528288069213
0.031994256048720894
0.020008679519426382
0.025552849969339143
0.02893794739507287
0.018158234922664336
0.027825969509884113
0.01840001842088446
0.040438742374609
0.02331354499802635
0.021636568391909555
0.02262062603269662
0.03222673478030311
0.028656566409376368
0.01345160581079035
0.021635540457517834
0.027054804151327175
0.03607489449828654
0.037411793746892116
0.031198482155587248
0.018436667627915283
0.033245222188057894
0.023232188910121177
0.022790911712054506
0.03296343659015756
0.04355259133507457
0.02823113747044209
0.04149844492797293
0.028535800396169035
0.034669139759842565
0.04725203335366167
0.05058159975129295
0.056861970743305255
0.058179189694187214
0.01995286229536451
0.030727162507462387
0.020007144024131045
0.016503965008445733
0.03788401644062398
0.03432630565965406
0.03583587491345091
0.03965492730493904
0.035021066841545545
0.018916178437165018
0.031475301477904866
0.03730524250524316
0.01582550263200371
0.03161042799281416
0.022207760187726133
0.032986274931519455
0.037784124823627974
0.04133587702539776
0.02922910344723029
0.03534154462776503
0.03461539440713628
0.034653936826318885
0.04881847989107199
0.03553389595337424
0.01923854453793679
0.03028556133612918
0.043025829897574336
0.043343186670135626
0.05731909022644861
0.03186389402512577
0.02887570546649025
0.04561076142463194
0.04007389344854077
0.042229698227669116
0.029877203693453303
0.025316964119384923
0.03142997985123263
0.043932070922490137
0.027091157827049395
0.03819283227469683
0.020887014203407158
0.02622730707996286
0.02702098822443398
0.0316017912365047
0.04105635214823643
0.035090545391529594
0.04623259106604344
0.02400870048935385
0.028496321105636723
0.04052269245949318
0.04430894729780885
0.029717066370816284
0.02268381103097293
0.055155697203277086
0.018524722897912512
0.03179733081270347
0.03351667617470441
0.018145776962024948
0.034796121281289734
0.043165330756677035
0.03514325440696269
0.0689675234353098
0.0390011532089116
0.06693154175681633
0.03794797561464902
0.060793958166909905
0.045011985782261406
0.04789799573978941
0.05321606987781032
0.036582258655152786
0.02622623549163123
0.05780550992627552
0.03715728559336199
0.05963429009051761
0.05315775762412294
0.07365843170336991
0.05707192529935367
0.035286896127493236
0.044249319109337756
0.01428203842827302
0.034249028122464054
0.02421448682320379
0.05130219277320581
0.05965027472161878
0.02497750413205181
0.037869052144891314
0.03856154751660001
0.030435942594652786
0.025020117326330277
0.03272215507925209
0.03862358443130961
0.04333420859383615
0.0444736520000576
0.03595783451662377
0.0416973895378131
0.03401467967014387
0.027914135161464317
0.04633165707519357
0.03923870599522366
0.04674501849454718
0.02635200653123446
0.042977830119871115
0.05126917092861482
0.02757928097120896
0.03548057092112367
0.02024817482052402
0.035752316494879144
0.028367865823410054
0.034814206207739375
0.022763924962262126
0.0338779623531286
0.035594415367582684
0.021808309751611275
0.0366411002751691
0.024794232815090005
0.027678520661335956
0.03782599730661434
0.02207222826439491
0.027680172829572396
0.042696684094757326
0.035125905489317204
0.03767904615193968
0.02702630744293415
0.020461196027820303
0.02094566599031357
0.0323791081151618
0.035640996242038474
0.04822253359336555
0.04168842721379643
0.04297913509846955
0.041959603199744365
0.03653708749968997
0.028576573290021997
0.04283440304387345
0.03617102958937657
0.034610259124716186
0.02755498061048941
0.0358646338516442
0.02531714526868212
0.03194545161504041
0.030497908441604635
0.02834494727656264
0.028243677780267148
0.040668761486858704
0.02687898280565445
0.023922746360826624
0.016806856461311023
0.021027598891100105
0.03283523841173619
0.022549067371697037
0.026462572172787757
0.039585991971908416
0.0407715824523242
0.02858323598234156
0.03746682887675442
0.03232129693889924
0.0221939892492439
0.027736976325235294
0.023489049433583566
0.029747342232355627
0.04191333866730259
0.030222428149314137
0.02501630221062524
0.018818319713660804
0.029888824358872905
0.01862404683317895
0.0365926273183889
0.03902813605848994
0.04544913192218288
0.05789746013475515
0.024761974488225893
0.026755820006537274
0.0227892046440145
0.02982933963444494
0.03927065812091769
0.03852130978108099
0.02063111921346
0.02902598648337966
0.022494411594882944
0.04544654727946895
0.03363092554480173
0.02772751572050085
0.022429818726666363
0.026336439000408128
0.054960444866256036
0.04588634630283611
0.03654469059475898
0.04586538491096724
0.029226579185392218
0.02962907733921914
0.015834968775185847
0.019058433959798383
0.02246114239946147
0.022032057050781477
0.022804093226631236
0.020116781388791923
0.037882414421140057
0.027466276237111772
0.024093226293342748
0.017661175863709935
0.024805522167452982
0.01834138196383617
0.02812468601553624
0.04611558464348037
0.034763314045514374
0.03656443615318033
0.03370001169602496
0.04442741361137857
0.0415914990962396
0.037208586124710556
0.01893583765271558
0.04344737110885307
0.03942635920662725
0.055633443439700586
0.024809219779146626
0.028125462974594544
0.023185289047631518
0.04000515416638736
0.017996335222731693
0.03708227225066452
0.03219153253768762
0.04446013962217924
0.032252232725900144
0.03262814731759818
0.031710646970773075
0.0436663992199998
0.032593128981552616
0.03171992831363624
0.032135750739772005
0.03673675530623798
0.03294486096063474
0.045737644603955914
0.01953792181317596
0.03555181544819088
0.028239540630195164
0.0237167213819936
0.018457069386371525
0.023328033326641316
0.02329005564851901
0.032060048989981355
0.026782669871475543
0.03206237899294906
0.037997454570010386
0.03392441593536358
0.03145735498699433
0.03213385709808271
0.02852720903037135
0.014354631633495008
0.023026464704287063
0.023454573137503487
0.01755389578159535
0.023459683187332266
0.029877923415542098
0.04568889575280967
0.05612005971522135
0.03402470049389622
0.036107192267469355
0.041897465674782794
0.04485848497899939
0.040892052431737914
0.04421937137002289
0.04697170376939718
0.03200039463569157
0.03801174172953009
0.04166094621393042
0.026494170966879123
0.03809547930529288
0.03386822550064443
0.029776444788158003
0.035193955877572125
0.03971898717058073
0.029617047453704887
0.03509712878629472
0.03141157912896132
0.03143720546879923
0.030812917473394503
0.03023117761884613
0.04060524384854743
0.0557196395134837
0.040439299331933805
0.05869680253574302
0.03533046116942783
0.024645142814220693
0.026325637136164457
0.04090462167432917
0.042808146594777975
0.024550496629962087
0.03982917130797483
0.03874310617629282
0.0535912601982823
0.0424576546243431
0.017583729793318764
0.027711593690888502
0.03362229275439885
0.03707906788539869
0.02658828000997601
0.02613446979671781
0.023509881936468045
0.03769287401989934
0.03733404570897715
0.025253840871791684
0.030993813737583174
0.03337401290525312
0.0465052588488657
0.043805531902058006
0.04212376040288901
0.03170947575515346
0.029946766197496175
0.046470261623026164
0.0346172784476914
0.019672444829316422
0.034073031722463454
0.02800666425491438
0.0523261360074698
0.032093824269198885
0.043007954533870796
0.033244750907098115
0.03676537240383349
0.029905816641583302
0.031545205316251206
0.03818386633530581
0.026594478610334826
0.030895072018042036
0.02241034643244551
0.02535847929632651
0.04142123463944011
0.022454386013031437
0.015324281752246087
0.023393406684630164
0.03858549950434746
0.03402727474210943
0.03436826944381252
0.03750359891230439
0.03448465792725808
0.03957547879448216
0.02431445796686046
0.028051951496781455
0.021242044850824527
0.028710486917892852
0.031069092517725775
0.03485105713748153
0.02354963708340417
0.02301252462368169
0.02458372908562829
0.026087881897838214
0.03479915421845766
0.02488660557729796
0.020634818670285295
0.035118132070484614
0.0345751904931845
0.03807870147872102
0.035625741866739544
0.04074576770318879
0.036003839789666876
0.03365842928320481
0.01429457232269959
0.01962821501195554
0.019982342430255744
0.022453690609786185
0.03156747431890934
0.042112854611893694
0.036269037895634876
0.03129812900757808
0.04405506129234445
0.041219789981512586
0.0407183727965645
0.025149222652002586
0.02319122102488352
0.026192599723013386
0.030454856458188913
0.018522843641178732
0.02850887954326685
0.031378506042264685
0.026325121179419323
0.034763176027227435
0.026690277519398366
0.024278209216863147
0.03193326181209803
0.030342362793442552
0.016503796401636395
0.02628757459544548
0.02637628776714039
0.0282721039640766
0.02243429930064924
0.029024209791138147
0.028836705954607605
0.031039626131366366
0.028861965038591664
0.03109643606074496
0.03353932951849813
0.0395814602545813
0.028441198219967805
0.03687417050761954
0.02163128289798134
0.031595728501738266
0.031330879094154065
0.03572282296900676
0.02263384661484977
0.04939897646131167
0.030983286576192936
0.04604374860499545
0.04040290846791445
0.048511879224462935
0.027486770475767038
0.02934345218204559
0.04590638510926333
0.026134752446588104
0.042170874254335786
0.042805673701041
0.044784305476360885
0.04064509344158284
0.047752026059765265
0.03394837359414293
0.03325866757035767
0.03659502644106469
0.028668574521784534
0.039540127453796856
0.03478440813065541
0.028476003982520162
0.03621209439326773
0.04136456442933461
0.02375948682368795
0.025690605245670826
0.03264007405356517
0.02303785887283016
0.026958937518216753
0.03196977653451252
0.030013740358931198
0.028101557910550034
0.04425763070296465
0.02210137506782979
0.02832728088565863
0.047153948794941475
0.029793061321201783
0.03500765604042125
0.030587412307461835
0.026433830012147545
0.050745185594300565
0.02297928673102509
0.014859975168216074
0.026670060707166644
0.02998746107145829
0.028513389144614543
0.026380482213518755
0.02661245133391516
0.03373874875514059
0.031583967579493534
0.01811945575893495
0.031860147042386655
0.0323463063795544
0.032172881209697905
0.023514887024559127
0.032097738731360285
0.035905752121004234
0.014418177435291675
0.020054734996448473
0.03518284708332866
0.042079183948836314
0.022637372837853782
0.05129925707612634
0.030442968388488395
0.03130717275196074
0.03234855859306392
0.03180264181844243
0.04677816799266508
0.06427160077263058
0.02222564707469471
0.026067254762920496
0.024567841389824097
0.01815062035670779
0.026471811028431685
0.031147858963338076
0.02258122634451505
0.023081727222102732
0.035392513165623196
0.018025645239194324
0.028278807937658877
0.030301064702599325
0.02631339453797468
0.03482763942139439
0.022212217041279163
0.024444304362729968
0.05041470226749339
0.03935452286445471
0.036371470312423486
0.044405228566465005
0.030978578693814932
0.028803612322285163
0.04833544911180617
0.03881827197097387
0.028531283048144417
0.03837534226430429
0.025095914202647934
0.042375864305344846
0.030477011099442702
0.020717092283104522
0.04090487590876072
0.023654206327839447
0.02231791968849753
0.027383632025151223
0.02474395499915086
0.025340893972654814
0.02692756740673849
0.02427206885496167
0.03648884256951019
0.023886395002641572
0.03122370912018976
0.019846088755442158
0.03633022243687057
0.03711771093763737
0.023972439325655223
0.0232413272713357
0.034309241403252644
0.019342338557912068
0.025484394026322958
0.03572025869254737
0.02793268746468903
0.032650234351719806
0.022450418234164094
0.020277167063596405
0.025179570738111393
0.031552694811836424
0.032590319298834707
0.027815759388039974
0.0299662424608462
0.018033986830426625
0.03051845988223085
0.034118573690293696
0.038829318493819105
0.015870898764055216
0.03071178899778463
0.03469937339491884
0.028426872251445464
0.04759855020815621
0.029507620709233746
0.03538927683723561
0.049308472536066204
0.030424167558455926
0.03462991826040345
0.06259750295439288
0.0
0.0
0.07056513243691954
0.023674252416919138
0.019191284278286338
0.049925778419970604
0.057255065390289996
0.0
0.0
0.07159308130442524
0.03395059630183247
0.046820944205217756
0.0
0.018016882728430068
0.0
0.0
0.059935302206903414
0.0
0.03936959641969923
0.019570212594655207
0.03166408081591292
0.01894227742086172
0.0
0.03201638131097891
0.040434078538062655
0.0
0.01939192275794232
0.07242630106943193
0.023350107178554947
0.054863358148299915
0.01810436589610361
0.057171542330538505
0.0
0.04802922331566607
0.019880612433976985
0.024356663363235935
0.060898197555037045
0.0
0.01139848878141311
0.0
0.040994522323483815
0.030608008335238083
0.036748507016253144
0.033572305340265216
0.04536202859098005
0.027560348387674693
0.0
0.04138533275778049
0.06483844448576273
0.0
0.06463830796988634
0.06488763083388516
0.04785308919560466
0.06721968958617501
0.059988609890362726
0.04152958952534012
0.04316533420933031
