0.04995713079278579
0.06231303767270536
0.0398082153345889
0.031234012326558782
0.054933614964996616
0.035839451301646966
0.04093679816093709
0.06565236813583107
0.042551494711231944
0.029898925823096077
0.06129489494246694
0.035095281980666665
0.02395185083140758
0.04423385141425054
0.05833547926048787
0.0618144130859462
0.03166562415610268
0.04701558329713242
0.043258845745100576
0.06053505272301384
0.06809410733363769
0.04484699101375138
0.07070633623604432
0.040146377642322824
0.02717216658296686
0.04987704853286285
0.028125247471177874
0.03989112932197461
0.03381155562505217
0.041786725913029135
0.03817483056287217
0.02870389968654085
0.037810170047091814
0.04671279079355139
0.06086094686309519
0.03767516106805058
0.06551265969919284
0.05680011465350745
0.033335793076324206
0.04968495277324929
0.041808599765777804
0.025079795618540825
0.030026868048558707
0.02908034878421145
0.04006365686052765
0.04087149031969752
0.05466763051928986
0.05335023985925466
0.0418346068077614
0.05422709322756834
0.03898078725001332
0.035111305226237274
0.02345348211260437
0.037639482704229704
0.014127799858985619
0.0360662024620697
0.03174712066668411
0.03696967470400567
0.03708203810809217
0.04150559257594085
0.04637526429911203
0.025660001809041093
0.028859826179743375
0.05109277982565144
0.058174360213738285
0.04190842465280704
0.024687336388633678
0.03559354758854639
0.03719261518349443
0.03347195679802557
0.05398174937942508
0.043279282769740086
0.05585115998223116
0.031382755377167344
0.03650547901643216
0.04256302949230118
0.05126052842724121
0.043400665519926086
0.03866557602355875
0.04059837163183845
0.02993068810588893
0.04570656295454493
0.044343389069397915
0.04945016538963753
0.034812087260039815
0.035242247142137514
0.03969100333400505
0.04118165767484361
0.03004793412805196
0.02580224276559005
0.032984209019241324
0.04222164043852395
0.031035991296306267
0.030582276470868315
0.02243389121148822
0.04490889105359873
0.047375543698067485
0.06760698691004917
0.036632492231965345
0.046566402403509274
0.04343958809473221
0.03845499342900731
0.04498600061041216
0.03175588414451716
0.04833750668828508
0.04049086992613272
0.05301023895918782
0.053649168122369056
0.04448088621356814
0.038966661399837746
0.059109141168620934
0.03308872479494418
0.054710546831331607
0.028323998487369374
0.065786084822552
0.04775130827359594
0.0666436410871887
0.04987805756923582
0.03612954951196843
0.025620018136571835
0.04121118634002788
0.06374282401216275
0.04630413261599866
0.026078094903817354
0.04473392358527622
0.034971515968284794
0.03211841584062182
0.05320414032648212
0.056563100844445297
0.04735369251832418
0.03997149216041352
0.03446950595679642
0.03539810510307191
0.029563565775977095
0.04448476007567251
0.03316541021505121
0.0334925193438939
0.06944393798943782
0.05064518626943061
0.044122068390495366
0.051173427696524255
0.05429673057738483
0.03535237027867292
0.03449083731833713
0.05727090617680582
0.05200914899048332
0.04974804592399138
0.04829187444805613
0.040357496824733795
0.0308022390577779
0.04325515370960553
0.035991077529854525
0.04398420871307792
0.03926168565476314
0.03290291768333393
0.04982822507399589
0.03462183867698249
0.05407636074615345
0.03646104345562043
0.034131072263409765
0.04931510549888173
0.06247467789454997
0.0472172564425338
0.030276529648557825
0.04023401525839184
0.024477796823516074
0.030094121959279747
0.04868371525140621
0.03239475029143522
0.031306013207688936
0.043973522333331475
0.038362304109959305
0.02124783193907344
0.0646585055675159
0.03672566697318112
0.05890077418608347
0.0589329720587719
0.033360478329304596
0.07212853943332699
0.05856964421305276
0.06561355342238642
0.05958778202975532
0.022479757523899954
0.05104641301349905
0.03245002784952579
0.03961444564448677
0.03372547325222281
0.04079400067412653
0.03677909411621758
0.02298229557483084
0.04447021223558273
0.03594179427908417
0.034566834692616365
0.035736725017830026
0.01988081076220232
0.05177734234733494
0.024291613633155445
0.07085716323767562
0.0328062693151019
0.03244415133926302
0.05047814098448956
0.025245483336133585
0.039088237113825794
0.033555424236382386
0.036839881414906836
0.03492870623601538
0.030525111974241775
0.05730276477477613
0.028258692748957846
0.04624992191571775
0.021136054756978568
0.022909941088640955
0.02335856529890762
0.02269386316949047
0.0334688423952785
0.03643495550378092
0.04200630111810609
0.03425172901556296
0.04134664397656723
0.034925807314299194
0.03008502445154401
0.042925252413352204
0.02354481778173276
0.04046033520776857
0.02533855570829215
0.023476896259940264
0.036195045727480356
0.038259397199054176
0.02242643860370062
0.02544182705321218
0.02137522630744403
0.028587992167156094
0.032865971086283835
0.04863977826505378
0.023409779753674625
0.05094196524385615
0.030607714630283805
0.04403568010830308
0.03479285268186763
0.030978134211677843
0.038485651695691445
0.029298013496491956
0.021573234036676672
0.03264546382641125
0.04922157063921062
0.03478772965969466
0.03343062347175325
0.05888328458935712
0.04031713454058646
0.04717343790402338
0.040355599648912825
0.048767438306312506
0.03742970865549963
0.028215019472771774
0.03883559122129597
0.031197783059778262
0.04555384571554966
0.05939037432357542
0.03618243811699263
0.049394284508787044
0.03668800041396368
0.03335347135130349
0.02858749626071513
0.04324584131354904
0.024657701749600816
0.036091392940528086
0.0472171545147759
0.03201542072555601
0.04828908612195186
0.0639658045852592
0.026192581783511824
0.04083094115669208
0.04282092204343574
0.04149381016793347
0.0526870735820529
0.024091363434042324
0.03549242001836452
0.042310272955021204
0.022580546618729696
0.03846019841095467
0.04506175975649974
0.049568044047047156
0.04977323793577338
0.035215548765976754
0.03175958896538175
0.02658648868211899
0.0413725379977468
0.043524689256691985
0.03875390692562491
0.03641487865175759
0.04706168638104437
0.06068806930987343
0.048112112898520694
0.030669110969616782
0.024904141641279055
0.034278806718765785
0.028610490538262374
0.054013376718179705
0.040249831621801034
0.048017400590243384
0.03708274130768785
0.03613333293525524
0.0462569442627418
0.03196861069688336
0.041004734711710795
0.03986038437506312
0.04289732990233776
0.04595848427324252
0.030636684666153612
0.02706712599261327
0.04319964259111413
0.06318089211937421
0.07187866530369075
0.046884636347955165
0.02908967229640958
0.04471279203613513
0.0369417520504314
0.03994678182594943
0.05171417114020488
0.06133947116814343
0.07044209391109549
0.04759949168888257
0.05100798313864599
0.0350874670383751
0.05788139320662726
0.035756238598242444
0.05578250273224021
0.060001467058144534
0.04684490071568616
0.028107676691608657
0.04412159632923544
0.0657015273372274
0.05832686134706719
0.060191211773779084
0.03136220330589033
0.039357744054449556
0.02430719661380605
0.03464435453086823
0.043215713757266606
0.04122260569515226
0.052298562519121856
0.039348711479431406
0.057293480869641665
0.04671726446898409
0.032787385200904635
0.02445794666588157
0.033343105527230084
0.026502227994390778
0.0305027172933822
0.035300936676666284
0.03245147780629568
0.025373864055581195
0.03223001025732844
0.025741826348916575
0.03439383057700896
0.026552643911043367
0.027872977128394448
0.035057616423717367
0.02121019134461068
0.0452145958644717
0.0447935689175913
0.031590160609159555
0.024970252790959935
0.035581915445599285
0.02739504243928091
0.04026263203765986
0.03187339831760186
0.03476137851391249
0.019272264152287662
0.027662200743975615
0.031365412075511925
0.030378410083844513
0.061480544165265355
0.02562544162221073
0.036421455459659996
0.03823936133831868
0.04288228292825467
0.028344169910504726
0.04031779975845806
0.030418120099722012
0.03625402371547878
0.04238619088291022
0.07371079069901826
0.031628879534414484
0.04154915950728245
0.03921289230087472
0.04217987497982421
0.05307029041752081
0.05431808397474552
0.03674646278555261
0.04200274296852525
0.04018696467313763
0.050356685537399054
0.03902176755110537
0.05612578800755827
0.04210918042707553
0.01892934741200666
0.05194179425895878
0.03863507355810258
0.036560176175724324
0.03712679479163257
0.045480731883803374
0.057803780500673196
0.06816675742709731
0.053538259338906435
0.03418160387364816
0.05268278583598257
0.06889141178716485
0.03764208645343832
0.049410252447805995
0.05525495204290486
0.06388537836073856
0.05040579771613577
0.03476435047834426
0.03196238347070042
0.06442145360765775
0.06948208976175375
0.02756512654504693
0.025497783609561033
0.04032999393305175
0.033079858855125266
0.03783388443165064
0.022726621658310776
0.04180215019684989
0.03966171400885249
0.03756002345330076
0.03689058474245162
0.018639935279453616
0.04452779314247316
0.054125600142682494
0.04618645579907594
0.03560740316009515
0.05083423602612714
0.04550805324121825
0.03899843060021777
0.034021797217078334
0.03239436064305368
0.05205718956762841
0.03809702626505121
0.04263232415480067
0.03935279764336966
0.04924521306939392
0.0409316066046766
0.05108153883009005
0.045114800358363516
0.025138340628659293
0.04871812322303679
0.040908383909964034
0.02819128195815942
0.049249057811089174
0.04224920109468216
0.050161108737148165
0.04372962457922547
0.026492672777371662
0.043712908503095504
0.034086513680266564
0.03387964562486843
0.03141982617888137
0.04363665054836364
0.041247060012339756
0.0292756143937047
0.034121303549990906
0.030908108655604737
0.04046900606405475
0.02547495034778723
0.035350003729372755
0.04803048968493871
0.04752622552951397
0.03485466818518323
0.061809524789782806
0.041139506028593315
0.02517711846121396
0.0323720039242415
0.03225807435691492
0.041370169860748665
0.04338631554707083
0.03925305920621217
0.039846472886819
0.030989614664916412
0.05149320453574436
0.03304555190755632
0.013319871082959709
0.04274624142266782
0.031675821632003484
0.022288417871670962
0.03128440540438038
0.03264082974015254
0.047429534384389634
0.031136945614237743
0.02776232856702604
0.02205736522995941
0.03642836610095077
0.04011014783033187
0.03254881333604957
0.02392576685394873
0.03100836952724412
0.039186466782934186
0.023988500377785167
0.04170668019933973
0.02961449989447732
0.03408713505121839
0.03463355583191677
0.0458121044271052
0.03931459124008538
0.03644197608099074
0.023545231199167016
0.02907223722423543
0.04742377016386999
0.031115475874376165
0.038871479665187836
0.026379703623745764
0.056937971809333014
0.036067704503128566
0.027851097505304834
0.02349394556759964
0.04173114682392522
0.038177032378410754
0.030119481478862734
0.06567275676036702
0.026845276466494084
0.036219650246801405
0.05230782171080368
0.031600331059957104
0.018114367600210613
0.04738700205526404
0.030065297008714624
0.02318619797542394
0.045896427331271965
0.030776050425777524
0.03168039193244187
0.03204138542347426
0.035958402603917264
0.04654205916095723
0.03112094243370408
0.03780399740345783
0.019825668900022856
0.04135877044884194
0.03654833164375661
0.03725340985690312
0.04310612854865447
0.023547732610923675
0.03432029396889129
0.03905020707451499
0.027387021125701055
0.04652175140987
0.031031443659707888
0.027515750905900336
0.03460333416658641
0.024710845531646475
0.03634462755776291
0.022974508929584428
0.018271004232693698
0.02043442723705918
0.025741328206774567
0.027205222828071085
0.02646672977773225
0.02261105345500641
0.03208074279382569
0.040594383509460125
0.02974860112231237
0.03641019102377245
0.04208112374679436
0.026760583781229846
0.03644844764177208
0.03619097576066722
0.031996223510789505
0.0292778025868148
0.014020681625727048
0.025116030512536542
0.029751190699493026
0.029871502326423528
0.03039652023147166
0.037901768398321455
0.042093567197228614
0.032913876657498176
0.02841072200222132
0.04610130914079248
0.026823867581267893
0.013305781676524476
0.0368078134450503
0.034940953899042275
0.02924825462788814
0.034894014408093234
0.03695538004895231
0.02760952834922512
0.03626228525004397
0.021349034956071287
0.04043191961222716
0.02987895907111448
0.037613552750405795
0.028147760104787475
0.031301586122822044
0.038309668575669
0.037354516459414525
0.029424752412552258
0.03333338502649444
0.05179203555001868
0.058071246241264765
0.03580501090191707
0.042912920337369306
0.04646255014826889
0.029259357012971096
0.059048087924673726
0.05543180728055773
0.05850055253846861
0.03583737715448074
0.02833341452531579
0.0322313839508948
0.026689048612659243
0.038856683988729664
0.03417578508128964
0.05179642262475491
0.024986297302499415
0.04760981837772543
0.03743625530899155
0.022546969217366826
0.04011113141869096
0.023840041240176846
0.034897173083535335
0.023723680326252494
0.021630310935987475
0.020876672832507426
0.036706743018994424
0.044795571409025584
0.07196780831327754
0.027768695023953373
0.03454632879836076
0.04391656687766023
0.035113230527288423
0.02147368645316613
0.026365781900979223
0.039583556125688785
0.03724521701255743
0.030572846330980986
0.03247685331295366
0.0322031667584494
0.03868992905143487
0.0671784727370268
0.03776614323041201
0.060229519122728406
0.037210370081806506
0.044101160083607704
0.023823997911746202
0.03161108160186882
0.06939410517697091
0.030529871685139987
0.05008533761012297
0.02228513199921024
0.04087930861287489
0.052735344289764514
0.05043571565864804
0.04198634087489049
0.05593635371384159
0.022132389364910448
0.04227519429121521
0.029003490820550825
0.05309088327281343
0.04845329723575077
0.03648839391162628
0.04330383606754711
0.04681721816165328
0.043785413236030954
0.04630609865974888
0.02530257666053442
0.03015499071648192
0.03556905815628238
0.03905756279874329
0.03621979215584344
0.04318273233133819
0.020278419807492166
0.03174386222586976
0.03543611198869024
0.03114420869282923
0.026961031189814022
0.05296224549505436
0.04051725380982778
0.06115493892631097
0.05689804503351516
0.02637205577037096
0.02433847969551278
0.029124569851973803
0.03253596929614976
0.026885995970641122
0.03842732907547707
0.03117007900816103
0.025058820030330633
0.04308047499415737
0.02773522603717764
0.049839464351388585
0.05290131114420055
0.037431795578091134
0.031276073329126394
0.04244302760265811
0.03561106253118538
0.02929111838616779
0.04148221014818008
0.030826749736430323
0.03800500113307456
0.03208859992963927
0.04360106930844697
0.0384452978123463
0.05127602140962186
0.029351922881005642
0.04253252576135116
0.04792579807786203
0.04158508523597529
0.038722391946553365
0.04698101150389262
0.04884730931461604
0.04284513333449464
0.04741618646253619
0.030409401396854264
0.026189546915229383
0.018066152435978183
0.029611931081491443
0.027555611975300633
0.03146192908997315
0.03229988015554394
0.031895507796945305
0.036340083448755334
0.034745106456401456
0.03577947420575095
0.036657276551695685
0.02299922264583093
0.03367211001942118
0.020426465768159117
0.02815480359769892
0.03140190057057765
0.04067755536164871
0.052248903715963226
0.033542321637186887
0.03954528977781192
0.02216700181701522
0.024357550805083453
0.024446414756451405
0.049421897261082516
0.03590756651793605
0.025816620820208063
0.027589812210125624
0.03351094452246576
0.01898990845630619
0.03236374604906122
0.04370284772977156
0.03799311710883207
0.023502585734154674
0.023772288747622716
0.028432546521505148
0.029513878601374055
0.029316260847864914
0.031994661659599126
0.02000862090669368
0.02555263051518484
0.028937903926165746
0.018158518622276278
0.027826580769338125
0.018400341751053293
0.040439228259698506
0.02331385126244697
0.02163663356953257
0.02262080127031558
0.03222647542440848
0.028656792350374834
0.013451457574883472
0.021635423776760185
0.027054581096984935
0.03607508154529946
0.037412320715507576
0.031198628432392635
0.018435295489299133
0.03324572961883811
0.034533842361113336
0.026371447535376413
0.029674008845452446
0.04355229275158775
0.02823087785785271
0.041498495664859913
0.028536122768738254
0.03466899782676877
0.04725194913939759
0.050581567598978174
0.05686225861072093
0.058179060407036055
0.01995309522354868
0.030727014013919408
0.020006959494691414
0.016503765189933055
0.037883683725504866
0.034326478166166706
0.03583593628262698
0.03965485017723817
0.03502081855210701
0.01891611778861878
0.031475689556674104
0.03730523072410356
0.015825691627540373
0.031610620248124055
0.02220791043772465
0.032986156993839416
0.03778439149387613
0.0413361935818736
0.029229108714126414
0.03534162263624153
0.0346154442710245
0.03465432290003658
0.048818523440134896
0.03553346071068968
0.019238448971930017
0.030285470378751275
0.0430258887960203
0.04334325239103926
0.05731877269183252
0.031864115225612534
0.02887569636065074
0.04561077658395927
0.040073603477694675
0.042229858018705164
0.02987719252949385
0.025316891824761326
0.03142995342210286
0.04393213405627711
0.02709122604790874
0.03819293609066504
0.020886781646667223
0.02622753260941222
0.027020626054460706
0.03160178949214149
0.041056251909301206
0.03509036298080996
0.046232405142713505
0.02400833987128222
0.02849638645707754
0.04052250484367358
0.04430880519761283
0.02971678888482064
0.022683884938186585
0.05515548529347912
0.018524603564509037
0.03179723475201892
0.03351654013886286
0.01814585534556647
0.034795557329764006
0.043165292927947956
0.03514386717924633
0.06896653629116077
0.03900094992913632
0.06693321155159901
0.037950691940332196
0.060796016598458305
0.045011772101168156
0.04789839198646322
0.05321587166889219
0.03658232284424027
0.02622631059494453
0.05780547907525897
0.03715811530170976
0.059635071839433534
0.05315861976316732
0.07365902772295731
0.05707354253778626
0.035286905899143364
0.044249202041058366
0.02394632964258014
0.03818532018024433
0.014281903033170623
0.03424888524544344
0.024214389390516382
0.051301925167528746
0.05964945690898704
0.024976541319339383
0.03786953988029987
0.0385604174979343
0.03043695159362226
0.02501779229945942
0.03272140680472992
0.038623947558606694
0.043332710178069826
0.04447379279355925
0.03595809601751606
0.04169778349946344
0.034014937642343285
0.027913342389885864
0.04633060478945498
0.039238689394896976
0.04674556656084858
0.026351799556935153
0.04297853220286268
0.05126922594383496
0.027579066123098128
0.035480760448445815
0.02024823339670656
0.035752182887902106
0.028367722333225823
0.034814043656080804
0.02276372743258443
0.033877914298256304
0.03559464607437482
0.02180836219842703
0.0366406741554041
0.024794294596853454
0.02767844681737441
0.037826230167438024
0.022071867506448583
0.02768004938240715
0.04269666499417726
0.03512598089417256
0.03767877994362346
0.02702632906794572
0.020460802664281436
0.020945531851818744
0.03237919058421456
0.035640665300503305
0.04822263831248064
0.04168853126268667
0.042979161097996085
0.041959286607853565
0.03653708493407757
0.028576382519291888
0.042834503627332925
0.036170724950496135
0.034610267751636954
0.027554998159237
0.035864535203666136
0.02531718814033919
0.031944998067859616
0.030497756951331563
0.02834449910378459
0.02824369880364666
0.04066878875209466
0.026879016452326637
0.02392279100448866
0.01680693481539353
0.021027822248154946
0.032835470363617406
0.022548991970571277
0.02646243763441977
0.03958500527169349
0.03746692593581703
0.03232132330308426
0.022194052126539552
0.027737089555322867
0.021111804436275805
0.02849846669778925
0.02348902117744562
0.029747336407120538
0.04191324735710406
0.030222328113598644
0.025016300611667854
0.018818164306683434
0.029888676986444224
0.018624018091939497
0.036257501097565994
0.034956991477921785
0.023797088489047553
0.029112656295081647
0.029518571741645405
0.021357506399975638
0.03223956125115022
0.030230361866218153
0.029960416306989545
0.025265565049094028
0.03546906191316592
0.0488737027513263
0.03896582388737883
0.03068857434939782
0.017956805252853026
0.03999289098606564
0.03239114661275345
0.022720361178612473
0.039268394966690504
0.03852223900047877
0.0334852867195429
0.025234881423450872
0.03548452730856795
0.0620345351995362
0.031190398451375216
0.025940305682256158
0.03363017190442405
0.027726001371106944
0.02203209951636221
0.022804094412602505
0.020116771214558505
0.03788245185154993
0.02746619167267274
0.02409271056887447
0.017661547592439382
0.02480542741599107
0.018341348039304213
0.028124748429497103
0.046115416387283135
0.03476336734789305
0.03656452043169719
0.03370010770640563
0.04442743823580769
0.04159160881728428
0.03720869567507033
0.01893603471482636
0.043447619493251814
0.03919516561720342
0.0361137751866545
0.0394262339800544
0.05563351164466929
0.06777109650788897
0.024808559106553007
0.028125509539715418
0.023185458608552256
0.04000541639391789
0.017996304373830662
0.03708217560483203
0.03219162379602803
0.044460040047215404
0.03225224198979233
0.03262822993830139
0.031711004971500076
0.04366629964274506
0.032593508836202725
0.03171997177209057
0.03213562687073334
0.036736660862413714
0.032945278145906046
0.045738092201990425
0.019537876545031405
0.03555181252132038
0.028239703289675122
0.023716698629634145
0.018457109431207125
0.02332804973750601
0.02329006571242107
0.032060415165746044
0.026782652530239648
0.032062293053913
0.03799716985039806
0.03392431016575312
0.031457213417593215
0.03213420263865627
0.028527371292760242
0.014354684618386297
0.02302642804875401
0.02345449251875865
0.017553915338022003
0.023459772580166374
0.029877946859891466
0.04568870973349006
0.056120099410104485
0.03402457119729794
0.03610732655902401
0.0418976520745495
0.04485858000582377
0.040891762852524195
0.044218956989609134
0.046971162705404745
0.032000016871145565
0.03801192950595411
0.04166063696392561
0.026494071724737757
0.03809535890777904
0.033868213369064835
0.02977618140206843
0.03519425496484645
0.039718722092043704
0.02961691007157072
0.03509738761219451
0.03141179856488045
0.03143705825216635
0.030812922787705626
0.03023106620909845
0.04060528010239062
0.05571950583054374
0.040439712025680884
0.058696932574353926
0.03533055342405492
0.024645130404740583
0.026325542350776006
0.04090491210551618
0.04280809010268973
0.024550712245834754
0.0398292008260272
0.03874305581246139
0.053591447125450914
0.0424574333515346
0.017583942867792135
0.027711665215212188
0.033622522302766036
0.03707888801680141
0.026588245251530935
0.026134163126706966
0.023510341700810955
0.0376930095534968
0.03733402786705142
0.025253850628281536
0.030993676073605033
0.03337385998712166
0.04650539259655807
0.043805584664261495
0.04212391960774777
0.03170962019114493
0.02994664495920199
0.046470147250681305
0.03461759067475661
0.019672606207617706
0.034073035646387625
0.028006782137323483
0.052326067567280095
0.032782299353292604
0.03515874032947648
0.02471472058699696
0.030057724993308003
0.03324470891924009
0.0367654178729823
0.029905790778896164
0.031545160498702346
0.03818378967981701
0.02659445080170763
0.030894809814918798
0.022409250007282493
0.02535813085251617
0.04142121085600683
0.02245423867434489
0.015324344778452655
0.02339336386937551
0.0385854728233308
0.034026940435117
0.034368500672136114
0.037504577576912564
0.03448478877244283
0.03957553643745725
0.02431448178717538
0.028051707581694434
0.021241683530501966
0.02871046006166572
0.03106909613188801
0.034851102383712335
0.023549716171915463
0.023012570581701176
0.024584160609809075
0.026088078260641114
0.034798883902792
0.024886504424687685
0.020635068761159406
0.035118081408869704
0.03457544001223984
0.038078708073979194
0.03562576130024768
0.04074589965123963
0.0360046892173783
0.03365839948962406
0.014294542816520373
0.01962780141989643
0.01998248512264341
0.022453600048123926
0.03156714115484644
0.042113058034296234
0.03626884305605848
0.03129822255935629
0.04405514570430766
0.04121990605249363
0.04071847008422597
0.025149281725992383
0.023191378580681616
0.026192542287834568
0.030454687970619215
0.018522568951297086
0.028509193996191822
0.03137876539600906
0.026325583074686545
0.03476317232169878
0.02669069422393546
0.024278168105430764
0.03193360885712734
0.030342313075197327
0.01650373763555799
0.026287427774508525
0.0263767089043535
0.028272066399048765
0.02243422155141061
0.029024314010153603
0.028836469057438793
0.031039500709026047
0.028861931251390624
0.031096429827497614
0.033539254315634454
0.039581477071202444
0.028441119664459856
0.03687418388249422
0.0216311008128343
0.03159594651392972
0.03133095575664747
0.03572287594630369
0.022633909447748762
0.049399054517773995
0.030983609168800864
0.04604385929437283
0.04040256330427026
0.04851161387750349
0.02456138473376448
0.031439343937970404
0.04590648373813879
0.026134575295743524
0.04217028253773621
0.04280604042947674
0.044784402200766286
0.04064610393844657
0.047751146193704075
0.03394791315843278
0.03325852495058813
0.03659443861815316
0.028665948752638257
0.03954030249315249
0.03773544975218927
0.023363697065223978
0.03621220070470088
0.04136469741487893
0.02375949613049491
0.025690410067658404
0.032639712713196475
0.023037190665916155
0.026959041538353504
0.031970064923647276
0.030013501778366355
0.028101654518313885
0.044257400366944304
0.022101724731593005
0.0283272418921257
0.047153727546775694
0.02979444992069281
0.03500609372031615
0.03058550390996797
0.026433466857081766
0.05074721700451293
0.02297917484496679
0.014859843983777946
0.026671841357421937
0.029989179902184
0.028513414549899863
0.02637957662925786
0.026613262846203464
0.03373916540391154
0.03158589434977266
0.018120065639444474
0.031860008526560374
0.03234617884202091
0.03217404215298754
0.023515101382468585
0.032097527777765776
0.0359054263639217
0.014418578929053119
0.02005495288506606
0.023001258221622967
0.020713106006047942
0.027097319572623815
0.01787907849189351
0.01859597825005897
0.023786882586463956
0.02065099641774105
0.02852328337857418
0.022637571981602243
0.05129917647548057
0.030443298016394397
0.03130725408926815
0.03234862383547232
0.03180249800868073
0.031174578017352496
0.037125331548736415
0.030518390479712762
0.03411854546976616
0.059244325805788325
0.052727781759367834
0.022225831005586377
0.026067333507428472
0.024567942166096587
0.0181503502052532
0.026471561455172928
0.03114809024108324
0.022581116252794492
0.023081510707827532
0.035392498108709494
0.018025488940818145
0.0282785697669189
0.030301050744524043
0.026313395462725472
0.03482775142038317
0.02221203228732878
0.024444536872047572
0.05041464144908704
0.039354655295713664
0.036371435074450925
0.04440540733018902
0.030978547885772607
0.028803630275756883
0.04833511446267613
0.03881836375834247
0.02853125957612104
0.03837567519520014
0.02509580631411459
0.042375892688974716
0.030477208185425663
0.02071711307912701
0.040904906638581984
0.02365428289384871
0.022318102644390662
0.027383537802036402
0.024743652784322546
0.02534086890208603
0.026927555848433194
0.024272011586523
0.03648985155396091
0.023886970760278455
0.031223752625204996
0.01984734872022502
0.03632971831366166
0.03711587303971168
0.02397248382115542
0.023239808251264787
0.034306890389865126
0.01934284222766763
0.025482432390875682
0.035720200518229175
0.027932880469678213
0.03265059358487134
0.022450300906174343
0.020277269393646154
0.02517918767995151
0.031552595663607685
0.032589898220154054
0.027815682165521903
0.029967048156637324
0.01803370894248387
0.032889663409986836
0.030711723091064444
0.028426494935769587
0.04759845294990678
0.029507740778988836
0.03538938423630739
0.049308566415583364
0.030424520659740894
0.03463003385550372
0.0625976134014908
0.0
0.019191356630329708
0.049925780412918654
0.05725541077144061
0.0
0.0
0.07159286695592067
0.03395035674333926
0.054952493317472595
0.0
0.0
0.0
0.066500280233922
0.07135906306436215
0.011131328899215117
0.0
0.039369593011683766
0.019570478839313055
0.0316642989342887
0.027428487363733725
0.0
0.032016317003990304
0.04043455336713882
0.0
0.01939187908635988
0.02305746771655556
0.07310330949511724
0.02574953583120479
0.044854842352874416
0.04802929253927941
0.019880611563090823
0.024356571026932353
0.06089828725358623
0.0
0.052209824881640846
0.015512085379551718
0.011398378510669868
0.0
0.04099448807712101
0.030607888547113132
0.04536283279906083
0.027560308915177294
0.0
0.041385570074470204
0.06483848117180621
0.0
0.054922382327386575
0.052054142353812866
0.07276833782907405
0.06992789031809012
0.05998853385465637
0.041529692111066815
0.04316500211705586
